0 0 0.0
13879.499963 0 0.0
13879.5 0 2.0533880903500002e-19
37620.749963 0 6.69361413275e-07
54787.499963 0 8.26974985425e-05
70493.249963 0 0.000441278338125
87659.999963 0 0.0011561924846
99713.24996 0 0.0018071505818
111401.24996 0 0.002543042779
121993.49996 0 0.00331170397
132585.74996 0 0.00420286543475
150482.99996 0 0.006077622861
167284.49996 0 0.00836380219025
180433.49996 0 0.01054635455175
194678.24996 0 0.0132939370295
208922.99996 0 0.0164056351815
222802.49996 0 0.019737451061
238508.24996 0 0.02379136208075
253848.74996 0 0.0279630595475
278320.49996 0 0.03493138946
302427 0 0.0418361190975
318498 0 0.046071560575
331647 0 0.0492775770025
344430.75 0 0.0521194113625
357579.75 0 0.0547069062275
370728.75 0 0.0569238877475
381686.25 0 0.0584560848725
384242.99996 0 0.0584560848725
