0 0 6.756997841500001e-14
61361.999963 0 6.7903407735e-07
75971.999963 0 2.83682670725e-06
90581.999963 0 1.11668051395e-05
100078.49996 0 2.43482199605e-05
104826.74996 0 3.47224467675e-05
109574.99996 0 4.84404382825e-05
113592.74996 0 6.3168746425e-05
117245.24996 0 7.94303264075e-05
121262.99996 0 0.0001008858647575
124915.49996 0 0.0001239917238275
128567.99996 0 0.0001508486229425
132220.49996 0 0.0001817406280875
135872.99996 0 0.00021691689594
139525.49996 0 0.00025655608005
143177.99996 0 0.0003008087696
146465.24996 0 0.000344609691575
150117.74996 0 0.0003976650043
153404.99996 0 0.0004492623398
157057.49996 0 0.00051067535305
160344.74996 0 0.000569329846
166919.24996 0 0.000694921237825
173128.49996 0 0.0008209917771
174224.24996 0 0.000843717056175
174589.49996 0 0.00085131496575
174954.74996 0 0.0008589197203
176415.74996 0 0.000889400343125
179337.74996 0 0.00095056009275
185546.99996 0 0.0010790400592
191391 0 0.001201838705875
197965.5 0 0.001320054757025
203809.5 0 0.00141074606435
210018.75 0 0.001488432580425
216228 0 0.001544421629025
223167.75 0 0.001580971937025
229742.25 0 0.001592265571525
233394.75 0 0.00158952772075
237047.24996 0 0.00158186173855
239238.74996 0 0.00157392197125
241064.99996 0 0.00156557152635
244717.49996 0 0.00154435318275
248369.99996 0 0.00151635865845
251657.24996 0 0.0014853524983
255309.74996 0 0.00144414784395
258962.24996 0 0.00139582477755
261884.24996 0 0.001352224503775
264806.24996 0 0.001304517163275
268093.49996 0 0.00124633479425
271380.74996 0 0.001184113884325
280877.25 0 0.000981776139825
290373.75 0 0.00078306623715
301331.25 0 0.0005740888576
312288.75 0 0.00040221129455
322881 0 0.000275236830375
334934.25 0 0.0001729043107575
348448.5 0 9.98683251775e-05
363058.5 0 5.482832657e-05
381686.25 0 2.74483882075e-05
384242.99996 0 2.74469541425e-05
