0 0 70.05523614
365.2499635 0 70.05523614
365.25 0 70.409103355
730.4999635 0 70.409103355
730.5 0 70.743942505
1095.7499635 0 70.743942505
1095.75 0 71.0195071875
2191.4999635 0 71.1704312125
2191.5 0 70.538342485
2556.7499635 0 70.538342485
2556.75 0 70.148511365
2921.9999635 0 70.148511365
2922 0 69.603564195
3287.2499635 0 69.603564195
3287.25 0 68.9484029925
3652.4999635 0 68.9484029925
3652.5 0 68.2272494375
4017.7499635 0 68.2272494375
4017.75 0 67.4795628725
4382.9999635 0 67.4795628725
4383 0 66.735277975
4748.2499635 0 66.735277975
4748.25 0 66.018886755
5113.4999635 0 66.018886755
5113.5 0 65.341274545
5478.7499635 0 65.341274545
5478.75 0 64.7140070175
5843.9999635 0 64.7140070175
5844 0 64.14048584
6209.2499635 0 64.14048584
6209.25 0 63.6200306775
6574.4999635 0 63.6200306775
6574.5 0 63.1540022
6939.7499635 0 63.1540022
6939.75 0 62.73695774
7304.9999635 0 62.73695774
7305 0 62.3682169575
7670.2499635 0 62.3682169575
7670.25 0 62.0416568575
8035.499963 0 62.0416568575
8035.5 0 61.7538757675
8400.749963 0 61.7538757675
8400.75 0 61.500111355
8765.999963 0 61.500111355
8766 0 61.27628162
9131.249963 0 61.27628162
9131.25 0 61.07830456
9496.499963 0 61.07830456
9496.5 0 60.9014178375
9861.749963 0 60.9014178375
9861.75 0 60.7422197875
10226.999963 0 60.7422197875
10227 0 60.5959480775
11687.999963 0 60.182985615
11688 0 59.977524885
12053.249963 0 59.977524885
12053.25 0 59.624431775
12418.499963 0 59.624431775
12418.5 0 59.0209759225
12783.749963 0 59.0209759225
12783.75 0 58.09300097
13148.999963 0 58.09300097
13149 0 56.8228182425
13514.249963 0 56.8228182425
13514.25 0 55.2464854225
13879.499963 0 55.2464854225
13879.5 0 53.4313555275
14244.749963 0 53.4313555275
14244.75 0 51.4549865825
14609.999963 0 51.4549865825
14610 0 49.3894939425
14975.249963 0 49.689253935
14975.25 0 47.5817932925
15340.499963 0 47.5817932925
15340.5 0 45.49007529
15705.749963 0 45.49007529
15705.75 0 43.4462696775
16070.999963 0 43.4462696775
16071 0 41.473648185
16436.249963 0 41.473648185
16436.25 0 39.5845311425
16801.499963 0 39.5845311425
16801.5 0 37.627140865
17166.749963 0 37.627140865
17166.75 0 36.0764867875
17531.999963 0 36.0764867875
17532 0 34.267624915
17897.249963 0 34.267624915
17897.25 0 32.6432955225
18262.499963 0 32.6432955225
18262.5 0 30.6746972025
18627.749963 0 30.6746972025
18627.75 0 30.28228106
18992.999963 0 30.28228106
18993 0 28.536618755
19358.249963 0 28.536618755
19358.25 0 27.3778234075
19723.499963 0 27.3778234075
19723.5 0 26.28678987
20088.749963 0 26.28678987
20088.75 0 25.2566735125
20453.999963 0 25.2566735125
20454 0 23.8195924905
20819.249963 0 23.8195924905
20819.25 0 23.1324324045
21184.499963 0 23.1324324045
21184.5 0 22.3773131965
21549.749963 0 22.3773131965
21549.75 0 21.613557974
21914.999963 0 21.613557974
21915 0 20.86827538975
22280.249963 0 20.86827538975
22280.25 0 20.1512787915
22645.499963 0 20.1512787915
22645.5 0 19.467536047
23010.749963 0 19.467536047
23010.75 0 18.8164717275
23375.999963 0 18.8164717275
23376 0 18.19781583425
24106.499963 0 18.12040786975
24106.5 0 17.0260095825
24471.749963 0 17.0260095825
24471.75 0 16.49623545525
24836.999963 0 16.49623545525
24837 0 15.99247091025
25202.249963 0 15.99247091025
25202.25 0 15.5112936345
25567.499963 0 15.5112936345
25567.5 0 15.054072553
25932.749963 0 15.054072553
25932.75 0 14.6173853525
26297.999963 0 14.6173853525
26298 0 14.20123203275
26663.249963 0 14.20123203275
26663.25 0 13.80287474325
27028.499963 0 13.80287474325
27028.5 0 13.4229979465
27393.749963 0 13.4229979465
27393.75 0 13.0595482545
27758.999963 0 13.0595482545
27759 0 12.711156742
28124.249963 0 12.711156742
28124.25 0 12.37850787125
28489.499963 0 12.37850787125
28489.5 0 12.0595482545
28854.749963 0 12.0595482545
28854.75 0 11.75359342925
29219.999963 0 11.75359342925
29220 0 11.460643395
29585.249963 0 11.460643395
29585.25 0 11.17796030125
29950.499963 0 11.17796030125
29950.5 0 10.90828199875
30315.749963 0 10.90828199875
30315.75 0 10.64818617375
30680.999963 0 10.64818617375
30681 0 10.39904175225
31046.249963 0 10.39904175225
31046.25 0 10.158110883
31411.499963 0 10.158110883
31411.5 0 9.9267624915
31776.749963 0 9.9267624915
31776.75 0 9.704312115
32141.999963 0 9.704312115
32142 0 9.48939082825
32507.249963 0 9.48939082825
32507.25 0 9.2833675565
32872.499963 0 9.2833675565
32872.5 0 9.083504449
33237.749963 0 9.083504449
33237.75 0 8.89117043125
33602.999963 0 8.89117043125
33603 0 8.7056810405
33968.249963 0 8.7056810405
33968.25 0 8.52635181375
34333.499963 0 8.52635181375
34333.5 0 8.3531827515
34698.749963 0 8.3531827515
34698.75 0 8.18548939075
35063.999963 0 8.18548939075
35064 0 8.0239561945
35429.249963 0 8.0239561945
35429.25 0 7.86721423675
35794.499963 0 7.86721423675
35794.5 0 7.71594798075
36159.749963 0 7.71594798075
36159.75 0 7.56947296375
39447 0 6.43737166325
46752 0 4.7481177275
56979 0 3.39904175225
70858.5 0 2.41273100615
88755.75 0 1.7440109514
113958 0 1.26488706365
160344.75 0 0.875427789175
222437.24996 0 0.69404517455
235951.49996 0 0.9342915811
258962.25 0 1.960301163575
272111.24996 0 2.1040383299
337856.25 0 0.744358188225
381686.25 0 0.2332960865675
384242.99996 0 0.2334017796025
