0 0 4206.08400475
365.2499635 0 4206.08400475
365.25 0 5882.82561
730.4999635 0 5882.82561
730.5 0 7891.246596
1095.7499635 0 7891.246596
1095.75 0 9610.349942
1460.9999635 0 9610.349942
1461 0 10795.04623925
1826.2499635 0 10795.04623925
1826.25 0 11626.9751815
2191.4999635 0 11626.9751815
2191.5 0 12399.7285585
2556.7499635 0 12399.7285585
2556.75 0 13316.17410725
2921.9999635 0 13316.17410725
2922 0 14479.68255025
3287.2499635 0 14479.68255025
3287.25 0 15927.18403125
3652.4999635 0 15927.18403125
3652.5 0 17663.05376575
4017.7499635 0 17663.05376575
4017.75 0 19676.83743425
4382.9999635 0 19676.83743425
4383 0 21950.10126025
4748.2499635 0 21950.10126025
4748.25 0 24452.608241
5113.4999635 0 24452.608241
5113.5 0 27166.39422
5478.7499635 0 27166.39422
5478.75 0 31353.6365025
5843.9999635 0 31353.6365025
5844 0 35566.2562225
6209.2499635 0 35566.2562225
6209.25 0 38792.0999725
6939.7499635 0 38792.0999725
6939.75 0 45422.26155
7304.9999635 0 45422.26155
7305 0 49688.36122
8035.499963 0 49688.36122
8035.5 0 55311.3723925
9131.249963 0 55311.3723925
9131.25 0 58388.7048075
9496.499963 0 58388.7048075
9496.5 0 61439.647225
10226.999963 0 61439.647225
10227 0 62100.2631925
10957.499963 0 62100.2631925
10957.5 0 61036.538355
12053.249963 0 61036.538355
12053.25 0 57487.9318025
12783.749963 0 57487.9318025
12783.75 0 53082.8233375
13879.499963 0 53082.8233375
13879.5 0 46255.60502
14609.999963 0 46254.9530125
14610 0 40590.4306075
15705.749963 0 40590.4306075
15705.75 0 33448.753205
16436.249963 0 33448.753205
16436.25 0 28446.6905975
17531.999963 0 28446.6905975
17532 0 22725.67808375
18262.499963 0 22725.67808375
18262.5 0 19040.15158325
19358.249963 0 19040.15158325
19358.25 0 15018.9371065
20088.749963 0 15018.9371065
20088.75 0 14967.49505125
20453.999963 0 14967.49505125
20454 0 11535.4077845
21184.499963 0 11535.4077845
21184.5 0 9722.5795685
22280.249963 0 9722.5795685
22280.25 0 7615.25345575
23010.749963 0 7615.25345575
23010.75 0 6453.846575
24106.499963 0 6453.846575
24106.5 0 5106.522941
24836.999963 0 5106.522941
24837 0 4363.8392825
25932.749963 0 4363.8392825
25932.75 0 3500.516058
26663.249963 0 3500.516058
26663.25 0 3021.4403365
27758.999963 0 3021.4403365
27759 0 2461.859553175
28489.499963 0 2461.859553175
28489.5 0 2148.048194375
29585.249963 0 2148.048194375
29585.25 0 1777.819478
30315.749963 0 1777.819478
30315.75 0 1568.3854546
31411.499963 0 1568.3854546
31411.5 0 1318.123339975
32141.999963 0 1318.123339975
32142 0 1174.468348425
33237.749963 0 1174.468348425
33237.75 0 1001.8921397
33968.249963 0 1001.8921397
33968.25 0 900.5515771
35063.999963 0 900.5515771
35064 0 778.44020865
35794.499963 0 778.44020865
35794.5 0 705.910703025
36890.249963 0 705.910703025
36890.25 0 616.4627977
37620.749963 0 616.4627977
37620.75 0 563.3603517
38716.499963 0 563.3603517
38716.5 0 497.6125476
40542.749963 0 457.6924598
40542.75 0 407.50162255
42368.999963 0 377.331254225
42369 0 338.438309525
44560.499963 0 284.65288295
46386.75 0 242.4289916
48578.249963 0 208.23085703
50404.5 0 170.56160091
52230.75 0 149.535889345
53326.499963 0 149.535889345
54057 0 132.169310715
55152.749963 0 132.169310715
55883.25 0 117.617680485
56978.999963 0 117.617680485
57709.5 0 105.27925032
58805.249963 0 105.27925032
59535.75 0 94.597631155
60631.499963 0 94.597631155
61362 0 85.6997457
62457.749963 0 85.6997457
63188.25 0 78.221774515
64283.999963 0 78.221774515
65014.5 0 71.292590345
67205.999963 0 65.2493966825
69032.25 0 60.593124735
71223.749963 0 56.3106434275
73050 0 51.855350435
77067.75 0 43.59752485
81085.5 0 38.7793110675
85103.25 0 33.742755905
89121 0 30.1526527725
97156.499963 0 24.6742469645
105191.99996 0 19.433146365
113227.49996 0 16.007591405
128933.25 0 10.17650920925
142447.5 0 7.7906424045
155961.74996 0 5.36853367975
182624.99996 0 3.1452746675
209288.24996 0 1.989420240625
235951.49996 0 0.0
254213.99996 0 4.42041178025
272476.49996 0 3.50263305625
309001.49996 0 2.291638886975
381686.25 0 0.9286951423
384242.99996 0 0.928695134275
