0 0 0.001223709787825
365.2499635 0 0.001223709787825
365.25 0 0.00106328542095
730.4999635 0 0.00106328542095
730.5 0 0.000917871321025
1095.7499635 0 0.000917871321025
1095.75 0 0.000787926078025
1460.9999635 0 0.000787926078025
1461 0 0.00067328542095
1826.2499635 0 0.00067328542095
1826.25 0 0.0005732511978
2191.4999635 0 0.0005732511978
2191.5 0 0.000486830937725
2556.7499635 0 0.000486830937725
2556.75 0 0.0004127926078
2921.9999635 0 0.0004127926078
2922 0 0.000349842573575
3287.2499635 0 0.000349842573575
3287.25 0 0.000296666666675
3652.4999635 0 0.000296666666675
3652.5 0 0.000251998631075
4017.7499635 0 0.000251998631075
4017.75 0 0.0002146338124575
4382.9999635 0 0.0002146338124575
4383 0 0.0001835044490075
4748.2499635 0 0.0001835044490075
4748.25 0 0.000157638603695
5113.4999635 0 0.000157638603695
5113.5 0 0.0001362012320325
5478.7499635 0 0.0001362012320325
5478.75 0 0.000118432580425
5843.9999635 0 0.000118432580425
5844 0 0.000103737166325
6209.2499635 0 0.000103737166325
6209.25 0 9.15742642025e-05
6574.4999635 0 9.15742642025e-05
6574.5 0 8.14852840525e-05
6939.7499635 0 8.14852840525e-05
6939.75 0 7.3127994525e-05
7304.9999635 0 7.3127994525e-05
7305 0 6.61670088975e-05
7670.2499635 0 6.61670088975e-05
7670.25 0 6.03696098575e-05
8035.499963 0 6.03696098575e-05
8035.5 0 5.5516769335e-05
8400.749963 0 5.5516769335e-05
8400.75 0 5.144421629e-05
8765.999963 0 5.144421629e-05
8766 0 4.80219028075e-05
9131.249963 0 4.80219028075e-05
9131.25 0 4.5112936345e-05
9496.499963 0 4.5112936345e-05
9496.5 0 4.26488706375e-05
9861.749963 0 4.26488706375e-05
9861.75 0 4.05475701575e-05
10226.999963 0 4.05475701575e-05
10227 0 3.8747433265e-05
10592.249963 0 3.8747433265e-05
10592.25 0 3.71937029425e-05
10957.499963 0 3.71937029425e-05
10957.5 0 3.58521560575e-05
13149 0 3.06707734425e-05
17166.749963 0 2.6787944715e-05
20819.249963 0 2.199178644775e-05
28124.25 0 1.440793976725e-05
34698.749963 0 1.089664613275e-05
36524.999963 0 1.016427104725e-05
36890.249963 0 1.0020533881e-05
37255.499963 0 9.8973305955e-06
37985.999963 0 9.63723477075e-06
39447 0 9.0349075975e-06
40908 0 8.59000684475e-06
46021.5 0 7.234770705e-06
51135 0 6.13278576325e-06
56248.5 0 5.25667351125e-06
61362 0 4.5653661875e-06
73780.5 0 3.47022587275e-06
79989.75 0 3.1074606435e-06
86199 0 2.81314168375e-06
92408.25 0 2.553045859e-06
98617.5 0 2.32717316905e-06
111036 0 1.916495551e-06
123454.5 0 1.546885694725e-06
135873 0 1.22518822725e-06
148291.5 0 9.377138946e-07
160710 0 6.98151950725e-07
161805.75 0 6.84462696775e-07
192486.75 0 2.8747433265e-07
223167.75 0 9.582477755e-08
284529.75 0 0.0
340047.74996 0 6.84462696775e-09
384242.99996 0 0.0
