0 0 89.2758475725
1460.9999635 0 84.8411662025
1461 0 83.758087485
1826.2499635 0 83.758087485
1826.25 0 82.3977678625
2191.4999635 0 82.3977678625
2191.5 0 80.837180855
2556.7499635 0 80.837180855
2556.75 0 79.1607929775
2921.9999635 0 79.1607929775
2922 0 77.4374035725
3287.2499635 0 77.4374035725
3287.25 0 75.7201448
3652.4999635 0 75.7201448
3652.5 0 74.0451192875
4017.7499635 0 74.0451192875
4017.75 0 72.4341248425
4382.9999635 0 72.4341248425
4383 0 70.9021474625
4748.2499635 0 70.9021474625
4748.25 0 69.453274235
5113.4999635 0 69.453274235
5113.5 0 68.0909110675
5478.7499635 0 68.0909110675
5478.75 0 66.81028969
5843.9999635 0 66.81028969
5844 0 65.607323015
6209.2499635 0 65.607323015
6209.25 0 64.4765615875
6574.4999635 0 64.4765615875
6574.5 0 63.409150045
6939.7499635 0 63.409150045
6939.75 0 62.39963894
7304.9999635 0 62.39963894
7305 0 61.4412164525
7670.2499635 0 61.4412164525
7670.25 0 60.5257084025
8035.499963 0 60.5257084025
8035.5 0 59.648346525
8400.749963 0 59.648346525
8400.75 0 58.805043725
8765.999963 0 58.805043725
8766 0 57.9889881875
9131.249963 0 57.9889881875
9131.25 0 57.1994987325
9496.499963 0 57.1994987325
9496.5 0 56.430444725
9861.749963 0 56.430444725
9861.75 0 55.6804638025
10226.999963 0 55.6804638025
10227 0 54.9475124175
10592.249963 0 54.9475124175
10592.25 0 54.22954703
10957.499963 0 54.22954703
10957.5 0 53.52452409
11322.749963 0 53.52452409
11322.75 0 52.83176242
11687.999963 0 52.83176242
11688 0 52.149899655
13879.499963 0 48.7760072725
13879.5 0 48.03011344
14244.749963 0 48.26146475
14244.75 0 47.44900753
14609.999963 0 47.44900753
14610 0 46.564681725
14975.249963 0 46.564681725
14975.25 0 45.60643395
15340.499963 0 45.60643395
15340.5 0 44.582477755
15705.749963 0 44.582477755
15705.75 0 43.5058179325
16070.999963 0 43.5058179325
16071 0 42.3887748125
16436.249963 0 42.3887748125
16436.25 0 41.2491444225
16801.499963 0 41.2491444225
16801.5 0 39.99411799
17166.749963 0 39.99411799
17166.75 0 38.719574775
17897.249963 0 37.78254269
17897.25 0 36.450376455
18262.499963 0 36.450376455
18262.5 0 35.14310002
18992.999963 0 34.1379794475
18993 0 32.99863397
19358.249963 0 32.99863397
19358.25 0 32.1391777325
19723.499963 0 32.1391777325
19723.5 0 30.9904175225
20453.999963 0 30.0403833
20454 0 29.120465435
20819.249963 0 29.120465435
20819.25 0 28.229979465
21184.499963 0 28.229979465
21184.5 0 27.3675564675
21549.749963 0 27.3675564675
21549.75 0 26.534565365
21914.999963 0 26.534565365
21915 0 25.72826831
22280.249963 0 25.72826831
22280.25 0 24.95071868575
22645.499963 0 24.95071868575
22645.5 0 24.198494182
23010.749963 0 24.198494182
23010.75 0 23.47227926075
23375.999963 0 23.47227926075
23376 0 22.772073922
23741.249963 0 22.772073922
23741.25 0 22.0958247775
25932.749963 0 19.0574948665
27759 0 16.08076659825
32142 0 11.846680356
37255.5 0 8.88090349075
43464.75 0 6.869267625
54422.249963 0 5.3011635865
65014.5 0 4.67351129375
70127.999963 0 4.523613963
74876.249963 0 4.4052019165
77432.999963 0 4.349760438
78163.499963 0 4.33470225875
78528.749963 0 4.32648870625
79624.499963 0 4.30390143725
84372.749963 0 4.212183436
103365.74996 0 3.85489390825
141351.75 0 2.95071868575
160709.99996 0 2.343600273775
179702.99996 0 1.66940451745
217689 0 0.547570157425
248369.99996 0 0.1485284052025
278685.74996 0 0.0294318959625
339317.25 0 0.0
378398.99996 0 0.000684462696775
378399 0 0.0
384242.99996 0 0.0
