0 0 2.160312117975e-05
365.2499635 0 2.160312117975e-05
365.25 0 1.6297170193e-05
730.4999635 0 1.6297170193e-05
730.5 0 1.23056397425e-05
1095.7499635 0 1.23056397425e-05
1095.75 0 9.30266169e-06
1460.9999635 0 9.30266169e-06
1461 0 7.0417012425e-06
1826.2499635 0 7.0417012425e-06
1826.25 0 5.3375305645e-06
2191.4999635 0 5.3375305645e-06
2191.5 0 4.0511601125e-06
2556.7499635 0 4.0511601125e-06
2556.75 0 3.0784167635e-06
2921.9999635 0 3.0784167635e-06
2922 0 2.3417558338e-06
3287.2499635 0 2.3417558338e-06
3287.25 0 1.782967575775e-06
3652.4999635 0 1.782967575775e-06
3652.5 0 1.358360744875e-06
4017.7499635 0 1.358360744875e-06
4017.75 0 1.035459907725e-06
4382.9999635 0 1.035459907725e-06
4383 0 7.8949624705e-07
5478.75 0 3.503830299e-07
11322.75 0 1.3551912078e-08
71954.25 0 2.78412954375e-08
87294.749963 0 5.3729165825e-08
94964.999963 0 7.26620448825e-08
102270 0 9.61093380775e-08
109940.25 0 1.2460911459e-07
117610.49996 0 1.56975833255e-07
125280.74996 0 1.9700762943e-07
132585.74996 0 2.41436180115e-07
140986.49996 0 3.0083709045e-07
149021.99996 0 3.66657675225e-07
157057.49996 0 4.41904791575e-07
165092.99996 0 5.27142655275e-07
169475.99996 0 5.7783262475e-07
173493.74996 0 6.27043248025e-07
181529.24996 0 7.33136452775e-07
189564.74996 0 8.49075910575e-07
197600.24996 0 9.7416667275e-07
206000.99996 0 1.114463737725e-06
214401.74996 0 1.27622852425e-06
218784.74996 0 1.382466223275e-06
222802.49996 0 1.501020339475e-06
227185.49996 0 1.6583814908e-06
231203.24996 0 1.829848036125e-06
236681.99996 0 2.102598190875e-06
241795.49996 0 2.388696864775e-06
246908.99996 0 2.693235761e-06
252022.49996 0 3.00692596175e-06
257501.24996 0 3.34882695025e-06
262614.74996 0 3.67689777225e-06
267728.24996 0 4.02334000975e-06
272841.74996 0 4.40322235175e-06
278320.49996 0 4.8695260345e-06
283433.99996 0 5.384132091e-06
288912.74996 0 6.04880577775e-06
294026.24996 0 6.8008641005e-06
298409.24996 0 7.56324344325e-06
302792.24996 0 8.44328241375e-06
307175.24996 0 9.443733284e-06
311192.99996 0 1.04634500585e-05
314845.49996 0 1.146871740475e-05
318497.99996 0 1.246885694725e-05
320324.24996 0 1.301642710475e-05
321419.99996 0 1.3349760438e-05
321785.24996 0 1.346132785775e-05
322150.49996 0 1.357357974e-05
325437.75 0 1.470020533875e-05
329090.25 0 1.58247775495e-05
332742.74996 0 1.68117727585e-05
339682.5 0 1.880219028075e-05
351735.75 0 2.095071868575e-05
359405.99996 0 2.1277891855e-05
366345.74996 0 2.082888432575e-05
373650.74996 0 1.96402745775e-05
381686.25 0 1.748422502775e-05
384242.99996 0 1.745653661875e-05
