0 0 1.38982780595
365.2499635 0 1.6397243048
1095.7499635 0 1.6773040591
1460.9999635 0 1.687586133925
1826.2499635 0 1.69228292225
2191.4999635 0 1.692266805475
2556.7499635 0 1.69215603475
2921.9999635 0 1.6824904896
3652.4999635 0 1.650171897975
4748.2499635 0 1.5787810635
5844 0 1.458342094325
6574.4999635 0 1.426236486625
6939.75 0 1.361695489675
7670.25 0 1.298123226025
8400.749963 0 1.2671100197
9496.499963 0 1.178515581175
10592.25 0 1.072841206675
11688 0 1.003635174925
12783.749963 0 0.9621926272
13514.25 0 0.90671375235
14609.999963 0 0.87389361795
15340.5 0 0.8303830651
16436.249963 0 0.804873088325
17166.75 0 0.769243475625
18262.499963 0 0.749840792675
18993 0 0.723252155425
20819.249963 0 0.693022324325
22280.25 0 0.669763727575
24106.499963 0 0.65704282
25567.5 0 0.63709672625
28854.75 0 0.6088591813
30680.999963 0 0.59470605655
32141.999963 0 0.579110137575
35429.249963 0 0.5396050564
38716.499963 0 0.49700827325
42003.749963 0 0.4548924215
44925.75 0 0.416074385225
48213 0 0.381584731775
51500.25 0 0.351560870075
54787.5 0 0.3258653912
58074.749963 0 0.30621590735
64649.249963 0 0.2717262539
70858.5 0 0.24788579622
90581.999963 0 0.2198543647175
109940.24996 0 0.2219712525675
129298.5 0 0.2325804243675
148656.75 0 0.24490075291
187738.49996 0 0.26399726215
226454.99996 0 0.270910335375
304253.24996 0 0.2826146475
342969.75 0 0.277149819575
381686.25 0 0.25783290185
384242.99996 0 0.257631759075
