0 0 0.0769966413575
365.2499635 0 0.0769966413575
365.25 0 0.0538502822075
730.4999635 0 0.0538502822075
730.5 0 0.0372440951075
1095.7499635 0 0.0372440951075
1095.75 0 0.0257746505075
1460.9999635 0 0.0257746505075
1461 0 0.01788979025475
1826.2499635 0 0.01788979025475
1826.25 0 0.01265042694525
2191.4999635 0 0.01265042694525
2191.5 0 0.008697467488
2556.7499635 0 0.008697467488
2556.75 0 0.006160164271
2921.9999635 0 0.006160164271
2922 0 0.004415468857
3287.2499635 0 0.004415468857
3287.25 0 0.00321492128675
3652.4999635 0 0.00321492128675
3652.5 0 0.0023853524983
4017.7499635 0 0.0023853524983
4017.75 0 0.0018097193703
5113.5 0 0.000918548939075
8400.75 0 0.00030937713895
21184.499963 0 9.9646570765e-05
24471.749963 0 9.582477755e-05
25932.75 0 9.4455852155e-05
26298 0 9.4455852155e-05
26663.25 0 9.582477755e-05
27028.5 0 9.582477755e-05
27393.749963 0 9.582477755e-05
27393.75 0 9.787816564e-05
27758.999963 0 9.787816564e-05
27759 0 9.92470910325e-05
28124.249963 0 9.92470910325e-05
28489.499963 0 0.00010198494182
29219.999963 0 0.0001088295687875
29950.5 0 0.0001273100616025
30315.749963 0 0.0001273100616025
30315.75 0 0.0001355236139625
30680.999963 0 0.0001355236139625
31046.249963 0 0.0001451060917175
31411.499963 0 0.0001560574948675
32141.999963 0 0.000184120465435
33602.999963 0 0.000261464750175
34698.749963 0 0.0003422313484
35429.249963 0 0.000407939767275
37255.499963 0 0.00060780287475
39081.749963 0 0.000858316221775
40542.749963 0 0.001088980150575
42368.999963 0 0.0014045174538
43829.999963 0 0.00167008898015
47117.249963 0 0.002281314168375
50404.5 0 0.00293839835725
53691.75 0 0.00348117727575
56979 0 0.00397125256675
60266.25 0 0.00440930869275
61727.25 0 0.004589322382
63188.25 0 0.00476112251875
64649.25 0 0.004925393566
66110.249963 0 0.005045174538
67571.249963 0 0.0051998631075
69032.249963 0 0.00535044490075
71589 0 0.0056420260095
74511 0 0.0059267624915
75972 0 0.006067761807
77432.999963 0 0.0061752224505
78893.999963 0 0.00631759069125
80354.999963 0 0.00646338124575
82911.75 0 0.0067597535935
84372.75 0 0.006911704312
85833.75 0 0.0070663928815
87294.75 0 0.0072245037645
88755.749963 0 0.0073442847365
90216.749963 0 0.0075065023955
91677.749963 0 0.00767008898025
94234.5 0 0.008002053388
95695.5 0 0.008169062286
97156.5 0 0.008336071184
97887 0 0.00841957563325
98617.5 0 0.00850171115675
98982.74996 0 0.00850171115675
98982.75 0 0.008544147844
99347.99996 0 0.008544147844
99348 0 0.008584531143
99713.24996 0 0.008584531143
99713.25 0 0.0086262833675
100078.49996 0 0.0086262833675
100808.99996 0 0.0087077344285
101539.49996 0 0.0087891854895
103000.49996 0 0.0089493497605
104461.49996 0 0.0091074606435
105557.25 0 0.0092607802875
107748.75 0 0.00948254620125
108844.5 0 0.00959000684475
109940.24996 0 0.009659137577
112131.74996 0 0.00985968514725
113957.99996 0 0.0100171115675
116149.49996 0 0.010191649555
117975.75 0 0.0103511293635
121993.5 0 0.01060095824775
126011.25 0 0.0107932922655
130028.99996 0 0.01091718001375
137699.24996 0 0.01101642710475
150117.74996 0 0.01072963723475
156326.99996 0 0.010399726215
162536.24996 0 0.009963723477
169841.24996 0 0.00933812457225
176780.99996 0 0.0086577686515
183720.74996 0 0.00792128678975
190660.49996 0 0.0071567419575
197600.25 0 0.006349760438
204540 0 0.00560643394925
211479.75 0 0.00490828199875
218419.5 0 0.0042696783025
226455 0 0.00362012320325
234490.49996 0 0.0030958247775
242525.99996 0 0.002645448323
250196.25 0 0.002290212183425
260788.5 0 0.00194934976045
271380.74996 0 0.00173169062285
281972.99996 0 0.0015954825462
292200 0 0.001526351813825
314845.49996 0 0.0015297741273
337125.74996 0 0.001643394934975
381686.25 0 0.00184120465435
384242.99996 0 0.00184120465435
