0 0 47.92250979
730.4999635 0 47.729893425
730.5 0 47.4237664475
1095.7499635 0 47.4237664475
1095.75 0 46.5998151225
1460.9999635 0 46.5998151225
1461 0 45.0843600825
1826.2499635 0 45.0843600825
1826.25 0 42.968275295
2191.4999635 0 42.968275295
2191.5 0 40.5031223325
2556.7499635 0 40.5031223325
2556.75 0 37.934240395
2921.9999635 0 37.934240395
2922 0 35.4284710775
3287.2499635 0 35.4284710775
3287.25 0 33.0747053925
3652.4999635 0 33.0747053925
3652.5 0 30.9108245925
4017.7499635 0 30.9108245925
4017.75 0 28.943598065
4382.9999635 0 28.943598065
4383 0 27.163726445
4748.2499635 0 27.163726445
4748.25 0 25.5589017475
5113.4999635 0 25.5589017475
5113.5 0 24.109978213
5478.7499635 0 24.109978213
5478.75 0 22.80259652425
5843.9999635 0 22.80259652425
5844 0 21.61897847875
6209.2499635 0 21.61897847875
6209.25 0 20.5454485355
6574.4999635 0 20.5454485355
6574.5 0 19.5717500395
6939.7499635 0 19.5717500395
6939.75 0 18.6835236725
7304.9999635 0 18.6835236725
7305 0 17.8732478875
7670.2499635 0 17.8732478875
7670.25 0 17.13271735975
8035.499963 0 17.13271735975
8035.5 0 16.45372676525
8400.749963 0 16.45372676525
8400.75 0 15.83080588725
8765.999963 0 15.83080588725
8766 0 15.257800733
9131.249963 0 15.257800733
9131.25 0 14.72992486275
9496.499963 0 14.72992486275
9496.5 0 14.24375939175
9861.749963 0 14.24375939175
9861.75 0 13.7938341035
10226.999963 0 13.7938341035
10227 0 13.379465221
10592.249963 0 13.379465221
10592.25 0 12.995866305
10957.499963 0 12.995866305
10957.5 0 12.6403022475
11322.749963 0 12.6403022475
11322.75 0 12.31140549425
11687.999963 0 12.31140549425
11688 0 12.006440937
12053.249963 0 12.006440937
12053.25 0 11.72472479925
12418.499963 0 11.72472479925
12418.5 0 11.46283819525
12783.749963 0 11.46283819525
12783.75 0 11.22078112525
13148.999963 0 11.22078112525
13149 0 10.996502258
13514.249963 0 10.996502258
13514.25 0 10.78931781675
13879.499963 0 10.78931781675
13879.5 0 10.59649269325
14975.25 0 10.10212189775
15705.749963 0 9.96058005175
16071 0 9.7096338805
17166.749963 0 9.483202797
17897.249963 0 9.29797357225
19358.249963 0 8.908587756
20819.25 0 8.447381476
22280.25 0 8.04737191125
23375.999963 0 7.840871247
24106.499963 0 7.63300302875
25567.499963 0 7.2247881395
27028.5 0 6.74340910775
28489.5 0 6.39263148925
30315.75 0 6.00287858
31411.499963 0 5.862704288
32142 0 5.6671440565
33237.749963 0 5.5461155215
33968.25 0 5.37995770225
35063.999963 0 5.27807492425
35794.5 0 5.13790063225
36890.25 0 5.012085658
37985.999963 0 4.93550263025
39812.249963 0 4.76660970275
41638.5 0 4.60318699175
43464.75 0 4.49378266625
46386.749963 0 4.379192334
48943.5 0 4.281998631
54422.25 0 4.17316906225
63553.499963 0 4.1074606435
72319.5 0 4.09103353875
90216.749963 0 4.08761122525
108113.99996 0 4.0780287475
125645.99996 0 4.029431896
132950.99996 0 3.9828884325
140255.99996 0 3.91238877475
143908.49996 0 3.8658453115
147560.99996 0 3.810403833
151213.49996 0 3.74537987675
154865.99996 0 3.6714579055
160344.74996 0 3.53867214225
165458.24996 0 3.392881588
170936.99996 0 3.21286789875
176050.49996 0 3.024640657
182259.74996 0 2.772073922
188103.74996 0 2.516769336
193947.75 0 2.2334017796
199791.75 0 1.963723477075
206000.99996 0 1.698151950725
211844.99996 0 1.4442162902
217689 0 1.1923340178
223533 0 0.9780971937
230837.99996 0 0.75564681725
237777.75 0 0.560574948675
245082.74996 0 0.411362080775
246908.99996 0 0.377138945925
247639.49996 0 0.364818617375
248004.74996 0 0.358658453125
248735.24996 0 0.346338124575
252022.5 0 0.28884325805
256770.75 0 0.226557152635
261519 0 0.1759069130725
271015.5 0 0.1026694045175
290008.5 0 0.0301163586575
341508.75 0 0.0
372189.74996 0 0.000684462696775
372189.75 0 0.0
384242.99996 0 0.0
