0 0 0.007173570976
2191.4999635 0 0.04360824142
5478.7499635 0 0.141536787
6939.7499635 0 0.2061283744575
6939.75 0 0.2239600650375
7304.9999635 0 0.2239600650375
7305 0 0.24238248871
7670.2499635 0 0.24238248871
7670.25 0 0.261348632125
8035.499963 0 0.261348632125
8035.5 0 0.2808128446
8400.749963 0 0.2808128446
8400.75 0 0.300724706025
8765.999963 0 0.300724706025
8766 0 0.3210365217
9131.249963 0 0.3210365217
9131.25 0 0.341695146075
9496.499963 0 0.341695146075
9496.5 0 0.36264947765
9861.749963 0 0.36264947765
9861.75 0 0.38384773365
10226.999963 0 0.38384773365
10227 0 0.4052394939
10592.249963 0 0.4052394939
10592.25 0 0.42677025015
10957.499963 0 0.42677025015
10957.5 0 0.448391626375
11322.749963 0 0.448391626375
11322.75 0 0.470052521075
11687.999963 0 0.470052521075
11688 0 0.49170523955
12053.249963 0 0.49170523955
12053.25 0 0.513303449775
12418.499963 0 0.513303449775
12418.5 0 0.534807633275
12783.749963 0 0.534807633275
12783.75 0 0.55616123775
13148.999963 0 0.55616123775
13149 0 0.5773513175
13514.249963 0 0.5773513175
13514.25 0 0.59831655075
13879.499963 0 0.59831655075
13879.5 0 0.619043310425
14244.749963 0 0.619043310425
14244.75 0 0.639483901825
14609.999963 0 0.639483901825
14610 0 0.65964513845
14975.249963 0 0.65964513845
14975.25 0 0.679465698575
15340.499963 0 0.679465698575
15340.5 0 0.698966022775
15705.749963 0 0.698966022775
15705.75 0 0.71810522985
16070.999963 0 0.71810522985
16071 0 0.736896946875
16436.249963 0 0.736896946875
16436.25 0 0.75532073325
16801.499963 0 0.75532073325
16801.5 0 0.775137560325
17166.749963 0 0.775137560325
17166.75 0 0.794329078575
17897.249963 0 0.808830237625
17897.25 0 0.82894774345
18262.499963 0 0.82894774345
18262.5 0 0.849277402225
18992.999963 0 0.861007320425
18993 0 0.880669253225
20453.999963 0 0.92773030815
20454 0 0.9512302747
21914.999963 0 0.99167658365
23375.999963 0 1.055529491725
23376 0 1.072578758925
24106.499963 0 1.073958207975
24106.5 0 1.10785961305
24471.749963 0 1.10785961305
24471.75 0 1.126719465375
24836.999963 0 1.126719465375
24837 0 1.14636968725
25202.249963 0 1.14636968725
25202.25 0 1.166898854525
25567.499963 0 1.166898854525
25567.5 0 1.1883819161
25932.749963 0 1.1883819161
25932.75 0 1.2109074478
26297.999963 0 1.2109074478
26298 0 1.234529957925
26663.249963 0 1.234529957925
26663.25 0 1.259297141175
27028.499963 0 1.259297141175
27028.5 0 1.28525669225
27393.749963 0 1.28525669225
27393.75 0 1.312415424675
27758.999963 0 1.312415424675
27759 0 1.340807406125
28124.249963 0 1.340807406125
28124.25 0 1.37039856895
28489.499963 0 1.37039856895
28489.5 0 1.40119572665
28854.749963 0 1.40119572665
28854.75 0 1.433117116875
29219.999963 0 1.433117116875
29220 0 1.4661559261
29585.249963 0 1.4661559261
29585.25 0 1.5001963243
29950.499963 0 1.5001963243
29950.5 0 1.535122481475
30315.749963 0 1.542128678975
30315.75 0 1.5779945243
30680.999963 0 1.5779945243
30681 0 1.61450376455
31046.249963 0 1.61450376455
31046.25 0 1.65151266255
31411.499963 0 1.65151266255
31411.5 0 1.68884325805
31776.749963 0 1.68884325805
31776.75 0 1.7263449692
32141.999963 0 1.7263449692
32142 0 1.76381930185
32507.249963 0 1.76381930185
32507.25 0 1.80110198495
32872.499963 0 1.80110198495
32872.5 0 1.838015058175
33237.749963 0 1.838015058175
33237.75 0 1.8742642026
33602.999963 0 1.8742642026
33603 0 1.909856262825
33968.249963 0 1.909856262825
33968.25 0 1.944421629025
34333.499963 0 1.944421629025
34333.5 0 1.977823408625
34698.749963 0 1.977823408625
34698.75 0 2.009993155375
35063.999963 0 2.009993155375
35064 0 2.0406570842
35429.249963 0 2.0406570842
35429.25 0 2.069678302525
35794.499963 0 2.069678302525
35794.5 0 2.096988364125
36159.749963 0 2.096988364125
36159.75 0 2.122381930175
36524.999963 0 2.122381930175
36525 0 2.145790554425
36890.249963 0 2.145790554425
36890.25 0 2.16714579055
37255.499963 0 2.16714579055
37255.5 0 2.186310746075
37986 0 2.218001368925
40177.5 0 2.256947296375
42734.249963 0 2.216221765925
44195.249963 0 2.1516769336
44195.25 0 2.131759069125
44560.499963 0 2.131759069125
44560.5 0 2.110403833
44925.749963 0 2.110403833
44925.75 0 2.087816564
45290.999963 0 2.087816564
45291 0 2.064065708425
45656.249963 0 2.064065708425
45656.25 0 2.0392881588
46021.499963 0 2.0392881588
46021.5 0 2.013483915125
46386.749963 0 2.013483915125
46386.75 0 1.986858316225
46751.999963 0 1.986858316225
46752 0 1.95947980835
47117.249963 0 1.95947980835
47117.25 0 1.93127994525
47482.499963 0 1.93127994525
47482.5 0 1.902532511975
47847.749963 0 1.902532511975
47847.75 0 1.873305954825
48212.999963 0 1.873305954825
48213 0 1.843531827525
48578.249963 0 1.843531827525
48578.25 0 1.81341546885
48943.499963 0 1.81341546885
48943.5 0 1.783025325125
49308.749963 0 1.783025325125
49308.75 0 1.752292950025
49673.999963 0 1.752292950025
49674 0 1.721492128675
50039.249963 0 1.721492128675
50039.25 0 1.690554414775
50404.499963 0 1.690554414775
50404.5 0 1.659548254625
50769.749963 0 1.659548254625
50769.75 0 1.628473648175
51134.999963 0 1.628473648175
51135 0 1.5975359343
51500.249963 0 1.5975359343
51500.25 0 1.566666666675
51865.499963 0 1.566666666675
51865.5 0 1.535934291575
52230.749963 0 1.535934291575
52230.75 0 1.505338809025
52595.999963 0 1.505338809025
52596 0 1.4749486653
52961.249963 0 1.4749486653
52961.25 0 1.4449007529
53326.499963 0 1.4449007529
53326.5 0 1.415058179325
53691.749963 0 1.415058179325
53691.75 0 1.3855578371
54056.999963 0 1.3855578371
54057 0 1.35633127995
54422.249963 0 1.35633127995
54422.25 0 1.3275154004
54787.499963 0 1.3275154004
54787.5 0 1.2991101985
55152.749963 0 1.2991101985
55152.75 0 1.271047227925
55517.999963 0 1.271047227925
55518 0 1.243394934975
55883.249963 0 1.243394934975
55883.25 0 1.21615331965
56248.499963 0 1.21615331965
56248.5 0 1.1893908282
56613.749963 0 1.1893908282
56613.75 0 1.16310746065
56978.999963 0 1.16310746065
56979 0 1.1372347707
57344.249963 0 1.1372347707
57344.25 0 1.11184120465
57709.499963 0 1.11184120465
57709.5 0 1.086858316225
58074.749963 0 1.086858316225
58074.75 0 1.062491444225
58439.999963 0 1.062491444225
58440 0 1.038535249825
58805.249963 0 1.038535249825
58805.25 0 1.01498973305
59170.499963 0 1.01498973305
59170.5 0 0.992060232725
59535.749963 0 0.992060232725
59535.75 0 0.969472963725
59900.999963 0 0.969472963725
59901 0 0.94750171115
60266.249963 0 0.94750171115
60266.25 0 0.9259411362
60631.499963 0 0.9259411362
60631.5 0 0.90485968515
60996.749963 0 0.90485968515
60996.75 0 0.884257357975
61361.999963 0 0.884257357975
61362 0 0.86420260095
61727.249963 0 0.86420260095
61727.25 0 0.8444900753
62092.499963 0 0.8444900753
62092.5 0 0.8252566735
62457.749963 0 0.8252566735
62457.75 0 0.8065708419
62822.999963 0 0.8065708419
62823 0 0.788295687875
63188.249963 0 0.788295687875
63188.25 0 0.770362765225
65379.75 0 0.67234770705
70493.25 0 0.49561943875
75972 0 0.36851471595
82181.25 0 0.273604690375
89851.5 0 0.2071346058575
103365.75 0 0.15401274423
123089.25 0 0.1341598035975
233029.49996 0 0.16648011992
381686.25 0 0.120811580715
384242.99996 0 0.1220396988375
