0 0 10.063668692
365.2499635 0 10.063668692
365.25 0 10.43636174575
730.4999635 0 10.43636174575
730.5 0 10.79603925875
1095.7499635 0 10.79603925875
1095.75 0 11.13519344225
1460.9999635 0 11.13519344225
1461 0 11.4528937
1826.2499635 0 11.4528937
1826.25 0 11.7401986395
2191.4999635 0 11.7401986395
2191.5 0 12.0249952995
2556.7499635 0 12.0249952995
2556.75 0 12.2784968995
2921.9999635 0 12.299520876
2922 0 12.5323750855
3287.2499635 0 12.5323750855
3287.25 0 12.74435318275
3652.4999635 0 12.74435318275
3652.5 0 12.9361396305
4017.7499635 0 12.9361396305
4017.75 0 13.10677618075
4382.9999635 0 13.10677618075
4383 0 13.25626283375
4748.2499635 0 13.25626283375
4748.25 0 13.38418891175
5113.4999635 0 13.38418891175
5113.5 0 13.4902121835
5478.7499635 0 13.4902121835
5478.75 0 13.57344284725
5843.9999635 0 13.57344284725
5844 0 13.63305954825
6939.7499635 0 13.67823408625
7304.9999635 0 13.66173853525
7305 0 13.618548939
7670.2499635 0 13.618548939
7670.25 0 13.5478439425
8035.499963 0 13.5478439425
8035.5 0 13.450239562
8400.749963 0 13.450239562
8400.75 0 13.32607802875
8765.999963 0 13.32607802875
8766 0 13.1765229295
9131.249963 0 13.1765229295
9131.25 0 13.00321697475
9496.499963 0 13.00321697475
9496.5 0 12.80828199875
9861.749963 0 12.80828199875
9861.75 0 12.5945242985
10226.999963 0 12.5945242985
10227 0 12.36454483225
10592.249963 0 12.36454483225
10592.25 0 12.12203969875
10957.499963 0 12.12203969875
10957.5 0 11.86988364125
11322.749963 0 11.86988364125
11322.75 0 11.61184120475
11687.999963 0 11.61184120475
11688 0 11.35071868575
12053.249963 0 11.35071868575
12053.25 0 11.0897330595
12418.499963 0 11.0897330595
12418.5 0 10.83127994525
12783.749963 0 10.83127994525
12783.75 0 10.57761806975
13148.999963 0 10.57761806975
13149 0 10.33039014375
13514.249963 0 10.33039014375
13514.25 0 10.09069130725
13879.499963 0 10.09069130725
13879.5 0 9.859616701
14244.749963 0 9.859616701
14244.75 0 9.6371663245
14609.999963 0 9.6371663245
14610 0 9.4234770705
14975.249963 0 9.4234770705
14975.25 0 9.21834360025
15340.499963 0 9.21834360025
15340.5 0 9.021081451
15705.749963 0 9.021081451
15705.75 0 8.83114305275
16070.999963 0 8.83114305275
16071 0 8.6475701575
16436.249963 0 8.6475701575
16436.25 0 8.46974674875
16801.499963 0 8.46974674875
16801.5 0 8.2817033495
17166.749963 0 8.2817033495
17166.75 0 8.09487140675
17531.999963 0 8.09487140675
17532 0 7.95983865925
17897.249963 0 7.95983865925
17897.25 0 7.767488022
18262.499963 0 7.767488022
18262.5 0 7.578125798
18627.749963 0 7.578125798
18627.75 0 7.45315414725
18992.999963 0 7.45315414725
18993 0 7.2665982205
19358.249963 0 7.2665982205
19358.25 0 7.109650924
19723.499963 0 7.109650924
19723.5 0 6.92213984875
20088.749963 0 6.92213984875
20088.75 0 6.76526454425
20453.999963 0 6.76526454425
20454 0 6.526220339
20819.249963 0 6.526220339
20819.25 0 6.40248897825
21184.499963 0 6.40248897825
21184.5 0 6.2596007445
21549.749963 0 6.2596007445
21549.75 0 6.107667361
21914.999963 0 6.107667361
21915 0 5.9510723055
22280.249963 0 5.9510723055
22280.25 0 5.79261596925
22645.499963 0 5.79261596925
22645.5 0 5.634345366
23010.749963 0 5.634345366
23010.75 0 5.47687748475
23375.999963 0 5.47687748475
23376 0 5.32050594475
24106.499963 0 5.30532527075
24106.5 0 5.0129224155
24471.749963 0 5.0129224155
24471.75 0 4.86367961925
24836.999963 0 4.86367961925
24837 0 4.71852566675
25202.249963 0 4.71852566675
25202.25 0 4.57609761
25567.499963 0 4.57609761
25567.5 0 4.438439871
25932.749963 0 4.438439871
25932.75 0 4.303508028
26297.999963 0 4.303508028
26298 0 4.1733465025
26663.249963 0 4.1733465025
26663.25 0 4.04727382075
27028.499963 0 4.04727382075
27028.5 0 3.92460850875
27393.749963 0 3.92460850875
27393.75 0 3.8060320405
27758.999963 0 3.8060320405
27759 0 3.691544416
28124.249963 0 3.691544416
28124.25 0 3.58114563525
28489.499963 0 3.58114563525
28489.5 0 3.47415422425
28854.749963 0 3.47415422425
28854.75 0 3.371251657
29219.999963 0 3.371251657
29220 0 3.2710749855
29585.249963 0 3.2710749855
29585.25 0 3.174987158
29950.499963 0 3.174987158
29950.5 0 3.081625226
30315.749963 0 3.081625226
30315.75 0 2.992352138
30680.999963 0 2.992352138
30681 0 2.9058049455
31046.249963 0 2.9058049455
31046.25 0 2.821302175
31411.499963 0 2.821302175
31411.5 0 2.74156972225
31776.749963 0 2.74156972225
31776.75 0 2.6632002175
32141.999963 0 2.6632002175
32142 0 2.5875566085
32507.249963 0 2.5875566085
32507.25 0 2.51463889525
32872.499963 0 2.51463889525
32872.5 0 2.4444470778
33237.749963 0 2.4444470778
33237.75 0 2.376981156225
33602.999963 0 2.376981156225
33603 0 2.31087818255
33968.249963 0 2.31087818255
33968.25 0 2.24818257865
34333.499963 0 2.24818257865
34333.5 0 2.186168448725
34698.749963 0 2.186168448725
34698.75 0 2.127561688575
35063.999963 0 2.127561688575
35064 0 2.06963640235
35429.249963 0 2.06963640235
35429.25 0 2.014437011975
35794.499963 0 2.014437011975
35794.5 0 1.96128204345
36159.749963 0 1.96128204345
36159.75 0 1.90949002285
36524.999963 0 1.90949002285
36525 0 1.85906095015
36890.249963 0 1.85906095015
36890.25 0 1.811357773275
37255.499963 0 1.811357773275
37255.5 0 1.764336070375
37620.749963 0 1.764336070375
37620.75 0 1.71867731535
37985.999963 0 1.71867731535
37986 0 1.675062982225
38351.249963 0 1.675062982225
38351.25 0 1.63349307095
38716.499963 0 1.63349307095
38716.5 0 1.591923159675
39081.749963 0 1.591923159675
39081.75 0 1.5517161963
39446.999963 0 1.5517161963
39447 0 1.51423512875
39812.249963 0 1.51423512875
39812.25 0 1.476754061225
40177.499963 0 1.476754061225
40177.5 0 1.440635941575
40542.749963 0 1.440635941575
40542.75 0 1.40588076985
40907.999963 0 1.40588076985
40908 0 1.37248854605
41273.249963 0 1.37248854605
41273.25 0 1.3397777962
41638.499963 0 1.3397777962
41638.5 0 1.30842999425
42003.749963 0 1.30842999425
42003.75 0 1.27776366625
42368.999963 0 1.27776366625
42369 0 1.248460286175
42734.249963 0 1.248460286175
42734.25 0 1.2191569061
43099.499963 0 1.2191569061
43099.5 0 1.191897947875
43464.749963 0 1.191897947875
43464.75 0 1.164638989675
43829.999963 0 1.164638989675
43830 0 1.138742979375
44195.249963 0 1.138742979375
44195.25 0 1.113528443025
47482.5 0 0.91794541785
51865.5 0 0.72849565825
59535.75 0 0.51792020605
68301.75 0 0.38366983685
80720.25 0 0.28758200915
96060.75 0 0.2357899885475
290008.5 0 0.050429072695
381686.25 0 0.00749621350875
384242.99996 0 0.0075290896645
