0 0 2.179688056625e-05
4748.2499635 0 0.0007422029078
10226.999963 0 0.00287757796275
13879.499963 0 0.00582356650375
17532 0 0.01041059497025
18262.499963 0 0.010586017747
18262.5 0 0.011236541823
21549.749963 0 0.01374306005475
24471.75 0 0.015742759134
31776.749963 0 0.0175892441785
38716.499963 0 0.019229896916
43099.499963 0 0.0209879341255
47482.499963 0 0.02338066644575
53691.749963 0 0.027738906205
59535.749963 0 0.0326513098675
65744.999963 0 0.038446144475
71589 0 0.0445562792325
77798.249963 0 0.05035452618
83642.25 0 0.056324755025
89851.499963 0 0.061722108145
95695.5 0 0.066625598905
101904.74996 0 0.070417522245
107748.75 0 0.0734154688575
113592.74996 0 0.075044490075
113957.99996 0 0.0751197809725
114323.24996 0 0.0751882272425
115053.74996 0 0.0753114305275
116514.74996 0 0.07550992471
119071.5 0 0.07568788501
121628.25 0 0.07559890486
123089.24996 0 0.0755030800825
124184.99996 0 0.075359342915
125645.99996 0 0.0751060917175
126741.74996 0 0.0748802190275
128933.24996 0 0.0743052703625
130394.24996 0 0.07383983573
131855.24996 0 0.073305954825
134411.99996 0 0.0722381930175
137333.99996 0 0.070800821355
139890.74996 0 0.06937029432
143177.99996 0 0.0673100616025
146099.99996 0 0.0653045859
149021.99996 0 0.06316221766
151943.99996 0 0.060889801505
155231.25 0 0.0579260780275
158518.5 0 0.0549713686275
161805.75 0 0.052167542305
163631.99996 0 0.0509054793625
165093 0 0.049336428135
166919.24996 0 0.04806754323
168380.25 0 0.0464984920025
170206.49996 0 0.0452432510225
171667.5 0 0.04368784372
173493.74996 0 0.0424530686225
174954.75 0 0.0409249491675
176780.99996 0 0.0397106399575
178242 0 0.0382234522725
180433.49996 0 0.036756730475
182259.75 0 0.0350375960875
184451.24996 0 0.033632271945
186277.5 0 0.0319881791375
188468.99996 0 0.030657896575
190295.25 0 0.029109311235
192486.74996 0 0.0278472482925
194313 0 0.026387348455
196869.74996 0 0.0249888462745
199061.24996 0 0.0236312758655
203444.25 0 0.02088884719975
208192.49996 0 0.018576202131
212575.5 0 0.01630448883325
217323.74996 0 0.01442162736125
221706.75 0 0.01258651962225
226454.99996 0 0.01107886605225
230838 0 0.00962578817725
241795.49996 0 0.00699251090125
252387.75 0 0.00497321019225
280877.25 0 0.00200565678535
318132.75 0 0.000593510681375
381686.25 0 7.5041580405e-05
384242.99996 0 7.5290896645e-05
