0 0 74.7061419575
1095.7499635 0 72.6798767975
1095.75 0 72.27891855
1460.9999635 0 72.27891855
1461 0 71.610540725
1826.2499635 0 71.610540725
1826.25 0 70.60164271
2191.4999635 0 70.60164271
2191.5 0 69.27173169
2556.7499635 0 69.27173169
2556.75 0 67.6988364125
2921.9999635 0 67.6988364125
2922 0 65.9739904175
3287.2499635 0 65.9739904175
3287.25 0 64.1793292275
3652.4999635 0 64.1793292275
3652.5 0 62.37577002
4017.7499635 0 62.37577002
4017.75 0 60.607802875
4382.9999635 0 60.607802875
4383 0 58.90622861
4748.2499635 0 58.90622861
4748.25 0 57.28952772
5113.4999635 0 57.28952772
5113.5 0 55.7686516075
5478.7499635 0 55.7686516075
5478.75 0 54.3504449
5843.9999635 0 54.3504449
5844 0 53.03285421
6209.2499635 0 53.03285421
6209.25 0 51.8151950725
6574.4999635 0 51.8151950725
6574.5 0 50.69267625
6939.7499635 0 50.69267625
6939.75 0 49.658453115
7304.9999635 0 49.658453115
7305 0 48.70568104
7670.2499635 0 48.70568104
7670.25 0 47.826146475
8035.499963 0 47.826146475
8035.5 0 47.013689255
8400.749963 0 47.013689255
8400.75 0 46.2607802875
8765.999963 0 46.2607802875
8766 0 45.5605749475
9131.249963 0 45.5605749475
9131.25 0 44.9069130725
9496.499963 0 44.9069130725
9496.5 0 44.2950034225
9861.749963 0 44.2950034225
9861.75 0 43.7200547575
10226.999963 0 43.7200547575
10227 0 43.176591375
10592.249963 0 43.176591375
10592.25 0 42.661190965
10957.499963 0 42.661190965
10957.5 0 42.171115675
11322.749963 0 42.171115675
11322.75 0 41.7022587275
11687.999963 0 41.7022587275
11688 0 41.25393566
12053.249963 0 41.25393566
12053.25 0 40.8220397
12418.499963 0 40.8220397
12418.5 0 40.4065708425
12783.749963 0 40.4065708425
12783.75 0 40.00273785
13148.999963 0 40.00273785
13149 0 39.6112251875
13514.249963 0 39.6112251875
13514.25 0 39.2265571525
14244.749963 0 38.8418891175
14244.75 0 38.44900753
14609.999963 0 38.44900753
14610 0 38.03559206
14975.249963 0 38.03559206
14975.25 0 37.5920602325
15340.499963 0 37.5920602325
15340.5 0 37.10677618
15705.749963 0 37.10677618
15705.75 0 36.57631759
16070.999963 0 36.57631759
16071 0 35.998631075
16436.249963 0 35.998631075
16436.25 0 35.377138945
16801.499963 0 35.377138945
16801.5 0 34.6571987575
17166.749963 0 34.6571987575
17166.75 0 33.881354355
17531.999963 0 33.881354355
17532 0 33.2917001375
17897.249963 0 33.2917001375
17897.25 0 32.4284736475
18262.499963 0 32.4284736475
18262.5 0 31.5487299275
18627.749963 0 31.5487299275
18627.75 0 30.8441503125
18992.999963 0 30.8441503125
18993 0 30.04070246
19358.249963 0 30.04070246
19358.25 0 29.423364595
19723.499963 0 29.423364595
19723.5 0 28.40713559
20088.749963 0 28.40713559
20088.75 0 27.7037259875
20453.999963 0 27.7037259875
20454 0 27.013241705
20819.249963 0 27.013241705
20819.25 0 26.336363025
21184.499963 0 26.336363025
21184.5 0 25.6737702275
21549.749963 0 25.6737702275
21549.75 0 25.02614359
21914.999963 0 25.02614359
21915 0 24.39416339625
22280.249963 0 24.39416339625
22280.25 0 23.77782964375
22645.499963 0 23.77782964375
22645.5 0 23.17578177275
23010.749963 0 23.17578177275
23010.75 0 22.59142118375
23375.999963 0 22.59142118375
23376 0 22.0206661965
23741.249963 0 22.0206661965
23741.25 0 21.46691821125
24106.499963 0 21.46691821125
24106.5 0 20.92813638775
24471.749963 0 20.92813638775
24471.75 0 20.405001006
24836.999963 0 20.405001006
24837 0 19.896831786
25202.249963 0 19.896831786
25202.25 0 19.403628728
25567.499963 0 19.403628728
25567.5 0 18.9253918315
25932.749963 0 18.9253918315
25932.75 0 18.46076053675
26297.999963 0 18.46076053675
26298 0 18.01041512375
26663.249963 0 18.01041512375
26663.25 0 17.57435559225
27028.499963 0 17.57435559225
27028.5 0 17.15122138225
27393.749963 0 17.15122138225
27393.75 0 16.741692774
27758.999963 0 16.741692774
27759 0 16.34508948725
28124.249963 0 16.34508948725
28124.25 0 15.960731242
28489.499963 0 15.960731242
28489.5 0 15.588618038
28854.749963 0 15.588618038
28854.75 0 15.22874987575
29219.999963 0 15.22874987575
29220 0 14.8804464745
33968.25 0 11.2674789685
39812.25 0 8.53479388625
46752 0 6.7116432715
55883.25 0 5.52727565175
62092.499963 0 5.148359647
67936.5 0 4.91298273925
70858.5 0 4.8374716505
73780.499963 0 4.783729524
76702.499963 0 4.732028238
77067.749963 0 4.72522543725
77432.999963 0 4.7197831965
78163.499963 0 4.70821843525
79259.25 0 4.6864494725
82181.25 0 4.64631294775
85103.249963 0 4.612979224
90581.999963 0 4.54699205625
112862.25 0 4.27556030425
135507.74996 0 3.95514838625
157787.99996 0 3.51772829475
181163.99996 0 2.86942137825
204539.99996 0 2.069412004
227915.99996 0 1.290491312175
239603.99996 0 0.966677993975
250926.75 0 0.7013687627
298409.25 0 0.15918553877
381686.25 0 0.01360560160425
384242.99996 0 0.01368925393575
