0 0 45.56819821
365.2499635 0 45.56819821
365.25 0 48.1834169
730.4999635 0 48.1834169
730.5 0 50.6780205475
1095.7499635 0 50.6780205475
1095.75 0 53.0527617175
1460.9999635 0 53.0527617175
1461 0 55.27391198
1826.2499635 0 55.29945243
1826.25 0 57.3322381925
2191.4999635 0 57.3322381925
2191.5 0 59.1419575625
2556.7499635 0 59.1419575625
2556.75 0 60.6995893225
2921.9999635 0 60.6995893225
2922 0 61.982683095
3287.2499635 0 61.982683095
3287.25 0 62.97741273
3652.4999635 0 62.97741273
3652.5 0 63.6755646825
4017.7499635 0 63.6755646825
4017.75 0 64.0766598225
4748.2499635 0 64.18275154
4748.25 0 63.9614825675
5113.4999635 0 63.9614825675
5113.5 0 63.50867486
5478.7499635 0 63.50867486
5478.75 0 62.7966313225
5843.9999635 0 62.7966313225
5844 0 61.8403999425
6209.2499635 0 61.8403999425
6209.25 0 60.6570807075
6574.4999635 0 60.6570807075
6574.5 0 59.26582561
6939.7499635 0 59.26582561
6939.75 0 57.6857866325
7304.9999635 0 57.6857866325
7305 0 55.938167765
7670.2499635 0 55.938167765
7670.25 0 54.0428049925
8035.499963 0 54.0428049925
8035.5 0 52.0229543025
8400.749963 0 52.0229543025
8400.75 0 49.8998196775
8765.999963 0 49.8998196775
8766 0 47.693237105
9131.249963 0 47.7255304575
9131.25 0 45.457905545
9496.499963 0 45.457905545
9496.5 0 43.1492128675
9861.749963 0 43.1492128675
9861.75 0 40.8193018475
10226.999963 0 40.8193018475
10227 0 38.48733744
10592.249963 0 38.48733744
10592.25 0 36.1670088975
10957.499963 0 36.1670088975
10957.5 0 33.8761122525
11322.749963 0 33.8761122525
11322.75 0 31.62696783
11687.999963 0 31.62696783
11688 0 29.43394935
12053.249963 0 29.43394935
12053.25 0 27.30732375
12418.499963 0 27.30732375
12418.5 0 25.257357975
12783.749963 0 25.257357975
12783.75 0 23.2902121835
13148.999963 0 23.2902121835
13149 0 21.4120465435
13514.249963 0 21.4120465435
13514.25 0 19.627652293
13879.499963 0 19.627652293
13879.5 0 17.9377138945
14244.749963 0 17.9377138945
14244.75 0 16.345653662
14609.999963 0 16.345653662
14610 0 14.8521560575
14975.249963 0 14.8521560575
14975.25 0 13.4572210815
15340.499963 0 13.4572210815
15340.5 0 12.16221765925
15705.749963 0 12.16221765925
15705.75 0 10.96440793975
16070.999963 0 10.96440793975
16071 0 9.864476386
16436.249963 0 9.864476386
16436.25 0 8.85694729625
16801.499963 0 8.85694729625
16801.5 0 7.86039559475
17166.749963 0 7.86039559475
17166.75 0 6.96806961825
17531.999963 0 6.96806961825
17532 0 6.359077566
17897.249963 0 6.359077566
17897.25 0 5.56125941125
18262.499963 0 5.56125941125
18262.5 0 4.860599198
18627.749963 0 4.860599198
18627.75 0 4.4638361205
18992.999963 0 4.4638361205
18993 0 3.8952772075
19358.249963 0 3.8952772075
19358.25 0 3.48049281325
19723.499963 0 3.48049281325
19723.5 0 2.9412524375
20453.999963 0 2.92390841125
20454 0 2.4654346338
20819.249963 0 2.4654346338
20819.25 0 2.208076659825
21184.499963 0 2.208076659825
21184.5 0 1.9787816564
21549.749963 0 1.9787816564
21549.75 0 1.77549623545
21914.999963 0 1.77549623545
21915 0 1.5934291581
22280.249963 0 1.5934291581
22280.25 0 1.433264887075
22645.499963 0 1.433264887075
22645.5 0 1.290896646125
23010.749963 0 1.290896646125
23010.75 0 1.163586584525
23375.999963 0 1.163586584525
23376 0 1.05133470225
23741.249963 0 1.05133470225
23741.25 0 0.950718685825
24106.499963 0 0.950718685825
24106.5 0 0.86242299795
24471.749963 0 0.86242299795
24471.75 0 0.783709787825
24836.999963 0 0.783709787825
24837 0 0.71321013005
25202.249963 0 0.71321013005
25202.25 0 0.65092402465
27759 0 0.367556468175
31411.5 0 0.201232032855
39081.75 0 0.1060917180025
46752 0 0.0793976728275
60631.5 0 0.0636550308
74510.999963 0 0.05749486653
78163.499963 0 0.0568104038325
79989.749963 0 0.056125941135
81450.749963 0 0.056125941135
82181.249963 0 0.05544147844
82546.499963 0 0.056125941135
82911.749963 0 0.05544147844
83276.999963 0 0.056125941135
84372.749963 0 0.05544147844
85103.249963 0 0.05544147844
88390.499963 0 0.05544147844
101904.74996 0 0.05338809035
115784.24996 0 0.0527036276525
129298.49996 0 0.0527036276525
132950.99996 0 0.0527036276525
136238.24996 0 0.05338809035
139890.74996 0 0.05338809035
143177.99996 0 0.0547570157425
150117.74996 0 0.0568104038325
153404.99996 0 0.0581793292275
156692.24996 0 0.0588637919225
159979.49996 0 0.06160164271
163266.74996 0 0.062970568105
166553.99996 0 0.065023956195
169841.24996 0 0.0684462696775
173128.49996 0 0.071184120465
176415.74996 0 0.07460643395
179702.99996 0 0.0773442847375
182990.24996 0 0.0814510609175
186277.49996 0 0.0848733744
189564.74996 0 0.0896646132775
196139.24996 0 0.0985626283375
199426.49996 0 0.1026694045175
202713.74996 0 0.1081451060925
206000.99996 0 0.11293634497
209288.24996 0 0.1177275838475
212575.49996 0 0.122518822725
215862.74996 0 0.1273100616025
219149.99996 0 0.1334702258725
222437.24996 0 0.13826146475
229011.74996 0 0.1485284052025
235586.24996 0 0.15742642026
248735.24996 0 0.1704312115
261518.99996 0 0.173169062285
291834.74996 0 0.143737166325
321785.24996 0 0.0971920683725
381686.25 0 0.029431400985
384242.99996 0 0.0294318959625
