0 0 206.0488932975
4748.2499635 0 204.57120984
5478.7499635 0 200.3722343775
5478.75 0 197.2375469125
5843.9999635 0 197.2375469125
5844 0 193.5628445075
6209.2499635 0 193.5628445075
6209.25 0 189.5178657025
6574.4999635 0 189.5178657025
6574.5 0 185.2716646
6939.7499635 0 185.2716646
6939.75 0 180.966602555
7304.9999635 0 180.966602555
7305 0 176.7204014525
7670.2499635 0 176.7204014525
7670.25 0 172.615877275
8035.499963 0 172.615877275
8035.5 0 168.7098376725
8400.749963 0 168.7098376725
8400.75 0 165.0385574175
8765.999963 0 165.0385574175
8766 0 161.6177783875
9131.249963 0 161.6177783875
9131.25 0 158.457082595
9496.499963 0 158.457082595
9496.5 0 155.5503101775
9861.749963 0 155.5503101775
9861.75 0 152.8919856975
10226.999963 0 152.8919856975
10227 0 150.4663672725
10592.25 0 148.2618196025
13149 0 137.686698195
15705.749963 0 132.95728981
17897.249963 0 126.98786862
19723.499963 0 116.394094025
21184.5 0 104.991497255
23010.749963 0 96.2012320325
24471.75 0 86.2491444225
26297.999963 0 79.2128678975
27759 0 71.5058179325
31046.25 0 60.1984941825
33968.249963 0 53.2101300475
36525 0 46.646132785
40177.499963 0 40.643394935
43464.75 0 35.290896645
48212.999963 0 30.1984941825
52596 0 25.8316221775
61727.25 0 19.780971937
72684.75 0 15.345653662
83642.25 0 13.1006160165
95330.249963 0 11.6016427105
106652.99996 0 10.47912388775
117975.75 0 9.63723477075
129298.5 0 9.0554414785
145004.24996 0 8.507871321
160344.74996 0 8.13141683775
175685.25 0 7.83709787825
191025.75 0 7.59069130725
222071.99996 0 7.16632443525
229742.24996 0 7.05681040375
233759.99996 0 7.002053388
235586.24996 0 6.97467488025
237412.49996 0 6.95414099925
239603.99996 0 6.9267624915
239969.24996 0 6.9199178645
240334.49996 0 6.9199178645
240699.74996 0 6.9130732375
241430.24996 0 6.9062286105
245082.74996 0 6.87200547575
252752.99996 0 6.9130732375
257501.24996 0 7.1252566735
261884.24996 0 7.59069130725
266632.49996 0 8.507871321
271015.49996 0 9.767282683
280146.74996 0 12.4503764545
288912.74996 0 13.169062286
335299.5 0 9.71931601225
381686.25 0 6.20119739925
384242.99996 0 6.20123203275
