0 0 8.862186857e-06
11322.749963 0 2.003618019325
17897.249963 0 110.2942205225
24106.499963 0 1104.574045875
27028.499963 0 2696.45554775
29585.25 0 4837.167097
32507.249963 0 6938.8656565
35064 0 9173.9223
37985.999963 0 10729.73248675
40542.75 0 11965.29774125
46021.5 0 12725.80424375
50404.499963 0 12436.34496925
54422.249963 0 11779.60301175
58439.999963 0 10966.46132775
62457.749963 0 10121.14989725
66475.499963 0 9310.74606425
70493.249963 0 8564.68172475
78528.749963 0 7308.69267625
86564.25 0 6318.275154
94599.75 0 5627.652293
110670.75 0 4776.86516075
119436.74996 0 4511.97809725
127837.49996 0 4315.53730325
144639 0 3947.7505185
161805.74996 0 3728.09518075
170206.49996 0 3630.694496
174589.49996 0 3583.6734755
175685.24996 0 3571.582356
176050.49996 0 3567.551983
176415.74996 0 3563.52160975
176780.99996 0 3560.1629655
178607.24996 0 3540.01109975
212575.49996 0 3195.41419375
229377 0 3012.0322145
237777.75 0 3007.3301125
246178.5 0 3203.47494
263345.24996 0 3254.5263335
280146.75 0 2596.90377825
314114.99996 0 1322.634128125
381686.25 0 139.0478743125
384242.99996 0 141.683778235
