0 0 1185.46260885
365.2499635 0 1899.1451177
2191.4999635 0 2664.0263835
3287.2499635 0 3208.8029055
3287.25 0 3405.60437375
3652.4999635 0 3405.60437375
3652.5 0 3610.112006
4017.7499635 0 3610.112006
4017.75 0 3822.34633375
4382.9999635 0 3822.34633375
4383 0 4042.24576225
4748.2499635 0 4042.24576225
4748.25 0 4269.769229
5113.4999635 0 4269.769229
5113.5 0 4504.80723225
5478.7499635 0 4504.80723225
5478.75 0 4747.229739
6209.2499635 0 4997.433265
6209.25 0 5253.81930175
6574.4999635 0 5253.81930175
6574.5 0 5515.26351825
6939.7499635 0 5515.26351825
6939.75 0 5776.2491445
7304.9999635 0 5776.2491445
7305 0 6025.393566
7670.2499635 0 6025.393566
7670.25 0 6246.475017
8765.999963 0 6547.02258725
9131.249963 0 6617.1115675
9496.499963 0 6640.04106775
10592.249963 0 6509.31004275
11687.999963 0 6259.3541775
13514.25 0 5742.76505275
15705.749963 0 5406.41481675
17532 0 5108.1594875
20453.999963 0 4916.98171625
23010.749963 0 4781.01252875
28124.249963 0 4494.421076
32142 0 4073.7953185
34333.499963 0 3880.843334
36159.75 0 3653.716361
38351.249963 0 3473.750872
40177.5 0 3272.80194025
44195.25 0 2951.01024925
47847.749963 0 2730.786624
51135 0 2525.5316435
54787.499963 0 2369.898746375
58074.75 0 2222.87794625
62823 0 2063.89590015
67571.25 0 1933.620844325
72319.5 0 1824.944381175
77067.75 0 1734.038912
82181.25 0 1652.702439575
87294.75 0 1587.086461825
97521.749963 0 1490.7129945
107748.74996 0 1431.211498975
117610.5 0 1396.303901425
131855.25 0 1381.2457221
146100 0 1387.405886375
174589.49996 0 1421.629021225
231203.24996 0 1431.211498975
240699.74996 0 1632.443531825
249100.49996 0 2164.271047225
257136 0 2642.71047225
262249.49996 0 2763.175907
266997.74996 0 2781.65639975
268093.49996 0 2773.44284725
269189.24996 0 2761.8069815
270284.99996 0 2747.433265
271380.74996 0 2730.3216975
273572.24996 0 2687.88501025
275763.74996 0 2637.23477075
280146.74996 0 2518.82272425
284164.49996 0 2397.672826825
288547.49996 0 2256.6735113
292565.24996 0 2125.2566735
296948.24996 0 1979.4661191
300965.99996 0 1846.6275397
309366.75 0 1565.42564315
317767.5 0 1313.64389635
326168.25 0 1086.4929726
334569 0 886.0254405
358310.24996 0 461.8279323
381686.25 0 204.572669275
384242.99996 0 204.6543463375
