0 0 0.0
365.25 0 1.3647994696250002e-19
21549.749963 0 6.4682487185e-07
23010.749963 0 1.653820323725e-06
26663.249963 0 1.08710099195e-05
29585.249963 0 3.31739759875e-05
30680.999963 0 4.6873696585e-05
30681 0 5.21910235575e-05
31046.249963 0 5.21910235575e-05
31046.25 0 5.789772782e-05
31411.499963 0 5.789772782e-05
31411.5 0 6.399913209e-05
31776.749963 0 6.399913209e-05
31776.75 0 7.04990578025e-05
32141.999963 0 7.04990578025e-05
32142 0 7.73994156825e-05
32507.249963 0 7.73994156825e-05
32507.25 0 8.4698772685e-05
32872.499963 0 8.4698772685e-05
32872.5 0 9.2396241695e-05
33237.749963 0 9.2396241695e-05
33237.75 0 0.00010063826569
33602.999963 0 0.00010063826569
33603 0 0.0001092699399375
33968.249963 0 0.0001092699399375
33968.25 0 0.000118282393235
34333.499963 0 0.000118282393235
34333.5 0 0.00012766197759
34698.749963 0 0.00012766197759
34698.75 0 0.000137397774605
35063.999963 0 0.000137397774605
35064 0 0.0001474706770925
35429.249963 0 0.0001474706770925
35429.25 0 0.0001578663546525
35794.499963 0 0.0001578663546525
35794.5 0 0.000168564335295
36159.749963 0 0.000168564335295
36159.75 0 0.0001795475590275
36524.999963 0 0.0001795475590275
36525 0 0.0001907914594575
36890.249963 0 0.0001907914594575
36890.25 0 0.0002022769293925
37255.499963 0 0.0002022769293925
37255.5 0 0.000213980767245
37620.749963 0 0.000213980767245
37620.75 0 0.0002258784066225
37985.999963 0 0.0002258784066225
37986 0 0.0002379466459325
38351.249963 0 0.0002379466459325
38351.25 0 0.000250160918775
38716.499963 0 0.000250160918775
38716.5 0 0.0002624966588
39081.749963 0 0.0002624966588
39081.75 0 0.00027492929955
39446.999963 0 0.00027492929955
39447 0 0.0002874335923
39812.249963 0 0.0002874335923
39812.25 0 0.000299984970625
40177.499963 0 0.000299984970625
40177.5 0 0.000312560232925
40542.749963 0 0.000312560232925
40542.75 0 0.00032513344805
40907.999963 0 0.00032513344805
40908 0 0.000337683461575
41273.249963 0 0.000337683461575
41273.25 0 0.000350184342325
41638.499963 0 0.000350184342325
41638.5 0 0.000362616300675
42003.749963 0 0.000362616300675
42003.75 0 0.0003749561351
42368.999963 0 0.0003749561351
42369 0 0.000387185420725
42734.249963 0 0.000387185420725
42734.25 0 0.000399278908825
43099.499963 0 0.000399278908825
43099.5 0 0.0004112209042
43464.749963 0 0.0004112209042
43464.75 0 0.000422992299625
43829.999963 0 0.000422992299625
43830 0 0.000434579447125
44195.249963 0 0.000434579447125
44195.25 0 0.0004459618747
44560.499963 0 0.0004459618747
44560.5 0 0.00045712593435
44925.749963 0 0.00045712593435
44925.75 0 0.0004680511541
45290.999963 0 0.0004680511541
45291 0 0.000478723885975
45656.249963 0 0.000478723885975
45656.25 0 0.0004891509539
46021.499963 0 0.0004891509539
46021.5 0 0.000499298237975
46386.749963 0 0.000499298237975
46386.75 0 0.000509165738125
46751.999963 0 0.000509165738125
46752 0 0.000518739806425
47117.249963 0 0.000518739806425
47117.25 0 0.0005280136188
47482.499963 0 0.0005280136188
47482.5 0 0.000536980351325
47847.749963 0 0.000536980351325
47847.75 0 0.000545633179975
48212.999963 0 0.000545633179975
48213 0 0.000553958456725
48578.249963 0 0.000553958456725
48578.25 0 0.000561969829625
48943.499963 0 0.00056366872005
48943.5 0 0.0005713689254
49308.749963 0 0.0005713689254
49308.75 0 0.000578726899375
49673.999963 0 0.000578726899375
49674 0 0.0005857631759
50039.249963 0 0.0005857631759
50039.25 0 0.00059245037645
50404.499963 0 0.00059245037645
50404.5 0 0.000598802190275
50769.749963 0 0.000598802190275
50769.75 0 0.00060481177275
51134.999963 0 0.00060481177275
51135 0 0.0006104791239
52961.25 0 0.00063377138945
55152.75 0 0.0006509924709
57709.5 0 0.0006575359343
62092.499963 0 0.0006431964408
66840.749963 0 0.0005981245722
70493.249963 0 0.00055065023955
70493.25 0 0.000545523613975
70858.499963 0 0.000545523613975
70858.5 0 0.000540335386725
71223.749963 0 0.000540335386725
71223.75 0 0.00053511293635
71588.999963 0 0.00053511293635
71589 0 0.00052983572895
71954.249963 0 0.00052983572895
71954.25 0 0.000524524298425
72319.499963 0 0.000524524298425
72319.5 0 0.000519171800125
72684.749963 0 0.000519171800125
72684.75 0 0.00051379192335
73049.999963 0 0.00051379192335
73050 0 0.000508384668025
73415.249963 0 0.000508384668025
73415.25 0 0.000502950034225
73780.499963 0 0.000502950034225
73780.5 0 0.0004974880219
74145.749963 0 0.0004974880219
74145.75 0 0.00049201916495
74510.999963 0 0.00049201916495
74511 0 0.0004865229295
74876.249963 0 0.0004865229295
74876.25 0 0.000481019849425
75241.499963 0 0.000481019849425
75241.5 0 0.0004755099247
75606.749963 0 0.0004755099247
75606.75 0 0.00046736003515
75971.999963 0 0.00046736003515
75972 0 0.00046186728705
76337.249963 0 0.00046186728705
76337.25 0 0.000456367732575
76702.499963 0 0.000456367732575
76702.5 0 0.00045088179085
77067.749963 0 0.00045088179085
77067.75 0 0.000445382236375
77432.999963 0 0.000445382236375
77433 0 0.000439903101025
77798.249963 0 0.000439903101025
77798.25 0 0.000434423965675
78163.499963 0 0.000434423965675
78163.5 0 0.0004289584431
78528.749963 0 0.0004289584431
78528.75 0 0.000423506533275
78893.999963 0 0.000423506533275
78894 0 0.000418061429825
79259.249963 0 0.000418061429825
79259.25 0 0.000412636745525
79624.499963 0 0.000412636745525
79624.5 0 0.000407239286725
79989.749963 0 0.000407239286725
79989.75 0 0.000401848634325
80354.999963 0 0.000401848634325
80355 0 0.000396485207425
80720.249963 0 0.000396485207425
80720.25 0 0.000391142199675
81085.499963 0 0.000391142199675
81085.5 0 0.000385826417425
81450.749963 0 0.000385826417425
81450.75 0 0.0003805378607
81815.999963 0 0.0003805378607
81816 0 0.0003752765295
82181.249963 0 0.0003752765295
82181.25 0 0.000370042423825
82546.499963 0 0.000370042423825
82546.5 0 0.00036483554365
82911.749963 0 0.00036483554365
82911.75 0 0.00035966950175
83276.999963 0 0.00035966950175
83277 0 0.000354530685375
83642.249963 0 0.000354530685375
83642.25 0 0.00034943951365
84007.499963 0 0.00034943951365
84007.5 0 0.000344334729175
84372.749963 0 0.000344334729175
84372.75 0 0.000339298008475
84737.999963 0 0.000339298008475
84738 0 0.000334329351575
85103.249963 0 0.000334329351575
85103.25 0 0.0003293606947
85468.499963 0 0.0003293606947
85468.5 0 0.0003244601016
86929.499963 0 0.000309962513675
86929.5 0 0.00030512998435
92773.5 0 0.00023502427749
99348 0 0.000170499801655
105922.5 0 0.0001205409775375
113227.5 0 7.98388292775e-05
120532.5 0 5.15923551525e-05
128933.25 0 3.04925792975e-05
145734.75 0 1.0005377582e-05
170937 0 1.7015948269e-06
184451.25 0 6.12574137675e-07
279781.49996 0 6.8063793075e-08
384242.99996 0 0.0
