0 0 67402.33106
365.2499635 0 67402.33106
365.25 0 94272.0494625
730.4999635 0 94272.0494625
730.5 0 126456.91692
1095.7499635 0 126456.91692
1095.75 0 154005.4805575
1460.9999635 0 154005.4805575
1461 0 172990.192215
1826.2499635 0 172990.192215
1826.25 0 186321.8208575
2191.4999635 0 186321.8208575
2191.5 0 198705.163385
2556.7499635 0 198705.163385
2556.75 0 213391.1673275
2921.9999635 0 213391.1673275
2922 0 232036.3444525
3287.2499635 0 232036.3444525
3287.25 0 255232.498875
3652.4999635 0 255232.498875
3652.5 0 283049.743225
4017.7499635 0 283049.743225
4017.75 0 315320.54745
4382.9999635 0 315320.54745
4383 0 351749.511025
4748.2499635 0 351749.511025
4748.25 0 391852.08715
5113.4999635 0 391852.08715
5113.5 0 435340.400925
5478.7499635 0 435340.400925
5478.75 0 502440.79415
5843.9999635 0 502440.79415
5844 0 569947.859775
6209.2499635 0 569947.859775
6209.25 0 621641.879225
6939.7499635 0 621641.879225
6939.75 0 727889.95825
7304.9999635 0 727889.95825
7305 0 796261.77935
8035.499963 0 796355.143975
8035.5 0 886475.119025
9131.249963 0 886475.119025
9131.25 0 935795.511925
9496.499963 0 935795.511925
9496.5 0 984692.95245
10226.999963 0 984692.95245
10227 0 995280.641625
10957.499963 0 995280.641625
10957.5 0 978218.539475
12053.249963 0 978218.539475
12053.25 0 921345.839725
12783.749963 0 921345.839725
12783.75 0 850746.18115
13879.499963 0 850746.18115
13879.5 0 741327.92595
14609.999963 0 741327.92595
14610 0 650542.650575
15705.749963 0 650449.7983
15705.75 0 536006.50325
16436.249963 0 536006.50325
16436.25 0 455849.910525
17531.999963 0 455849.910525
17532 0 364172.355525
18262.499963 0 364172.355525
18262.5 0 305112.8695
19358.249963 0 305112.8695
19358.25 0 240674.0816875
20088.749963 0 240674.0816875
20088.75 0 239849.7377725
20453.999963 0 239849.7377725
20454 0 184851.5414725
21184.499963 0 184851.5414725
21184.5 0 155801.4986475
22280.249963 0 155801.4986475
22280.25 0 122032.2130175
23010.749963 0 122032.2130175
23010.75 0 103421.0068775
24106.499963 0 103421.0068775
24106.5 0 81830.5390525
24836.999963 0 81830.5390525
24837 0 69929.2502875
25932.749963 0 69929.2502875
25932.75 0 56094.7476975
26663.249963 0 56094.7476975
26663.25 0 48417.69915
27758.999963 0 48417.69915
27759 0 39450.58049
28489.499963 0 39450.58049
28489.5 0 34421.8450975
29585.249963 0 34421.8450975
29585.25 0 28489.0380225
30315.749963 0 28489.0380225
30315.75 0 25132.91895
31411.499963 0 25132.91895
31411.5 0 21122.5416385
32141.999963 0 21122.5416385
32142 0 18820.5123455
33237.749963 0 18820.5123455
33237.75 0 16055.02899175
33968.249963 0 16055.02899175
33968.25 0 14431.07606725
35063.999963 0 14431.07606725
35064 0 12474.2770435
35794.499963 0 12474.2770435
35794.5 0 11312.012894
36890.249963 0 11312.012894
36890.25 0 9878.6363295
37620.749963 0 9878.6363295
37620.75 0 9027.68513825
38716.499963 0 9027.68513825
38716.5 0 7974.09577525
39446.999963 0 7974.09577525
39812.249963 0 7334.3880245
40542.749963 0 7334.3880245
40542.75 0 6530.09451325
41273.249963 0 6530.09451325
41638.499963 0 6046.62317025
42368.999963 0 6046.62317025
42369 0 5423.37508825
43464.75 0 5050.46427275
44195.249963 0 5050.46427275
44560.499963 0 4561.47933225
46386.75 0 3884.8538025
48578.249963 0 3336.83868175
50404.5 0 2733.1998515
54057 0 2117.974611525
55883.25 0 1884.7889861
57709.5 0 1687.06924545
61362 0 1373.313401025
65014.5 0 1142.44294325
81085.5 0 621.42713655
89121 0 483.1874563
97156.499963 0 395.3976029
99347.99996 0 359.558697225
101174.24996 0 349.42332295
105191.99996 0 311.41049615
109209.74996 0 281.336163275
113227.49996 0 256.516978175
128933.25 0 163.07558862
145004.24996 0 115.57997352
153039.74996 0 89.912943265
160709.99996 0 78.998714185
168745.49996 0 59.764763535
176415.75 0 57.6582843125
192121.5 0 49.5471244775
223898.24996 0 10.39618909825
255309.75 0 64.611740655
381686.25 0 14.8820683585
384242.99996 0 14.88419278675
