0 0 38.0706743975
365.2499635 0 37.5763860375
365.25 0 37.35154004
730.4999635 0 37.35154004
730.5 0 36.90937714
1095.7499635 0 36.90937714
1095.75 0 36.20568104
1460.9999635 0 36.20568104
1461 0 35.28199863
1826.2499635 0 35.28199863
1826.25 0 34.2264887075
2191.4999635 0 34.2264887075
2191.5 0 33.1279260775
2556.7499635 0 33.1279260775
2556.75 0 32.0535249825
2921.9999635 0 32.0535249825
2922 0 31.0453798775
3287.2499635 0 31.0453798775
3287.25 0 30.1258042425
3652.4999635 0 30.1258042425
3652.5 0 29.3028747425
4017.7499635 0 29.3028747425
4017.75 0 28.576591375
4382.9999635 0 28.576591375
4383 0 27.9416153325
4748.2499635 0 27.9416153325
4748.25 0 27.390006845
5113.4999635 0 27.390006845
5113.5 0 26.91341547
5478.7499635 0 26.91341547
5478.75 0 26.501026695
5843.9999635 0 26.501026695
5844 0 26.1464750175
6209.2499635 0 26.1464750175
6209.25 0 25.8405201925
6574.4999635 0 25.8405201925
6574.5 0 25.574948665
6939.7499635 0 25.574948665
6939.75 0 25.3442847375
7304.9999635 0 25.3442847375
7305 0 25.1430527025
8035.5 0 24.8090349075
9496.499963 0 24.429158111
10592.25 0 24.05338809025
13148.999963 0 23.5701574265
14244.749963 0 23.067761807
14244.75 0 22.805612594
14609.999963 0 22.805612594
14610 0 22.4934976045
14975.249963 0 22.4934976045
14975.25 0 22.1389459275
15340.499963 0 22.1389459275
15340.5 0 21.7481177275
15705.749963 0 21.7481177275
15705.75 0 21.3305954825
16070.999963 0 21.3305954825
16071 0 20.89117043125
16436.249963 0 20.89117043125
16436.25 0 20.43942505125
16801.499963 0 20.43942505125
16801.5 0 19.93800268
17166.749963 0 19.93800268
17166.75 0 19.42140055175
17531.999963 0 19.42140055175
17532 0 18.86165075225
18262.499963 0 18.63178653625
18262.5 0 17.83386473775
18627.749963 0 17.83386473775
18627.75 0 17.4437913465
18992.999963 0 17.4437913465
18993 0 17.02443792425
19358.249963 0 17.02443792425
19358.25 0 16.5980659
19723.499963 0 16.5980659
19723.5 0 16.17467314925
20453.999963 0 16.0059335405
20454 0 15.3442847365
20819.249963 0 15.3442847365
20819.25 0 14.9445585215
21184.499963 0 14.9445585215
21184.5 0 14.55236139625
21549.749963 0 14.55236139625
21549.75 0 14.169062286
21914.999963 0 14.169062286
21915 0 13.79534565375
22280.249963 0 13.79534565375
22280.25 0 13.43052703625
22645.499963 0 13.43052703625
22645.5 0 13.074606434
23010.749963 0 13.074606434
23010.75 0 12.72758384675
23375.999963 0 12.72758384675
23376 0 12.38877481175
23741.249963 0 12.38877481175
23741.25 0 12.0595482545
24106.499963 0 12.0595482545
24106.5 0 11.73853524975
24471.749963 0 11.73853524975
24471.75 0 11.42710472275
24836.999963 0 11.42710472275
24837 0 11.12457221075
25202.249963 0 11.12457221075
25202.25 0 10.8295687885
25567.499963 0 10.8295687885
25567.5 0 10.54483230675
25932.749963 0 10.54483230675
25932.75 0 10.26830937725
26297.999963 0 10.26830937725
26298 0 9.98433170875
26663.249963 0 9.98433170875
26663.25 0 9.72671121375
27028.499963 0 9.72671121375
27028.5 0 9.4772908405
27393.749963 0 9.4772908405
27393.75 0 9.2367539325
27758.999963 0 9.2367539325
27759 0 9.0044171465
28124.249963 0 9.0044171465
28124.25 0 8.78164716925
28489.499963 0 8.78164716925
28489.5 0 8.567077314
28854.749963 0 8.567077314
28854.75 0 8.360024237
29219.999963 0 8.360024237
29220 0 8.16185462525
29585.249963 0 8.16185462525
29585.25 0 7.971201792
31776.749963 0 7.128639271
33603 0 6.329810733
36159.749963 0 5.7148015935
38351.25 0 5.17154352025
41273.249963 0 4.7690542055
43830 0 4.43353255275
46386.749963 0 4.24492975
47482.499963 0 4.16702859225
47847.749963 0 4.1424282265
48212.999963 0 4.119194548
48578.249963 0 4.0973275565
50769.749963 0 3.9797924765
52961.249963 0 3.8875411055
57344.25 0 3.741305599
61727.25 0 3.6483708845
71954.249963 0 3.5014520345
81815.999963 0 3.3784502065
101539.5 0 3.11126290275
111766.49996 0 2.96434405275
121628.24996 0 2.806491707
131490 0 2.63360580425
141351.75 0 2.460719901775
151578.74996 0 2.285100625275
161440.49996 0 2.1087980053
171302.25 0 1.93044535485
181164 0 1.764392887175
201252.74996 0 1.457571660925
211114.5 0 1.314752871875
220976.25 0 1.18696763955
239238.74996 0 0.984014623525
248369.99996 0 0.8924465961
252752.99996 0 0.8521293303
257135.99996 0 0.81317875145
266267.24996 0 0.73664428075
275033.25 0 0.66762658845
292930.5 0 0.55009150845
337490.99996 0 0.342355087975
381686.25 0 0.213203168635
384242.99996 0 0.213552361655
