0 0 28410.87567
6939.7499635 0 769349.700125
8400.749963 0 1331814.642475
8400.75 0 1536188.762525
8765.999963 0 1536188.762525
8766 0 1768268.830275
9131.249963 0 1768268.830275
9131.25 0 2024990.088975
9496.499963 0 2024990.088975
9496.5 0 2298676.965
9861.749963 0 2298676.965
9861.75 0 2578548.08225
10226.999963 0 2578548.08225
10227 0 2853616.83525
10592.249963 0 2853616.83525
10592.25 0 3115051.5255
10957.499963 0 3115051.5255
10957.5 0 3356968.91475
11322.749963 0 3356968.91475
11322.75 0 3576126.38125
11687.999963 0 3576126.38125
11688 0 3771374.641
12053.249963 0 3771374.641
12053.25 0 3942912.0825
13879.5 0 4497111.5675
16436.25 0 4711772.7585
20453.999963 0 4514320.0505
28489.499963 0 3685811.2405
36159.75 0 2953955.74425
47482.5 0 2244824.03105
63918.75 0 1666932.3711
75241.499963 0 1444797.185125
80720.25 0 1358120.23965
86199 0 1291445.666225
92408.249963 0 1232935.326275
98252.25 0 1182112.97285
104461.49996 0 1142856.616875
110305.49996 0 1110471.82405
113592.74996 0 1101437.371675
115053.74996 0 1094866.529775
115784.24996 0 1091786.44765
116149.49996 0 1090212.183425
116514.74996 0 1088774.811775
122358.74996 0 1066666.666675
134046.75 0 1032169.74675
155596.49996 0 997262.149225
176780.99996 0 980150.5818
197965.49996 0 970568.10405
208557.74996 0 967145.79055
214036.49996 0 970568.10405
219149.99996 0 984257.357975
222802.49996 0 1008213.55235
226454.99996 0 1046543.463375
228281.24996 0 1074606.43395
230107.49996 0 1107460.6434
233394.74996 0 1182751.54005
236681.99996 0 1277207.3922
239969.24996 0 1388090.349075
243256.49996 0 1509240.2464
246178.49996 0 1618069.8152
249465.74996 0 1736481.86175
252387.75 0 1843258.042425
258597 0 2001368.9254
275763.74996 0 2132101.300475
302426.99996 0 1850102.6694
328725 0 1396551.3907
381686.25 0 636472.32085
384242.99996 0 637919.2334
