0 0 57608.0714875
365.2499635 0 57608.0714875
365.25 0 80573.3404075
730.4999635 0 80573.3404075
730.5 0 108081.411955
1095.7499635 0 108081.411955
1095.75 0 131626.8828375
1460.9999635 0 131626.8828375
1461 0 147852.9184825
1826.2499635 0 147852.9184825
1826.25 0 159247.3228575
2191.4999635 0 159247.3228575
2191.5 0 169831.2369525
2556.7499635 0 169831.2369525
2556.75 0 182383.211815
2921.9999635 0 182383.211815
2922 0 198319.05083
3287.2499635 0 198319.05083
3287.25 0 218144.562815
3652.4999635 0 218144.562815
3652.5 0 241919.6723275
4017.7499635 0 241919.6723275
4017.75 0 269501.193175
4382.9999635 0 269501.193175
4383 0 300636.6496
4748.2499635 0 300636.6496
4748.25 0 334911.904525
5113.4999635 0 334911.904525
5113.5 0 372080.9143
5478.7499635 0 372080.9143
5478.75 0 429430.923
5843.9999635 0 429430.923
5844 0 487128.510725
6209.2499635 0 487128.510725
6209.25 0 531310.853075
6939.7499635 0 531310.8562
6939.75 0 622119.991325
7304.9999635 0 622119.991325
7305 0 680556.690475
8035.499963 0 680620.067075
8035.5 0 757642.8743
9131.249963 0 757643.244
9131.25 0 799796.304325
9496.499963 0 799796.304325
9496.5 0 841588.238925
10226.999963 0 841589.635775
10227 0 850640.89505
10592.25 0 850644.41185
10957.499963 0 850644.41185
10957.5 0 836066.949025
12053.249963 0 836081.3088
12053.25 0 787482.816375
12783.749963 0 787492.204675
12783.75 0 727162.389525
13879.499963 0 727180.489875
13879.5 0 633672.192525
14609.999963 0 633679.389875
14610 0 556026.6266
15705.749963 0 556035.529475
15705.75 0 458224.9993
16436.249963 0 458226.53025
16436.25 0 389718.200975
17531.999963 0 389716.0903
17532 0 311358.881125
18262.499963 0 311356.094725
18262.5 0 260875.355275
19358.249963 0 260869.082775
19358.25 0 205790.862455
20088.749963 0 205788.18066
20088.75 0 205079.95004
20453.999963 0 205079.95004
20454 0 158070.6140725
21184.499963 0 158067.6028025
21184.5 0 133235.9817175
22280.249963 0 133230.4012875
22280.25 0 104365.57198
23010.749963 0 104363.0000825
23010.75 0 88453.7489225
24106.499963 0 88448.9719525
24106.5 0 69993.58555
24836.999963 0 69991.34763
24837 0 59817.2854425
25932.749963 0 59813.06145
25932.75 0 47986.849435
26663.249963 0 47984.8531
26663.25 0 41421.43121
27758.999963 0 41417.68697
27759 0 33751.81761
28489.499963 0 33750.08613
28489.5 0 29450.4231675
29585.249963 0 29447.2859725
29585.25 0 24375.12652325
30315.749963 0 24373.73175775
30315.75 0 21503.976585
31411.499963 0 21501.542247
31411.5 0 18072.81043475
32141.999963 0 18071.763334
32142 0 16103.26657325
33237.749963 0 16101.4851335
33237.75 0 13737.05674825
33968.249963 0 13736.3052995
33968.25 0 12347.6308715
35063.999963 0 12346.36476925
35064 0 10673.3431685
35794.499963 0 10672.81072125
35794.5 0 9678.941719
36890.249963 0 9678.043813
36890.25 0 8452.5502415
37620.749963 0 8452.1717795
37620.75 0 7724.51960425
38716.499963 0 7723.8762875
38716.5 0 6823.09484975
39446.999963 0 6822.8204135
39812.249963 0 6275.8131425
40542.749963 0 6275.34297375
40542.75 0 5587.7094965
41273.249963 0 5587.50760475
41638.499963 0 5174.09995625
42368.999963 0 5173.75092275
42369 0 4640.9086995
43464.75 0 4321.75617175
44195.249963 0 4321.6275085
44560.499963 0 3903.577266
46386.75 0 3324.6650755
48578.249963 0 2855.9031215
50404.5 0 2339.63452105
54057 0 1813.42278755
55883.25 0 1613.992700375
57709.5 0 1444.905643475
61362 0 1176.618706775
65014.5 0 979.239223325
81085.5 0 534.0302465
89121 0 415.9901328
97156.499963 0 341.06404325
99347.99996 0 310.46173785
101174.24996 0 301.822433375
105191.99996 0 269.382637075
109209.74996 0 243.7250313575
113227.49996 0 222.5541418575
128933.25 0 142.82923888
145004.24996 0 102.32705753
153039.74996 0 80.4192069125
160709.99996 0 71.109434665
176415.75 0 52.873467035
184451.24996 0 43.8091411075
192121.5 0 45.902638335
223898.24996 0 12.2594794365
255309.75 0 58.3387993825
381686.25 0 14.32095950375
384242.99996 0 14.32270001525
