0 0 6929.6599315
365.2499635 0 6929.6599315
365.25 0 9692.146155
730.4999635 0 9692.146155
730.5 0 13001.08492475
1095.7499635 0 13001.08492475
1095.75 0 15833.3634915
1460.9999635 0 15833.3634915
1461 0 17785.1890975
1826.2499635 0 17785.1890975
1826.25 0 19155.81903525
2191.4999635 0 19155.81903525
2191.5 0 20428.955308
2556.7499635 0 20428.955308
2556.75 0 21938.82909825
2921.9999635 0 21938.82909825
2922 0 23855.747027
3287.2499635 0 23855.747027
3287.25 0 26240.552705
3652.4999635 0 26240.552705
3652.5 0 29100.45444
4017.7499635 0 29100.45444
4017.75 0 32418.2284025
4382.9999635 0 32418.2284025
4383 0 36163.50435
4748.2499635 0 36163.50435
4748.25 0 40286.465835
5113.4999635 0 40286.465835
5113.5 0 44757.516325
5478.7499635 0 44757.516325
5478.75 0 51656.1339125
5843.9999635 0 51656.1339125
5844 0 58596.5616425
6209.2499635 0 58596.5616425
6209.25 0 63911.243935
6939.7499635 0 63911.243935
6939.75 0 74834.6503575
7304.9999635 0 74834.6503575
7305 0 81863.98394
8035.499963 0 81872.5998025
8035.5 0 91137.758325
9131.249963 0 91137.758325
9131.25 0 96208.34627
9496.499963 0 96208.34627
9496.5 0 101235.4508325
10226.999963 0 101235.4508325
10227 0 102323.962215
10957.499963 0 102323.962215
10957.5 0 100569.8219025
12053.249963 0 100569.8219025
12053.25 0 94722.7876725
12783.749963 0 94722.7876725
12783.75 0 87464.4963975
13879.499963 0 87464.4963975
13879.5 0 76215.29799
14609.999963 0 76215.29799
14610 0 66872.557475
15705.749963 0 66872.557475
15705.75 0 55106.6750875
16436.249963 0 55106.6750875
16436.25 0 46865.7987475
17531.999963 0 46865.7987475
17532 0 37440.4555725
18262.499963 0 37440.4555725
18262.5 0 31368.56673
19358.249963 0 31368.56673
19358.25 0 24743.6334095
20088.749963 0 24743.6334095
20088.75 0 24658.8828475
20453.999963 0 24658.8828475
20454 0 19004.5340375
21184.499963 0 19004.5340375
21184.5 0 16017.9074545
22280.249963 0 16017.9074545
22280.25 0 12546.09687025
23010.749963 0 12546.09687025
23010.75 0 10632.6840975
24106.499963 0 10632.6840975
24106.5 0 8412.97428375
24836.999963 0 8412.97428375
24837 0 7189.40619425
25932.749963 0 7189.40619425
25932.75 0 5767.08494525
26663.249963 0 5767.08494525
26663.25 0 4977.80978275
27758.999963 0 4977.80978275
27759 0 4055.90288175
28489.499963 0 4055.90288175
28489.5 0 3538.900036
29585.249963 0 3538.900036
29585.25 0 2928.94983975
30315.749963 0 2928.94983975
30315.75 0 2583.90819925
31411.499963 0 2583.90819925
31411.5 0 2171.602456375
32141.999963 0 2171.602456375
32142 0 1934.931484075
33237.749963 0 1934.931484075
33237.75 0 1650.6129325
33968.249963 0 1650.6129325
33968.25 0 1483.654797425
35063.999963 0 1483.654797425
35064 0 1282.4768502
35794.499963 0 1282.4768502
35794.5 0 1162.984805875
36890.249963 0 1162.984805875
36890.25 0 1015.6197718
37620.749963 0 1015.6197718
37620.75 0 928.133723525
38716.499963 0 928.133723525
38716.5 0 819.814502875
39446.999963 0 819.814502875
39812.249963 0 754.04633225
40542.749963 0 754.04633225
40542.75 0 671.357146675
41273.249963 0 671.357146675
41638.499963 0 621.651596375
42368.999963 0 621.651596375
42369 0 557.575639575
43464.75 0 519.236785425
44195.249963 0 519.236785425
44560.499963 0 468.964383725
46386.75 0 399.400706825
48578.249963 0 343.0594292
50404.5 0 280.99949395
54057 0 217.7483632225
55883.25 0 193.7746158575
57709.5 0 173.4471059475
61362 0 141.18995744
65014.5 0 117.4542317975
81085.5 0 63.88874593
89121 0 49.676363995
97156.499963 0 40.65071431
99347.99996 0 36.9661266825
101174.24996 0 35.924111755
105191.99996 0 32.01602392
109209.74996 0 28.92409037
113227.49996 0 26.3724370575
128933.25 0 16.76575455875
145004.24996 0 11.88274397275
153039.74996 0 9.24392394325
160709.99996 0 8.1218351775
168745.49996 0 6.14439821975
176415.75 0 5.92783169425
192121.5 0 5.09392567475
223898.24996 0 1.068829221525
255309.75 0 6.64271455025
381686.25 0 1.530021185175
384242.99996 0 1.530231289625
