0 0 22.8056810405
365.2499635 0 22.8056810405
365.25 0 22.35687885
730.4999635 0 22.35687885
730.5 0 21.75311430525
1095.7499635 0 21.75311430525
1095.75 0 21.002258727
1460.9999635 0 21.002258727
1461 0 20.15003422325
1826.2499635 0 20.15003422325
1826.25 0 19.2496235455
2191.4999635 0 19.2496235455
2191.5 0 18.3450376455
2556.7499635 0 18.3450376455
2556.75 0 17.46605065025
2921.9999635 0 17.46605065025
2922 0 16.63052703625
3287.2499635 0 16.63052703625
3287.25 0 15.8475701575
3652.4999635 0 15.8475701575
3652.5 0 15.12026009575
4017.7499635 0 15.12026009575
4017.75 0 14.44852840525
4382.9999635 0 14.44852840525
4383 0 13.8303216975
4748.2499635 0 13.8303216975
4748.25 0 13.26221765925
5113.4999635 0 13.26221765925
5113.5 0 12.74065708425
5478.7499635 0 12.74065708425
5478.75 0 12.2620807665
5843.9999635 0 12.2620807665
5844 0 11.8227241615
6209.2499635 0 11.8227241615
6209.25 0 11.41923340175
6574.4999635 0 11.41923340175
6574.5 0 11.0483230665
6939.7499635 0 11.0483230665
6939.75 0 10.70739219725
7304.9999635 0 10.70739219725
7305 0 10.3934976045
7670.2499635 0 10.3934976045
7670.25 0 10.10451745375
8035.499963 0 10.10451745375
8035.5 0 9.83812457225
8400.749963 0 9.83812457225
8400.75 0 9.59247091025
8765.999963 0 9.59247091025
8766 0 9.365708419
9496.499963 0 9.15639972625
9861.75 0 8.78432580425
10592.249963 0 8.619028063
10957.5 0 8.32470910325
11322.75 0 8.193908282
11687.999963 0 8.193908282
11688 0 8.07262149225
12053.249963 0 8.07262149225
12053.25 0 7.9605065025
12418.499963 0 7.9605065025
12418.5 0 7.85653661875
12783.749963 0 7.85653661875
12783.75 0 7.76009582475
13148.999963 0 7.76009582475
13149 0 7.67049965775
13514.249963 0 7.67049965775
13514.25 0 7.58672142375
13879.499963 0 7.58672142375
13879.5 0 7.50807665975
14244.75 0 7.43353867225
14609.999963 0 7.43353867225
14975.25 0 7.29281314175
15340.5 0 7.22518822725
15705.749963 0 7.22518822725
16070.999963 0 7.15831622175
17166.749963 0 6.95352681375
17897.25 0 6.7655634285
18993 0 6.53380615
20088.749963 0 6.4112623685
21184.499963 0 6.23408624225
21915 0 6.07186858325
23010.749963 0 5.97262149225
23741.25 0 5.8364134155
25567.499963 0 5.6783025325
27393.749963 0 5.51540041075
28854.75 0 5.38535249825
31046.25 0 5.264202601
33237.75 0 5.17316906225
37620.749963 0 5.05817932925
42003.749963 0 4.979466119
46021.5 0 4.92402464075
56248.499963 0 4.83230663925
66110.249963 0 4.751540041
75972 0 4.66735112925
85833.75 0 4.5859000685
96060.749963 0 4.50308008225
105922.49996 0 4.41957563325
111035.99996 0 4.37349327725
113592.74996 0 4.351601867
114688.49996 0 4.34202437525
115053.74996 0 4.33860384225
115418.99996 0 4.335867416
115784.24996 0 4.33244688325
125645.99996 0 4.247617669
135872.99996 0 4.159367922
145734.74996 0 4.07248638825
155596.49996 0 3.984236641
165458.24996 0 3.891198148
175319.99996 0 3.79405501575
185181.74996 0 3.689386711
195043.49996 0 3.5751409145
204905.24996 0 3.4492653065
211845 0 3.34528110825
218784.75 0 3.2392445905
225724.5 0 3.1243146875
232664.25 0 3.00185961225
239604 0 2.87256347125
246543.75 0 2.7364262645
253483.5 0 2.5961844185
257135.99996 0 2.5284578685
260423.25 0 2.45252203955
264075.74996 0 2.38411138295
267363 0 2.3081755541
271015.49996 0 2.2397648975
274302.75 0 2.16382906865
277955.24996 0 2.0961025186
281242.5 0 2.0215349029
284894.99996 0 1.95586067255
288182.25 0 1.882661269975
291834.74996 0 1.819039359325
295122 0 1.749260489575
298774.49996 0 1.687690898625
302061.75 0 1.621332561725
305714.24996 0 1.562499397025
309001.5 0 1.498877486375
315941.25 0 1.3832634767
332377.5 0 1.138353326025
348813.75 0 0.9310690365
381686.25 0 0.61706412265
384242.99996 0 0.6173853525
