0 0 5.48043805625
1460.9999635 0 5.30364818625
2556.75 0 5.09178644775
4017.7499635 0 4.93175906925
5113.4999635 0 4.76091718
5113.5 0 4.7006160165
5843.9999635 0 4.63839835725
5844 0 4.574606434
6209.2499635 0 4.574606434
6209.25 0 4.50917180025
6574.4999635 0 4.50917180025
6574.5 0 4.44257357975
6939.7499635 0 4.44257357975
6939.75 0 4.374880219
7304.9999635 0 4.374880219
7305 0 4.3067077345
7670.2499635 0 4.3067077345
7670.25 0 4.23812457225
8035.499963 0 4.23812457225
8035.5 0 4.16988364125
8400.749963 0 4.16988364125
8400.75 0 4.10198494175
8765.999963 0 4.10198494175
8766 0 4.03497604375
9131.249963 0 4.03497604375
9131.25 0 3.96919917875
9496.499963 0 3.96919917875
9496.5 0 3.9047227925
10592.25 0 3.722108145
11688 0 3.5579739905
12783.749963 0 3.45947980825
13514.25 0 3.3273100615
14609.999963 0 3.2475701575
15340.5 0 3.13394934975
16436.249963 0 3.05817932925
17166.75 0 2.93273218975
18262.499963 0 2.85181382625
18993 0 2.7258446895
20088.749963 0 2.63559206025
20819.25 0 2.51314168375
21914.999963 0 2.432922655725
22645.5 0 2.315400410675
23741.249963 0 2.239219712525
24471.75 0 2.128747433275
25567.499963 0 2.057631759075
26298 0 1.955030800825
27028.5 0 1.889459274475
27759 0 1.826146475025
28124.249963 0 1.826146475025
28124.25 0 1.79534565365
28489.499963 0 1.79534565365
28489.5 0 1.765092402475
28854.749963 0 1.765092402475
28854.75 0 1.7354551677
29219.999963 0 1.7354551677
29220 0 1.7062970568
29585.249963 0 1.7062970568
29585.25 0 1.677823408625
29950.499963 0 1.677823408625
29950.5 0 1.64976043805
30315.749963 0 1.64976043805
30315.75 0 1.62245037645
30680.999963 0 1.62245037645
30681 0 1.595550992475
31046.249963 0 1.595550992475
31046.25 0 1.569267624925
31411.499963 0 1.569267624925
31411.5 0 1.543531827525
31776.749963 0 1.543531827525
31776.75 0 1.518343600275
32141.999963 0 1.518343600275
32142 0 1.493634496925
32507.249963 0 1.493634496925
32507.25 0 1.46954141
32872.499963 0 1.46954141
33237.749963 0 1.445995893225
33968.249963 0 1.40034223135
34698.75 0 1.335728952775
35429.25 0 1.295003422325
36524.999963 0 1.2561943874
37255.499963 0 1.219233401775
38716.5 0 1.134017796025
39812.25 0 1.087542778925
40908 0 1.04435318275
42003.75 0 1.00417522245
43099.499963 0 0.97891854895
44195.249963 0 0.9431211499
45290.999963 0 0.9097193703
47117.25 0 0.849623545525
49308.75 0 0.797125256675
51500.249963 0 0.758384668025
53691.749963 0 0.71724845995
55518 0 0.68090349075
57709.5 0 0.6490075291
59901 0 0.62067077345
62092.5 0 0.59561943875
64284 0 0.5733744011
66475.5 0 0.5535249829
68667 0 0.5358658453
70858.5 0 0.520123203275
71954.25 0 0.5128678987
73050 0 0.506023271725
74145.749963 0 0.501642710475
74876.249963 0 0.4975359343
76337.25 0 0.48767967145
78163.499963 0 0.480424366875
79624.5 0 0.472073921975
82911.75 0 0.458726899375
86198.999963 0 0.4485284052
89486.249963 0 0.4386036961
92773.499963 0 0.4300479124
98982.75 0 0.4160164271
103730.99996 0 0.40848733745
108113.99996 0 0.40191649555
116879.99996 0 0.390828199875
125646 0 0.380971937025
134412 0 0.3722108145
143543.24996 0 0.363723477075
152309.24996 0 0.355236139625
161075.24996 0 0.346680355925
169841.24996 0 0.3379192334
178972.49996 0 0.328610540725
187738.49996 0 0.3194387406
196504.49996 0 0.31006160165
205270.49996 0 0.300410677625
214036.5 0 0.290006844625
222802.5 0 0.279603011625
231568.5 0 0.268651608475
240334.5 0 0.257289527725
249465.74996 0 0.2453114305275
258231.74996 0 0.232785763175
266997.75 0 0.21930184805
275763.75 0 0.2059548254625
284894.99996 0 0.192402464065
293660.99996 0 0.17864476386
302426.99996 0 0.164750171115
311192.99996 0 0.15112936345
329090.24996 0 0.1240246406575
346622.24996 0 0.0993839835725
381686.25 0 0.0581793292275
384242.99996 0 0.0581793292275
