0 0 24.56591989325
1095.7499635 0 21.45297741275
3287.2499635 0 16.9603011635
5113.5 0 13.3869267625
9131.25 0 10.1092402465
12783.749963 0 8.983230664
14609.999963 0 8.629431896
16070.999963 0 8.381245722
16436.249963 0 8.3169062285
16801.499963 0 8.250513347
17166.749963 0 8.177528009
17897.249963 0 8.014241326
19358.249963 0 7.71540998225
22645.499963 0 7.08761122525
25932.75 0 6.4955509925
29220 0 6.065708419
32507.25 0 5.7323750855
35794.5 0 5.4907597535
41273.25 0 5.24229979475
46752 0 5.110882957
57709.499963 0 4.98357289525
79259.249963 0 4.8117727585
122358.75 0 4.41054881625
165823.49996 0 4.0092206825
208922.99996 0 3.43599145925
252387.74996 0 2.570395029
295487.24996 0 1.6736669054
381686.25 0 0.59082539765
384242.99996 0 0.5975359343
