0 0 2.440739219725
365.2499635 0 2.440739219725
365.25 0 2.306009582475
730.4999635 0 2.306009582475
730.5 0 2.124052019175
1095.7499635 0 2.124052019175
1095.75 0 1.92998631075
1460.9999635 0 1.92998631075
1461 0 1.7467008898
1826.2499635 0 1.7467008898
1826.25 0 1.583456536625
2191.4999635 0 1.583456536625
2191.5 0 1.44181382615
2556.7499635 0 1.44181382615
2556.75 0 1.3201505818
2921.9999635 0 1.3201505818
2922 0 1.215804243675
3287.2499635 0 1.215804243675
3287.25 0 1.126125941125
3652.4999635 0 1.126125941125
3652.5 0 1.0487542779
4017.7499635 0 1.0487542779
4017.75 0 0.98166324435
4382.9999635 0 0.98166324435
4383 0 0.923230663925
4748.2499635 0 0.923230663925
4748.25 0 0.872101300475
5113.4999635 0 0.872101300475
5113.5 0 0.827166324425
5844 0 0.752429842575
6209.2499635 0 0.752429842575
6209.25 0 0.721266256
6574.4999635 0 0.721266256
6574.5 0 0.6935249829
6939.7499635 0 0.6935249829
6939.75 0 0.6687816564
7304.9999635 0 0.6687816564
7670.25 0 0.626858316225
8035.499963 0 0.626858316225
8035.5 0 0.609117043125
8400.749963 0 0.609117043125
8766 0 0.578904859675
9131.249963 0 0.578904859675
9131.25 0 0.566071184125
9496.499963 0 0.566071184125
9861.75 0 0.544195756325
10226.999963 0 0.544195756325
10227 0 0.5349007529
10592.249963 0 0.5349007529
10957.5 0 0.519069130725
11322.749963 0 0.519069130725
11322.75 0 0.512354551675
11687.999963 0 0.512354551675
12053.25 0 0.50095140315
12418.499963 0 0.50095140315
12418.5 0 0.496098562625
12783.749963 0 0.496098562625
13149 0 0.487631759075
13514.25 0 0.483737166325
13879.499963 0 0.483737166325
14244.75 0 0.47585215605
14609.999963 0 0.47585215605
14610 0 0.47156057495
14975.249963 0 0.47156057495
15340.499963 0 0.466872005475
15340.5 0 0.4617522245
16070.999963 0 0.456160164275
16436.25 0 0.4437029432
16801.499963 0 0.4437029432
16801.5 0 0.436349398425
17166.749963 0 0.436349398425
17532 0 0.419786227475
17897.249963 0 0.419786227475
17897.25 0 0.416102822225
18262.499963 0 0.416102822225
18627.75 0 0.3971595403
19358.249963 0 0.390443857
19723.5 0 0.37695096265
20453.999963 0 0.37431171185
20819.25 0 0.357809719375
21549.749963 0 0.351882272425
21915 0 0.34069815195
22645.499963 0 0.33544147845
23010.75 0 0.3255578371
23741.249963 0 0.3209377139
24106.5 0 0.312279260775
24836.999963 0 0.30823408625
25202.25 0 0.300677618075
25932.749963 0 0.297152635175
26298 0 0.290574948675
27028.499963 0 0.287508555775
27393.75 0 0.2818001369
28124.249963 0 0.279137577
28489.5 0 0.274182067075
29219.999963 0 0.2718754278
29585.249963 0 0.269678302525
30315.75 0 0.2636824093
31411.499963 0 0.260143737175
32142 0 0.25544147845
33237.749963 0 0.252635181375
33968.25 0 0.24900752909
35063.999963 0 0.24681724846
35794.5 0 0.2440109514025
37620.75 0 0.2401095140325
38716.499963 0 0.2388774811775
39447 0 0.237097878165
40542.749963 0 0.23613963039
41273.25 0 0.2348391512675
42368.999963 0 0.2340862423
43099.5 0 0.233127994525
44925.75 0 0.23189596167
46021.499963 0 0.2314168377825
46752 0 0.230869267625
48578.25 0 0.2301163586575
50404.5 0 0.22963723477
52230.75 0 0.2292265571525
54057 0 0.228952772075
57709.5 0 0.228542094455
65014.5 0 0.2281998631075
72319.5 0 0.2279945242975
75972 0 0.22733610688
79624.5 0 0.2270629484475
81450.75 0 0.2269946588375
83277 0 0.2267897900125
85103.25 0 0.226653210795
86929.499963 0 0.22644834197
90581.999963 0 0.2259020251025
94234.499963 0 0.225287418625
97886.99996 0 0.22453623293
101539.49996 0 0.22358017841
108844.49996 0 0.221053462895
112496.99996 0 0.2194828018975
116149.49996 0 0.217707272075
119801.99996 0 0.2156585838175
123454.49996 0 0.213405026735
127106.99996 0 0.21081002161
130759.49996 0 0.20801014766
134411.99996 0 0.2050054048825
138064.49996 0 0.201659214065
145004.24996 0 0.1947619636
152309.24996 0 0.18670378979
159614.24996 0 0.177962719895
166919.24996 0 0.1686753331325
174224.24996 0 0.1591830775425
181529.24996 0 0.14941766352
188834.24996 0 0.1397888287125
196139.24996 0 0.130296573125
203079 0 0.12100918636
210384 0 0.1121998268575
217689 0 0.103731915395
224994 0 0.0958103208025
232298.99996 0 0.088639911905
239603.99996 0 0.0816743718325
246908.99996 0 0.07518685902
254213.99996 0 0.0691090838575
261153.75 0 0.0634410463475
276494.24996 0 0.0533341842825
284164.49996 0 0.0487587805075
285990.74996 0 0.0476661467725
287086.49996 0 0.0471198299025
287451.74996 0 0.04684667147
287816.99996 0 0.0467100922525
291469.49996 0 0.044729693605
321420 0 0.0312766407175
381686.25 0 0.015501741142
384242.99996 0 0.015537303217
