0 0 0.315993155375
365.2499635 0 0.315993155375
365.25 0 0.2356454483225
730.4999635 0 0.2356454483225
730.5 0 0.173346338125
1095.7499635 0 0.173346338125
1095.75 0 0.127719370295
1460.9999635 0 0.127719370295
1461 0 0.0943155373025
1826.2499635 0 0.0943155373025
1826.25 0 0.0702566735125
2191.4999635 0 0.0702566735125
2191.5 0 0.05322313484
2556.7499635 0 0.05322313484
2556.75 0 0.041384668035
2921.9999635 0 0.041384668035
2922 0 0.033331279945
3287.2499635 0 0.033331279945
3287.25 0 0.0279904175225
3652.4999635 0 0.0279904175225
3652.5 0 0.02456125941125
4017.7499635 0 0.02456125941125
4017.75 0 0.02234212155475
4382.9999635 0 0.02234212155475
4383 0 0.02111455491625
4748.2499635 0 0.02111455491625
4748.25 0 0.02044218628575
5113.4999635 0 0.02044218628575
5113.5 0 0.02009271809175
5478.7499635 0 0.02009271809175
5478.75 0 0.01989856909525
6574.4999635 0 0.01953615763475
6574.5 0 0.01923505638375
6939.7499635 0 0.01923505638375
6939.75 0 0.0188120159385
7304.9999635 0 0.0188120159385
7305 0 0.0182554554815
7670.2499635 0 0.0182554554815
7670.25 0 0.0175715060335
8035.499963 0 0.0175715060335
8035.5 0 0.016773792086
8400.749963 0 0.016773792086
8400.75 0 0.015884112824
8765.999963 0 0.015884112824
8766 0 0.01492222376
9131.249963 0 0.01492222376
9131.25 0 0.013914692651
9496.499963 0 0.013914692651
9496.5 0 0.01288195623375
9861.749963 0 0.01288195623375
9861.75 0 0.01184513246925
10226.999963 0 0.01184513246925
10227 0 0.01082329564475
10592.249963 0 0.01082329564475
10592.25 0 0.00982938902675
10957.499963 0 0.00982938902675
10957.5 0 0.00887567465725
11322.749963 0 0.00887567465725
11322.75 0 0.0079723709045
11687.999963 0 0.0079723709045
11688 0 0.00712492756475
12053.249963 0 0.00712492756475
12053.25 0 0.00633675076075
12418.499963 0 0.00633675076075
12418.5 0 0.00560852171725
12783.749963 0 0.00560852171725
12783.75 0 0.0049456902305
13148.999963 0 0.0049456902305
13149 0 0.00433258813575
13514.249963 0 0.00433258813575
13514.25 0 0.0037807962505
13879.499963 0 0.0037807962505
13879.5 0 0.00328350232925
14244.749963 0 0.00328350232925
14244.75 0 0.002827081881
14609.999963 0 0.002827081881
14610 0 0.002431971642225
14975.249963 0 0.002431971642225
14975.25 0 0.002084547121925
15340.499963 0 0.002084547121925
15340.5 0 0.001777996074575
15705.749963 0 0.001777996074575
15705.75 0 0.0015191307457
16070.999963 0 0.0015191307457
16071 0 0.001301138889825
16436.249963 0 0.001301138889825
16436.25 0 0.001103583770425
18262.5 0 0.000508376529575
20454 0 0.0002452408378725
33968.25 0 3.40612274825e-05
111035.99996 0 0.00011580817344
239238.74996 0 0.000619914340175
271745.99996 0 0.001321575626325
282338.24996 0 0.001934677721
292930.49996 0 0.0029565145455
300235.49996 0 0.00397835137
307175.24996 0 0.00527267801425
313384.49996 0 0.006778184269
318863.24996 0 0.0084608089065
323976.74996 0 0.0103818621365
323976.75 0 0.010538543783
324707.24996 0 0.0106952254295
324707.25 0 0.01085190707575
325072.49996 0 0.01085190707575
325072.5 0 0.01100858872225
325437.74996 0 0.01100858872225
325437.75 0 0.01117208261425
326168.24996 0 0.0113287642605
326168.25 0 0.011499070398
326533.49996 0 0.011499070398
326533.5 0 0.01166256429
326898.74996 0 0.01166256429
326898.75 0 0.01183287042725
327263.99996 0 0.01183287042725
327264 0 0.01200317656475
327629.24996 0 0.01200317656475
327629.25 0 0.01218029494775
327994.49996 0 0.01218029494775
327994.5 0 0.012350601085
328359.74996 0 0.012350601085
328359.75 0 0.0125345317135
329090.24996 0 0.0127116500965
329090.25 0 0.01289558072475
329455.49996 0 0.01289558072475
329455.5 0 0.01307951135325
329820.74996 0 0.01307951135325
329820.75 0 0.0132634419815
330185.99996 0 0.0132634419815
330186 0 0.013460997101
331646.99996 0 0.01403322572275
331647 0 0.014244405333
332377.49996 0 0.0144419604525
332377.5 0 0.0146463278175
332742.74996 0 0.0146463278175
332742.75 0 0.01485069518225
333107.99996 0 0.01485069518225
333108 0 0.01506187479275
333473.24996 0 0.01506187479275
333473.25 0 0.0152662421575
333838.49996 0 0.0152662421575
333838.5 0 0.015491046259
334203.74996 0 0.015491046259
334203.75 0 0.01570222586925
334568.99996 0 0.01570222586925
334569 0 0.01592021772525
334934.24996 0 0.01592021772525
334934.25 0 0.0161450218265
336029.99996 0 0.01659463002925
336030 0 0.01682624637625
336395.24996 0 0.01682624637625
336395.25 0 0.01705105047775
336760.49996 0 0.01705105047775
336760.5 0 0.0172962913155
337125.74996 0 0.0172962913155
337125.75 0 0.0175279076625
337490.99996 0 0.0175279076625
337491 0 0.01776633625475
337856.24996 0 0.01776633625475
337856.25 0 0.01801157709275
338221.49996 0 0.01801157709275
338221.5 0 0.0182568179305
338586.74996 0 0.0182568179305
338586.75 0 0.0185020587685
338951.99996 0 0.0185020587685
338952 0 0.01875411185175
339317.24996 0 0.01875411185175
339317.25 0 0.019006164935
339682.49996 0 0.019006164935
339682.5 0 0.019265030264
340047.74996 0 0.019265030264
340047.75 0 0.01952389559275
340778.24996 0 0.01978276092175
340778.25 0 0.020048438496
341143.49996 0 0.020048438496
341143.5 0 0.0203141160705
341508.74996 0 0.0203141160705
341508.75 0 0.02058660589025
341873.99996 0 0.02058660589025
341874 0 0.02085909571025
342239.24996 0 0.02085909571025
342239.25 0 0.02113158553
342604.49996 0 0.02113158553
342604.5 0 0.02141088759525
342969.74996 0 0.02141088759525
342969.75 0 0.02169018966075
343334.99996 0 0.02169018966075
343335 0 0.0219763039715
343700.24996 0 0.0219763039715
343700.25 0 0.0222624182825
344065.49996 0 0.0222624182825
344065.5 0 0.02255534483875
344430.74996 0 0.02255534483875
344430.75 0 0.0228414591495
344795.99996 0 0.0228414591495
344796 0 0.023134385706
345161.24996 0 0.023134385706
345161.25 0 0.02344093675325
345526.49996 0 0.02344093675325
345526.5 0 0.02373386330975
345891.74996 0 0.02373386330975
345891.75 0 0.024040414357
346256.99996 0 0.024040414357
346257 0 0.02434696540425
346622.24996 0 0.02434696540425
346622.25 0 0.02465351645175
346987.49996 0 0.02465351645175
346987.5 0 0.0249668797445
347352.74996 0 0.0249668797445
347352.75 0 0.0252802430375
347717.99996 0 0.0252802430375
347718 0 0.025600418575
348083.24996 0 0.025600418575
348083.25 0 0.025920594115
348448.49996 0 0.025920594115
348448.5 0 0.0262475818975
348813.74996 0 0.0262475818975
348813.75 0 0.026567757435
349178.99996 0 0.026567757435
349179 0 0.02689474522
349544.24996 0 0.02689474522
349544.25 0 0.027235357495
349909.49996 0 0.027235357495
349909.5 0 0.0275623452775
350274.74996 0 0.0275623452775
350274.75 0 0.0279029575525
350639.99996 0 0.0279029575525
350640 0 0.0282435698275
351005.24996 0 0.0282435698275
351005.25 0 0.0285909943475
351370.49996 0 0.0285909943475
351370.5 0 0.0289316066225
351735.74996 0 0.0289316066225
351735.75 0 0.029279031145
352100.99996 0 0.029279031145
352101 0 0.029640080155
352466.24996 0 0.029640080155
352466.25 0 0.029987504675
352831.49996 0 0.029987504675
352831.5 0 0.03034174144
353196.74996 0 0.03034174144
353196.75 0 0.0307096026975
353561.99996 0 0.0307096026975
353562 0 0.03107065171
353927.24996 0 0.03107065171
353927.25 0 0.031438512965
354292.49996 0 0.031438512965
354292.5 0 0.0318063742225
354657.74996 0 0.0318063742225
354657.75 0 0.03217423548
355022.99996 0 0.03217423548
355023 0 0.0325489089825
355388.24996 0 0.0325489089825
355388.25 0 0.03293039473
355753.49996 0 0.03293039473
355753.5 0 0.0333050682325
356118.74996 0 0.0333050682325
356118.75 0 0.033693366225
356483.99996 0 0.033693366225
356484 0 0.0340748519725
356849.24996 0 0.0340748519725
356849.25 0 0.0344699622125
357214.49996 0 0.0344699622125
357214.5 0 0.03485144796
357579.74996 0 0.03485144796
357579.75 0 0.035253370445
357944.99996 0 0.035253370445
357945 0 0.0356416684375
358310.24996 0 0.0356416684375
358310.25 0 0.0360504031675
358675.49996 0 0.0360504031675
358675.5 0 0.036445513405
359040.74996 0 0.036445513405
359040.75 0 0.03684743589
359405.99996 0 0.03684743589
359406 0 0.037262982865
359771.24996 0 0.037262982865
359771.25 0 0.03766490535
360136.49996 0 0.03766490535
360136.5 0 0.03808726457
360501.74996 0 0.03808726457
360501.75 0 0.0384959993
360866.99996 0 0.0384959993
360867 0 0.038911546275
361232.24996 0 0.038911546275
361232.25 0 0.0393339054975
361597.49996 0 0.0393339054975
361597.5 0 0.0397562647175
361962.74996 0 0.0397562647175
361962.75 0 0.0401786239375
362327.99996 0 0.0401786239375
362328 0 0.04061460765
362693.24996 0 0.04061460765
362693.25 0 0.04103696687
363058.49996 0 0.04103696687
363058.5 0 0.0414729505825
363423.74996 0 0.0414729505825
363423.75 0 0.041908934295
363788.99996 0 0.041908934295
363789 0 0.042344918005
364154.24996 0 0.042344918005
364154.25 0 0.0427809017175
364519.49996 0 0.0427809017175
364519.5 0 0.04323050992
364884.74996 0 0.04323050992
364884.75 0 0.0436733058775
365249.99996 0 0.0436733058775
365250 0 0.044116101835
365615.24996 0 0.044116101835
365615.25 0 0.0445725222825
365980.49996 0 0.0445725222825
365980.5 0 0.04501531824
366345.74996 0 0.04501531824
366345.75 0 0.045478550935
366710.99996 0 0.045478550935
366711 0 0.0459281591375
367076.24996 0 0.0459281591375
367076.25 0 0.04639139183
367441.49996 0 0.04639139183
367441.5 0 0.04684781228
367806.74996 0 0.04684781228
367806.75 0 0.0473110449725
368171.99996 0 0.0473110449725
368172 0 0.0477742776675
368537.24996 0 0.0477742776675
368537.25 0 0.048244322605
368902.49996 0 0.048244322605
368902.5 0 0.048714367545
369267.74996 0 0.048714367545
369267.75 0 0.04917760024
369632.99996 0 0.04917760024
369633 0 0.0496544574225
369998.24996 0 0.0496544574225
369998.25 0 0.0501313146075
370363.49996 0 0.0501313146075
370363.5 0 0.0506081717925
370728.74996 0 0.0506081717925
370728.75 0 0.0510850289775
371093.99996 0 0.0510850289775
371094 0 0.0515618861625
371459.24996 0 0.0515618861625
371459.25 0 0.0520523678375
371824.49996 0 0.0520523678375
371824.5 0 0.0525292250225
372189.74996 0 0.0525292250225
372189.75 0 0.0530197067
372554.99996 0 0.0530197067
372555 0 0.05350337613
372920.24996 0 0.05350337613
372920.25 0 0.05398704556
373285.49996 0 0.05398704556
373285.5 0 0.05448433948
373650.74996 0 0.05448433948
373650.75 0 0.0549816334025
374015.99996 0 0.0549816334025
374016 0 0.0554653028325
374381.24996 0 0.0554653028325
374381.25 0 0.0559625967525
374746.49996 0 0.0559625967525
374746.5 0 0.056459890675
375111.74996 0 0.056459890675
375111.75 0 0.0569639968425
375476.99996 0 0.0569639968425
375477 0 0.0574544785175
375842.24996 0 0.0574544785175
375842.25 0 0.057958584685
376207.49996 0 0.057958584685
376207.5 0 0.058455878605
376572.74996 0 0.058455878605
376572.75 0 0.0589667970175
376937.99996 0 0.0589667970175
376938 0 0.0594640909375
377303.24996 0 0.0594640909375
377303.25 0 0.05997500935
377668.49996 0 0.05997500935
377668.5 0 0.0604791155175
378033.74996 0 0.0604791155175
378033.75 0 0.060983221685
378398.99996 0 0.060983221685
378399 0 0.0614941400975
378764.24996 0 0.0614941400975
378764.25 0 0.06200505851
379129.49996 0 0.06200505851
379129.5 0 0.062509164675
379494.74996 0 0.062509164675
379494.75 0 0.0630268953325
379859.99996 0 0.0630268953325
379860 0 0.063537813745
380225.24996 0 0.063537813745
380225.25 0 0.0640487321575
380590.49996 0 0.0640487321575
380590.5 0 0.06455965057
380955.74996 0 0.06455965057
380955.75 0 0.0650773812275
381320.99996 0 0.0650773812275
381321 0 0.06558829964
381686.24996 0 0.06558829964
381686.25 0 0.0661060302975
384242.99996 0 0.066420260095
