0 0 0.2049895350475
9861.749963 0 0.0514229632775
21184.499963 0 0.180926047255
23375.999963 0 0.2414815171225
25202.249963 0 0.29901041315
27393.749963 0 0.37396524505
29219.999963 0 0.439370773775
33237.749963 0 0.586346409025
36890.249963 0 0.717719593425
40907.999963 0 0.8552418984
44925.749963 0 0.98574447155
48943.499963 0 1.11133186135
52595.999963 0 1.2234624801
56613.749963 0 1.346979597425
60631.499963 0 1.4731154038
68301.749963 0 1.728334755475
76337.249963 0 2.0268104625
84007.499963 0 2.350993195275
91677.749963 0 2.72083160575
99347.99996 0 3.14215262
107018.24996 0 3.61954922625
114688.49996 0 4.1569288925
121993.49996 0 4.727350656
129298.49996 0 5.3568643025
136603.49996 0 6.04629245725
143543.24996 0 6.75854845075
150482.99996 0 7.52496057875
157422.74996 0 8.34415779925
164362.49996 0 9.21408355075
171302.24996 0 10.13131022975
179337.74996 0 11.2480234285
187373.24996 0 12.4147796375
195408.74996 0 13.621296046
203444.24996 0 14.890880358
210749.24996 0 16.2249036145
212575.49996 0 16.59988343
213671.24996 0 16.83158942225
214036.49996 0 16.91042430125
214401.74996 0 16.989944701
217688.99996 0 17.731678084
223898.25 0 19.33853857375
230107.5 0 20.93922937725
236316.75 0 22.5474609085
242526 0 24.06707734425
250196.25 0 25.8507871325
257866.5 0 27.4305270375
265902 0 28.8268309375
273937.5 0 29.93155373
288182.25 0 31.10882957
298043.99996 0 31.3141683775
307540.49996 0 31.047227925
318132.74996 0 30.212183435
328724.99996 0 28.836413415
339317.24996 0 27.01560459
349544.24996 0 24.8573708985
365615.25 0 20.86977722075
381686.25 0 16.7451528325
384242.99996 0 16.7282683095
