0 0 1.373754406775e-19
11687.999963 0 5.546512811e-07
47847.749963 0 1.609367025075
54056.999963 0 2.89796239625
60266.249963 0 4.5070821455
66475.499963 0 6.35787277
72319.499963 0 8.26794089725
78528.749963 0 10.4410143055
84372.749963 0 12.60701287875
90581.999963 0 15.03574198225
96425.999963 0 17.452862861
101904.74996 0 19.85006430075
107383.49996 0 22.39288370775
112862.24996 0 25.102614275
117975.74996 0 27.80341544
123454.49996 0 30.9046660125
128933.24996 0 34.244262975
134411.99996 0 37.8469339075
139525.49996 0 41.4667767675
148656.74996 0 48.6082390525
157787.99996 0 56.6948443675
166919.24996 0 65.7959673125
171667.49996 0 70.9475463375
176050.49996 0 75.95488115
180798.74996 0 81.676568255
185181.74996 0 87.2265360575
194312.99996 0 99.576588175
203444.24996 0 113.0256438175
212210.24996 0 126.91430087
219515.24996 0 139.33990948
226454.99996 0 152.3562324825
231568.49996 0 163.2432361575
236681.99996 0 175.71692617
243986.99996 0 196.9345629825
248004.74996 0 210.383618625
252022.49996 0 224.9591528825
258596.99996 0 250.689572925
265171.49996 0 277.731928425
268458.74996 0 291.373309675
269189.24996 0 294.40243815
269554.49996 0 295.913568
270284.99996 0 298.928958925
271745.99996 0 304.946003225
277955.25 0 331.445725725
285260.25 0 359.298596325
292565.25 0 383.64134155
307175.25 0 427.036276525
320689.5 0 456.8788501
337125.75 0 478.7816564
352100.99996 0 484.052019175
366345.74996 0 476.112251875
381686.25 0 453.610162125
384242.99996 0 453.18275155
