0 0 0.049512879285
365.2499635 0 0.04877761807
365.25 0 0.04395612594
730.4999635 0 0.04395612594
730.5 0 0.0394516769325
1095.7499635 0 0.0394516769325
1095.75 0 0.035268720055
1460.9999635 0 0.035268720055
1461 0 0.03140698152
1826.2499635 0 0.03140698152
1826.25 0 0.0278623545525
2191.4999635 0 0.0278623545525
2191.5 0 0.02462655715275
2556.7499635 0 0.02462655715275
2556.75 0 0.021688843258
2921.9999635 0 0.021688843258
2922 0 0.01903511293625
3287.2499635 0 0.01903511293625
3287.25 0 0.01665092402475
3652.4999635 0 0.01665092402475
3652.5 0 0.01451950718675
4017.7499635 0 0.01451950718675
4017.75 0 0.01262149212875
4382.9999635 0 0.01262149212875
4383 0 0.010941136208
4748.2499635 0 0.010941136208
4748.25 0 0.00945995893225
5113.4999635 0 0.00945995893225
5113.5 0 0.00816084873375
5478.7499635 0 0.00816084873375
5478.75 0 0.007024640657
5843.9999635 0 0.007024640657
5844 0 0.006036276523
6209.2499635 0 0.006036276523
6209.25 0 0.005180698152
6574.4999635 0 0.005180698152
6574.5 0 0.004442162902
6939.7499635 0 0.004442162902
6939.75 0 0.0038069815195
7304.9999635 0 0.0038069815195
7305 0 0.0032628336755
7670.2499635 0 0.0032628336755
7670.25 0 0.0027980835045
8035.499963 0 0.0027980835045
8035.5 0 0.0024031485284
8400.749963 0 0.0024031485284
8400.75 0 0.002067077344275
8765.999963 0 0.002067077344275
8766 0 0.001783025325125
9131.249963 0 0.001783025325125
9131.25 0 0.00154277891855
9496.499963 0 0.00154277891855
9496.5 0 0.001340862423
9861.75 0 0.0011711156742
11322.75 0 0.0007248459959
21549.75 0 0.0001697467488025
43830 0 1.368925393575e-05
46751.999963 0 1.163586584525e-05
48212.999963 0 1.026694045175e-05
48578.249963 0 9.582477755e-06
48943.499963 0 9.582477755e-06
49308.749963 0 9.582477755e-06
49673.999963 0 8.89801505825e-06
50039.249963 0 8.89801505825e-06
50769.749963 0 8.2135523615e-06
51865.5 0 7.5290896645e-06
54422.25 0 6.84462696775e-06
59900.999963 0 4.7912388775e-06
65014.5 0 4.10677618075e-06
75606.75 0 3.422313484e-06
81085.499963 0 2.73785078725e-06
86199 0 2.73785078725e-06
107383.5 0 2.73785078725e-06
128567.99996 0 4.7912388775e-06
170936.99996 0 1.43737166325e-05
192121.49996 0 2.73785078725e-05
212940.74996 0 4.92813141675e-05
255309.74996 0 0.0001396303901425
297313.5 0 0.00028747433265
381686.25 0 0.0002213274351625
384242.99996 0 0.00022108145106
