0 0 1.3562630986
1826.2499635 0 4075.9563755
3287.2499635 0 36752.987355
3287.25 0 56753.357485
3652.4999635 0 56753.357485
3652.5 0 84109.1597775
4017.7499635 0 84109.1597775
4017.75 0 120127.0739175
4382.9999635 0 120127.0739175
4383 0 166044.272385
4748.2499635 0 166044.272385
4748.25 0 223009.9128575
5113.4999635 0 223009.9128575
5113.5 0 292075.8198
5478.7499635 0 292075.8198
5478.75 0 374190.771
5843.9999635 0 374190.771
5844 0 470197.640775
6209.2499635 0 470197.640775
6209.25 0 580819.456425
6574.4999635 0 580819.456425
6574.5 0 706647.2911
6939.7499635 0 706647.2911
6939.75 0 848113.7368
7304.9999635 0 848113.7368
7305 0 1005469.77855
7670.2499635 0 1005469.77855
7670.25 0 1178752.8261
8035.499963 0 1178752.8261
8035.5 0 1367752.02475
8400.749963 0 1367752.02475
8400.75 0 1571996.01245
8765.999963 0 1571996.01245
8766 0 1790699.865875
9131.249963 0 1790699.865875
9131.25 0 2022701.163875
9496.499963 0 2022701.163875
9496.5 0 2266190.6378
9861.749963 0 2266190.6378
9861.75 0 2518229.9265
10226.999963 0 2518229.9265
10227 0 2774268.65125
10592.249963 0 2774268.65125
10592.25 0 3028164.82075
10957.499963 0 3028164.82075
10957.5 0 3272858.20675
11322.749963 0 3272858.20675
11322.75 0 3501458.62375
11687.999963 0 3501458.62375
11688 0 3708191.376
12053.249963 0 3731560.575
12053.25 0 3913483.91525
12418.499963 0 3913483.91525
12418.5 0 4067029.432
12783.749963 0 4067029.432
12783.75 0 4191622.1765
13148.999963 0 4191622.1765
13149 0 4287967.14575
13514.249963 0 4287967.14575
13514.25 0 4357700.20525
13879.499963 0 4357700.20525
13879.5 0 4403066.393
14610 0 4430835.0445
15705.749963 0 4391786.44775
15705.75 0 4353114.30525
16070.999963 0 4353114.30525
16071 0 4304517.45375
16436.249963 0 4304517.45375
16436.25 0 4247570.1575
16801.499963 0 4247570.1575
16801.5 0 4178234.3225
17166.749963 0 4178234.3225
17166.75 0 4100332.08075
17531.999963 0 4100332.08075
17532 0 4040461.65975
17897.249963 0 4040461.65975
17897.25 0 3950787.132
18262.499963 0 3950787.132
18262.5 0 3857616.704
18627.749963 0 3857616.704
18627.75 0 3781580.7395
18992.999963 0 3781580.7395
18993 0 3708098.92875
19358.249963 0 3708098.92875
19358.25 0 3613210.13
19723.499963 0 3613210.13
19723.5 0 3533264.887
20088.749963 0 3533264.887
20088.75 0 3454004.10675
20453.999963 0 3454004.10675
20454 0 3375496.2355
20819.249963 0 3375496.2355
20819.25 0 3298015.05825
21184.499963 0 3298015.05825
21184.5 0 3221765.91375
21549.749963 0 3221765.91375
21549.75 0 3146817.2485
21914.999963 0 3146817.2485
21915 0 3073374.401
22280.249963 0 3073374.401
22280.25 0 3001300.479
22645.499963 0 3001300.479
22645.5 0 2930800.82125
23010.749963 0 2930800.82125
23010.75 0 2861875.42775
23375.999963 0 2861875.42775
23376 0 2794455.85225
23741.249963 0 2794455.85225
23741.25 0 2728678.987
24106.499963 0 2728678.987
24106.5 0 2664544.83225
24471.749963 0 2664544.83225
24471.75 0 2601848.04925
24836.999963 0 2601848.04925
24837 0 2540725.5305
25202.249963 0 2540725.5305
25202.25 0 2481245.7221
25567.499963 0 2481245.7221
25567.5 0 2423134.83915
25932.749963 0 2423134.83915
25932.75 0 2366529.774125
26297.999963 0 2366529.774125
26298 0 2311430.527025
26663.249963 0 2311430.527025
26663.25 0 2257700.20535
27028.499963 0 2257700.20535
27028.5 0 2205338.809025
27393.749963 0 2205338.809025
27393.75 0 2154346.338125
27758.999963 0 2154346.338125
27759 0 2104722.7926
28124.249963 0 2104722.7926
28124.25 0 2056331.27995
28489.499963 0 2056331.27995
28489.5 0 1963729.1457
28854.749963 0 1963729.1457
28854.75 0 1918775.100875
29219.999963 0 1918775.100875
29220 0 1875158.97405
29585.249963 0 1875158.97405
29585.25 0 1832546.285725
29950.499963 0 1832546.285725
29950.5 0 1791070.8277
30315.749963 0 1791070.8277
30315.75 0 1750665.704075
30680.999963 0 1750665.704075
30681 0 1711330.91485
31046.249963 0 1711330.91485
31046.25 0 1672999.564125
31411.499963 0 1672999.564125
31411.5 0 1635604.756
31776.749963 0 1635604.756
31776.75 0 1599213.386375
32141.999963 0 1599213.386375
32142 0 1563758.559375
32507.249963 0 1563758.559375
32507.25 0 1529240.27495
32872.499963 0 1529240.27495
32872.5 0 1495591.637225
33237.749963 0 1495591.637225
33237.75 0 1462745.7503
33602.999963 0 1462745.7503
33603 0 1430769.510075
33968.249963 0 1430769.510075
33968.25 0 1399596.020675
34333.499963 0 1399596.020675
34333.5 0 1369292.17795
34698.749963 0 1369292.17795
34698.75 0 1339657.294225
35063.999963 0 1339657.294225
35064 0 1310825.1613
35429.249963 0 1310825.1613
35429.25 0 1282728.8833
35794.499963 0 1282728.8833
35794.5 0 1255301.564275
36159.749963 0 1255301.564275
36159.75 0 1228610.10015
36524.999963 0 1228610.10015
36525 0 1202654.49095
36890.249963 0 1202654.49095
36890.25 0 1177234.048925
37255.499963 0 1177234.048925
37255.5 0 1152549.4618
37620.749963 0 1152549.4618
37620.75 0 1128400.0419
37985.999963 0 1128400.0419
37986 0 1104986.476875
38351.249963 0 1104986.476875
38351.25 0 1082108.079075
38716.499963 0 1082108.079075
38716.5 0 1059831.74435
39081.749963 0 1059831.74435
39081.75 0 1038023.68095
39446.999963 0 1038023.68095
39447 0 1016884.576525
39812.249963 0 1016884.576525
39812.25 0 996213.743425
40177.499963 0 996213.743425
40177.5 0 976011.1816
40542.749963 0 976011.1816
40542.75 0 956410.6829
40907.999963 0 956410.6829
40908 0 937345.351375
41273.249963 0 937345.351375
41273.25 0 918614.499375
41638.499963 0 918614.499375
41638.5 0 900418.81455
42003.749963 0 900418.81455
42003.75 0 882624.50515
42368.999963 0 882624.50515
42369 0 865365.362925
42734.249963 0 865365.362925
42734.25 0 848507.596125
43099.499963 0 848507.596125
43099.5 0 832051.204725
43464.749963 0 832051.204725
43464.75 0 815929.2928
43829.999963 0 815929.2928
43830 0 800342.5481
44195.249963 0 800342.5481
44195.25 0 785090.282875
46752 0 688091.227825
54787.5 0 470478.865
64284 0 319361.0268
74876.25 0 221559.2209375
89486.25 0 146234.43749
108844.5 0 94189.4272575
134412 0 58935.2879375
217323.75 0 15319.1611095
381686.25 0 66.89590004
384242.99996 0 68.4462696775
