0 0 0.02087659137575
365.2499635 0 0.02087659137575
365.25 0 0.0194982092545
730.4999635 0 0.0194982092545
730.5 0 0.01826141144425
1095.7499635 0 0.01826141144425
1095.75 0 0.017051585667
1460.9999635 0 0.017051585667
1461 0 0.01594984770675
1826.2499635 0 0.01594984770675
1826.25 0 0.01480629705675
2191.4999635 0 0.01480629705675
2191.5 0 0.013773100616
2556.7499635 0 0.013773100616
2556.75 0 0.01279650924025
2921.9999635 0 0.01279650924025
2922 0 0.011874606434
3287.2499635 0 0.011874606434
3287.25 0 0.0110054757015
3652.4999635 0 0.0110054757015
3652.5 0 0.010187063655
4017.7499635 0 0.010187063655
4017.75 0 0.00941759069125
4382.9999635 0 0.00941759069125
4383 0 0.0086947980835
4748.2499635 0 0.0086947980835
4748.25 0 0.0080169062285
5113.4999635 0 0.0080169062285
5113.5 0 0.00738193018475
5478.7499635 0 0.00738193018475
5478.75 0 0.00678815879525
5843.9999635 0 0.00678815879525
5844 0 0.0062336071185
6209.2499635 0 0.0062336071185
6209.25 0 0.00571670088975
6574.4999635 0 0.00571670088975
6574.5 0 0.005235797399
6939.7499635 0 0.005235797399
6939.75 0 0.00478925393575
7304.9999635 0 0.00478925393575
7305 0 0.00437529089675
7670.2499635 0 0.00437529089675
7670.25 0 0.00399247091025
8035.499963 0 0.00399247091025
8035.5 0 0.00363908282
8400.749963 0 0.00363908282
8400.75 0 0.0033135523615
8765.999963 0 0.0033135523615
8766 0 0.003014236824
9131.249963 0 0.003014236824
9131.25 0 0.00273963039025
9496.499963 0 0.00273963039025
9496.5 0 0.002487885010275
9861.749963 0 0.002487885010275
9861.75 0 0.002257837097875
10226.999963 0 0.002257837097875
10227 0 0.002047570157425
10592.249963 0 0.002047570157425
10592.25 0 0.0018559890486
10957.499963 0 0.0018559890486
10957.5 0 0.001681451060925
11322.749963 0 0.001681451060925
11322.75 0 0.001522724161525
11687.999963 0 0.001522724161525
11688 0 0.001378507871325
12053.249963 0 0.001378507871325
12053.25 0 0.001247570157425
12418.499963 0 0.001247570157425
12418.5 0 0.001128815879525
12783.749963 0 0.001128815879525
12783.75 0 0.001021286789875
13148.999963 0 0.001021286789875
13149 0 0.000923887748125
13514.249963 0 0.000923887748125
13514.25 0 0.000835728952775
13879.499963 0 0.000835728952775
13879.5 0 0.000755920602325
14244.749963 0 0.000755920602325
14244.75 0 0.000683915126625
14609.999963 0 0.000683915126625
14610 0 0.000618685831625
14975.249963 0 0.000618685831625
14975.25 0 0.000559890485975
15340.499963 0 0.000559890485975
15340.5 0 0.00050663928815
15705.749963 0 0.00050663928815
15705.75 0 0.00045859000685
16070.999963 0 0.00045859000685
16071 0 0.000415195071875
16436.249963 0 0.000415195071875
16436.25 0 0.000375906913075
16801.499963 0 0.000375906913075
16801.5 0 0.000337447786825
17166.749963 0 0.000337447786825
17166.75 0 0.0003030744415
17531.999963 0 0.0003030744415
17532 0 0.0002796694212
17897.249963 0 0.0002796694212
17897.25 0 0.00024873374401
18262.499963 0 0.00024873374401
18262.5 0 0.0002214691161075
18627.749963 0 0.0002214691161075
18627.75 0 0.00020269885259
18992.999963 0 0.00020269885259
18993 0 0.00018507227771
19358.249963 0 0.00018507227771
19358.25 0 0.0001651608487325
19723.499963 0 0.0001651608487325
19723.5 0 0.000150239561945
23010.75 0 6.577686516e-05
27393.75 0 2.484599589325e-05
35794.5 0 5.749486653e-06
69032.249963 0 2.73785078725e-07
101904.75 0 0.0
147560.99996 0 0.0
183355.49996 0 2.05338809035e-07
218784.74996 0 7.5290896645e-07
259692.74996 0 3.01163586575e-06
300235.5 0 7.93976728275e-06
381686.25 0 1.587953456525e-05
384242.99996 0 1.587953456525e-05
