0 0 0.42224161645
365.2499635 0 0.42224161645
365.25 0 0.417382807275
730.4999635 0 0.417382807275
730.5 0 0.412966413275
1095.7499635 0 0.412966413275
1095.75 0 0.40839297685
1460.9999635 0 0.40839297685
1461 0 0.404103125825
1826.2499635 0 0.404103125825
1826.25 0 0.399268315875
2191.4999635 0 0.399268315875
2191.5 0 0.3947200638
2556.7499635 0 0.3947200638
2556.75 0 0.39018002625
2921.9999635 0 0.39018002625
2922 0 0.385633145275
3287.2499635 0 0.385633145275
3287.25 0 0.381075314525
3652.4999635 0 0.381075314525
3652.5 0 0.3764955831
4017.7499635 0 0.3764955831
4017.75 0 0.371889160375
4382.9999635 0 0.371889160375
4383 0 0.3672416734
4748.2499635 0 0.3672416734
4748.25 0 0.362539433875
5113.4999635 0 0.362539433875
5113.5 0 0.357782442975
5478.7499635 0 0.357782442975
5478.75 0 0.3529433236
5843.9999635 0 0.3529433236
5844 0 0.3480152328
6209.2499635 0 0.3480152328
6209.25 0 0.34298448335
6574.4999635 0 0.34298448335
6574.5 0 0.337837388275
6939.7499635 0 0.337837388275
6939.75 0 0.332573950325
7304.9999635 0 0.332573950325
7305 0 0.32718732795
7670.2499635 0 0.32718732795
7670.25 0 0.32168436925
8035.499963 0 0.32168436925
8035.5 0 0.316071922775
8400.749963 0 0.316071922775
8400.75 0 0.310349992825
8765.999963 0 0.310349992825
8766 0 0.302422843725
9131.249963 0 0.302422843725
9131.25 0 0.296577621475
9496.499963 0 0.296577621475
9496.5 0 0.290657676725
9861.749963 0 0.290657676725
9861.75 0 0.2846902032
10226.999963 0 0.2846902032
10227 0 0.278688800625
10592.249963 0 0.278688800625
10592.25 0 0.27264667755
10957.499963 0 0.27264667755
10957.5 0 0.2666046219
11322.749963 0 0.2666046219
11322.75 0 0.2605490448
11687.999963 0 0.2605490448
11688 0 0.2545071395
12053.249963 0 0.2545071395
12053.25 0 0.2484925045525
12418.499963 0 0.2484925045525
12418.5 0 0.2424915497175
12783.749963 0 0.2424915497175
12783.75 0 0.2365382633975
13148.999963 0 0.2365382633975
13149 0 0.230619053705
13514.249963 0 0.230619053705
13514.25 0 0.22476790724
13879.499963 0 0.22476790724
13879.5 0 0.2189644329925
14244.749963 0 0.2189644329925
14244.75 0 0.2132222242625
14609.999963 0 0.2132222242625
14610 0 0.20756167001
14975.249963 0 0.20756167001
14975.25 0 0.201955578925
15340.499963 0 0.201955578925
15340.5 0 0.19643113477
15705.749963 0 0.19643113477
15705.75 0 0.1909815349775
16070.999963 0 0.1909815349775
16071 0 0.185620366945
16436.249963 0 0.185620366945
16436.25 0 0.180340826065
16801.499963 0 0.180340826065
16801.5 0 0.1746711229775
17166.749963 0 0.1746711229775
17166.75 0 0.1690349982575
17531.999963 0 0.1690349982575
17532 0 0.1649265147475
17897.249963 0 0.1649265147475
17897.25 0 0.159094366285
18262.499963 0 0.159094366285
18262.5 0 0.1533795781325
18627.749963 0 0.1533795781325
18627.75 0 0.14897069058
18992.999963 0 0.14897069058
18993 0 0.144698202345
19358.249963 0 0.144698202345
19358.25 0 0.139384127625
19723.499963 0 0.139384127625
19723.5 0 0.13500189027
20088.749963 0 0.13500189027
20088.75 0 0.1307283611975
20453.999963 0 0.1307283611975
20454 0 0.1265576177825
20819.249963 0 0.1265576177825
20819.25 0 0.12247946037
21184.499963 0 0.12247946037
21184.5 0 0.11850568877
21549.749963 0 0.11850568877
21549.75 0 0.1146397103675
21914.999963 0 0.1146397103675
21915 0 0.11086880697
22280.249963 0 0.11086880697
22280.25 0 0.1071997700675
22645.499963 0 0.1071997700675
22645.5 0 0.1036257968875
23010.749963 0 0.1036257968875
23010.75 0 0.100153682455
23375.999963 0 0.100153682455
23376 0 0.096776626305
23741.249963 0 0.096776626305
23741.25 0 0.0934946264025
24106.499963 0 0.0934946264025
24106.5 0 0.090307680705
24471.749963 0 0.090307680705
24471.75 0 0.08720899283
24836.999963 0 0.08720899283
24837 0 0.084212155545
25202.249963 0 0.084212155545
25202.25 0 0.0812967797025
25567.499963 0 0.0812967797025
25567.5 0 0.07846285578
25932.749963 0 0.07846285578
25932.75 0 0.075723990825
26297.999963 0 0.075723990825
26298 0 0.07307338845
26663.249963 0 0.07307338845
26663.25 0 0.070490660185
27028.499963 0 0.070490660185
27028.5 0 0.06799620198
27393.749963 0 0.06799620198
27393.75 0 0.0655832181275
27758.999963 0 0.0655832181275
27759 0 0.0632381192625
28124.249963 0 0.0632381192625
28124.25 0 0.06098130133
28489.499963 0 0.06098130133
28489.5 0 0.058778781735
28854.749963 0 0.058778781735
28854.75 0 0.05666455055
29219.999963 0 0.05666455055
29220 0 0.0546182213425
29585.249963 0 0.0546182213425
29585.25 0 0.0526262047475
29950.499963 0 0.0526262047475
29950.5 0 0.050715692415
30315.749963 0 0.050715692415
30315.75 0 0.04885950085
30680.999963 0 0.04885950085
30681 0 0.047071230295
31046.249963 0 0.047071230295
31046.25 0 0.045344086405
31411.499963 0 0.045344086405
31411.5 0 0.0436780739425
31776.749963 0 0.0436780739425
31776.75 0 0.042059603535
32141.999963 0 0.042059603535
32142 0 0.040515868195
32507.249963 0 0.040515868195
32507.25 0 0.0390060875825
32872.499963 0 0.0390060875825
32872.5 0 0.0375710495125
33237.749963 0 0.0375710495125
33237.75 0 0.0361699763675
33602.999963 0 0.0361699763675
33603 0 0.034830057075
33968.249963 0 0.034830057075
33968.25 0 0.0335445013725
34333.499963 0 0.0335445013725
34333.5 0 0.032299716495
34698.749963 0 0.032299716495
34698.75 0 0.0311092999625
35063.999963 0 0.0311092999625
35064 0 0.0299664574325
35429.249963 0 0.0299664574325
35429.25 0 0.0288643952425
35794.499963 0 0.0288643952425
35794.5 0 0.027796318365
36159.749963 0 0.027796318365
36159.75 0 0.0267826213925
36524.999963 0 0.0267826213925
36525 0 0.0257961174275
36890.249963 0 0.0257961174275
36890.25 0 0.02485719902075
37255.499963 0 0.02485719902075
37255.5 0 0.0239522740855
37620.749963 0 0.0239522740855
37620.75 0 0.02308134466075
37985.999963 0 0.02308134466075
37986 0 0.02224441210525
38351.249963 0 0.02224441210525
38351.25 0 0.021441478459
38716.499963 0 0.021441478459
38716.5 0 0.0206725430415
39081.749963 0 0.0206725430415
39081.75 0 0.019930812189
39446.999963 0 0.019930812189
39447 0 0.0192230816045
39812.249963 0 0.0192230816045
39812.25 0 0.0185425562645
40177.499963 0 0.0185425562645
40177.5 0 0.017889236169
40542.749963 0 0.017889236169
40542.75 0 0.017263123357
43830 0 0.012655301271
50039.25 0 0.00747486605525
58805.25 0 0.00406391295325
71223.75 0 0.002082392382875
92043 0 0.00089648910045
154500.75 0 0.00011659749736
295852.49996 0 9.3677121425e-05
344065.49996 0 0.000553885861825
381686.25 0 0.001899167355775
384242.99996 0 0.001912457221075
