0 0 19.50279338
730.5 0 17.9722108145
3287.25 0 16.9952772075
4748.2499635 0 16.47481177275
5844 0 15.70219028075
7304.9999635 0 15.16132785775
8400.75 0 14.57111567425
10592.249963 0 14.0567419575
12418.5 0 13.68295687875
14609.999963 0 13.36824093075
16436.249963 0 12.78713210125
18627.749963 0 11.66436272125
19723.499963 0 11.08499981825
20088.749963 0 10.846680356
20453.999963 0 10.64271047225
22280.25 0 9.44969199175
24106.5 0 8.5290896645
25932.749963 0 7.85626283375
27393.75 0 7.1006160165
30681 0 5.975359343
33237.749963 0 5.377138946
35429.25 0 4.8049281315
40177.5 0 4.0171115675
43829.999963 0 3.6221765915
47117.25 0 3.2833675565
54057 0 2.83363260025
60631.5 0 2.56558627325
67206 0 2.39121940225
73780.5 0 2.27907757155
80355 0 2.208647031525
93504 0 2.142319241425
106653 0 2.1204379086
132951 0 2.090351075975
159249 0 2.00487711965
185546.99996 0 1.86196466465
197965.49996 0 1.778542083275
210383.99996 0 1.69033296035
234855.74996 0 1.5166498811
259327.49996 0 1.339547843575
283799.24996 0 1.14329963985
308271 0 0.92380252
332742.75 0 0.6995188586
381686.25 0 0.306338659475
384242.99996 0 0.30663928815
