0 0 13.5998468475
3652.4999635 0 11.04513047325
6939.75 0 8.50433884475
10227 0 6.7247007725
13879.5 0 5.6039973475
19723.5 0 4.725326347
27393.75 0 3.84253914875
35064 0 3.0954492675
49308.75 0 2.268710961175
55152.75 0 2.088970328625
60996.749963 0 1.9744028262
66840.749963 0 1.89893920185
69762.749963 0 1.8756140816
71223.749963 0 1.867381686225
71588.999963 0 1.865323587375
71954.249963 0 1.863951521475
72319.499963 0 1.862579455575
75241.499963 0 1.85503309315
78163.499963 0 1.85503309315
79624.499963 0 1.857091192
81085.499963 0 1.861893422625
82546.499963 0 1.868067719175
83642.249963 0 1.87355598275
85103.249963 0 1.88178837815
86564.249963 0 1.892078872375
89486.249963 0 1.917462091475
92408.249963 0 1.9490196071
94964.999963 0 1.9812631557
95695.499963 0 1.991553649925
96425.999963 0 2.00184414415
97886.99996 0 2.023797198525
99347.99996 0 2.047808351725
100808.99996 0 2.073191570825
103730.99996 0 2.1280742067
106652.99996 0 2.189131139125
109574.99996 0 2.25704840105
112496.99996 0 2.33045392655
115418.99996 0 2.4114058145
117975.74996 0 2.4875554718
120897.74996 0 2.58222801875
123819.74996 0 2.683760895
126741.74996 0 2.793526167
129663.74996 0 2.910837801
132585.74996 0 3.03638183075
135507.74996 0 3.17015825575
140986.49996 0 3.445257468
146099.99996 0 3.73201924075
150848.24996 0 4.02426927675
155961.74996 0 4.368657817
160709.99996 0 4.717162555
165823.49996 0 5.1226080275
170571.74996 0 5.529425566
175319.99996 0 5.9650564885
180068.24996 0 6.42950079475
184816.49996 0 6.92413055075
189199.49996 0 7.40572568075
193582.49996 0 7.91201799675
197965.49996 0 8.441635433
202348.49996 0 8.99526402275
206731.49996 0 9.57015963375
211114.49996 0 10.167694332
215497.49996 0 10.78375191975
223898.24996 0 12.0165531285
231933.74996 0 13.2472962385
239969.24996 0 14.51302702875
248004.74996 0 15.7965946755
256040.25 0 17.09514031475
264075.75 0 18.34360027375
272111.25 0 19.53867214225
280146.75 0 20.65229295
287451.75 0 21.56810403825
294756.74996 0 22.33333333325
302061.74996 0 23.00821355225
309001.5 0 23.5318275155
318132.74996 0 23.9219712525
326898.74996 0 24.058863792
331646.99996 0 24.01095140325
336029.99996 0 23.88774811775
344795.99996 0 23.43600273775
362327.99996 0 21.73785713625
381686.25 0 18.73716964
384242.99996 0 18.720054757
