0 0 6.769406962500001e-20
26297.999963 0 5.36702954175e-10
30315.749963 0 3.68467621575e-09
33237.749963 0 1.121805815025e-08
33237.75 0 1.269297654175e-08
33602.999963 0 1.269297654175e-08
33603 0 1.43143849e-08
33968.249963 0 1.43143849e-08
33968.25 0 1.6090000349e-08
34333.499963 0 1.6090000349e-08
34333.5 0 1.8027607707e-08
34698.749963 0 1.8027607707e-08
34698.75 0 2.013417946325e-08
35063.999963 0 2.013417946325e-08
35064 0 2.241648502475e-08
35429.249963 0 2.241648502475e-08
35429.25 0 2.488027838725e-08
35794.499963 0 2.488027838725e-08
35794.5 0 2.753104277e-08
36159.749963 0 2.753104277e-08
36159.75 0 3.037270443e-08
36524.999963 0 3.037270443e-08
36525 0 3.34083096e-08
36890.249963 0 3.34083096e-08
36890.25 0 3.6640092185e-08
37255.499963 0 3.6640092185e-08
37255.5 0 4.00688645125e-08
37620.749963 0 4.00688645125e-08
37620.75 0 4.36942881125e-08
37985.999963 0 4.36942881125e-08
37986 0 4.75148060225e-08
38351.249963 0 4.75148060225e-08
38351.25 0 5.15274397025e-08
38716.499963 0 5.15274397025e-08
38716.5 0 5.5727721345e-08
39081.749963 0 5.5727721345e-08
39081.75 0 6.0109964645e-08
39446.999963 0 6.0109964645e-08
39447 0 6.46668586475e-08
39812.249963 0 6.46668586475e-08
39812.25 0 6.9391160085e-08
40177.499963 0 6.9391160085e-08
40177.5 0 7.4270548635e-08
40542.749963 0 7.4270548635e-08
40542.75 0 7.9295479435e-08
40907.999963 0 7.9295479435e-08
40908 0 8.4454444495e-08
41273.249963 0 8.4454444495e-08
41273.25 0 8.973322806e-08
41638.499963 0 8.973322806e-08
41638.5 0 9.511626049e-08
42003.749963 0 9.511626049e-08
42003.75 0 1.00589326035e-07
42368.999963 0 1.00589326035e-07
42369 0 1.061368550575e-07
42734.249963 0 1.061368550575e-07
42734.25 0 1.117412470975e-07
43099.499963 0 1.117412470975e-07
43099.5 0 1.173842247575e-07
43464.749963 0 1.173842247575e-07
43464.75 0 1.230495414625e-07
43829.999963 0 1.230495414625e-07
43830 0 1.2871824287e-07
44195.249963 0 1.2871824287e-07
44195.25 0 1.343727285225e-07
44560.499963 0 1.343727285225e-07
44560.5 0 1.39994721025e-07
44925.749963 0 1.39994721025e-07
44925.75 0 1.45558496625e-07
45290.999963 0 1.45558496625e-07
45291 0 1.510457779275e-07
45656.249963 0 1.510457779275e-07
45656.25 0 1.564389644725e-07
46021.499963 0 1.564389644725e-07
46021.5 0 1.617224866275e-07
46386.749963 0 1.617224866275e-07
46386.75 0 1.6688077475e-07
46751.999963 0 1.6688077475e-07
46752 0 1.7189758227e-07
47117.249963 0 1.7189758227e-07
47117.25 0 1.7676004731e-07
47482.499963 0 1.7676004731e-07
47482.5 0 1.81453954115e-07
47847.749963 0 1.81453954115e-07
47847.75 0 1.859677946975e-07
48212.999963 0 1.859677946975e-07
48213 0 1.9029006106e-07
48578.249963 0 1.92404517985e-07
48578.25 0 1.96572211365e-07
48943.499963 0 1.96572211365e-07
48943.5 0 2.0052635238e-07
49308.749963 0 2.0052635238e-07
49308.75 0 2.04261465335e-07
49673.999963 0 2.04261465335e-07
49674 0 2.077679677475e-07
50039.249963 0 2.077679677475e-07
50039.25 0 2.110431217675e-07
50404.499963 0 2.110431217675e-07
50404.5 0 2.140800827675e-07
50769.749963 0 2.140800827675e-07
50769.75 0 2.168767973625e-07
51134.999963 0 2.168767973625e-07
51135 0 2.194312121625e-07
51500.249963 0 2.194312121625e-07
51500.25 0 2.21740589315e-07
51865.499963 0 2.21740589315e-07
51865.5 0 2.238056132825e-07
52230.749963 0 2.238056132825e-07
52230.75 0 2.256269685325e-07
52595.999963 0 2.256269685325e-07
52596 0 2.272053395225e-07
52961.249963 0 2.272053395225e-07
52961.25 0 2.28543464105e-07
53326.499963 0 2.28543464105e-07
53326.5 0 2.2964613352e-07
54787.5 0 2.317590699e-07
56248.499963 0 2.310951411025e-07
57709.499963 0 2.27556468975e-07
57709.5 0 2.26249145225e-07
58074.749963 0 2.26249145225e-07
58074.75 0 2.24784395055e-07
58439.999963 0 2.24784395055e-07
58440 0 2.23182752345e-07
58805.249963 0 2.23182752345e-07
58805.25 0 2.214305278425e-07
59170.499963 0 2.214305278425e-07
59170.5 0 2.195551000525e-07
59535.749963 0 2.195551000525e-07
59535.75 0 2.175633136025e-07
59900.999963 0 2.175633136025e-07
59901 0 2.1544832387e-07
60266.249963 0 2.1544832387e-07
60266.25 0 2.1323066473e-07
60631.499963 0 2.1323066473e-07
60631.5 0 2.109171808125e-07
60996.749963 0 2.109171808125e-07
60996.75 0 2.08507872115e-07
61361.999963 0 2.08507872115e-07
61362 0 2.06016427895e-07
61727.249963 0 2.06016427895e-07
61727.25 0 2.034565374075e-07
62092.499963 0 2.034565374075e-07
62092.5 0 2.008145113925e-07
62457.749963 0 2.008145113925e-07
62457.75 0 1.981177283625e-07
62822.999963 0 1.981177283625e-07
62823 0 1.953661883175e-07
63188.249963 0 1.953661883175e-07
63188.25 0 1.92559891255e-07
63553.499963 0 1.92559891255e-07
63553.5 0 1.897056818025e-07
63918.749963 0 1.897056818025e-07
63918.75 0 1.868172492175e-07
64283.999963 0 1.868172492175e-07
64284 0 1.839014381225e-07
64649.249963 0 1.839014381225e-07
64649.25 0 1.8095824852e-07
65014.499963 0 1.8095824852e-07
65014.5 0 1.779808357825e-07
65379.749963 0 1.779808357825e-07
65379.75 0 1.75003423045e-07
65744.999963 0 1.75003423045e-07
65745 0 1.719986317975e-07
66110.249963 0 1.719986317975e-07
66110.25 0 1.689938405525e-07
66475.499963 0 1.689938405525e-07
66475.5 0 1.65989049305e-07
66840.749963 0 1.65989049305e-07
66840.75 0 1.62970568805e-07
67205.999963 0 1.62970568805e-07
67206 0 1.59972622185e-07
67571.249963 0 1.59972622185e-07
67571.25 0 1.569678309375e-07
67936.499963 0 1.569678309375e-07
67936.5 0 1.539835735725e-07
68301.749963 0 1.539835735725e-07
68301.75 0 1.510061608325e-07
68666.999963 0 1.510061608325e-07
68667 0 1.480424373475e-07
69032.249963 0 1.480424373475e-07
69032.25 0 1.419617738775e-07
69397.499963 0 1.419617738775e-07
69397.5 0 1.39109145785e-07
69762.749963 0 1.39109145785e-07
69762.75 0 1.362766066225e-07
70127.999963 0 1.362766066225e-07
70128 0 1.334708527e-07
70493.249963 0 1.334708527e-07
70493.25 0 1.306851877075e-07
70858.499963 0 1.306851877075e-07
70858.5 0 1.27939700575e-07
71223.749963 0 1.27939700575e-07
71223.75 0 1.252209986825e-07
71588.999963 0 1.252209986825e-07
71589 0 1.225290820325e-07
71954.249963 0 1.225290820325e-07
71954.25 0 1.1988403955e-07
72319.499963 0 1.1988403955e-07
72319.5 0 1.17259086e-07
72684.749963 0 1.17259086e-07
72684.75 0 1.1467431031e-07
73049.999963 0 1.1467431031e-07
73050 0 1.1212971248e-07
73415.249963 0 1.1212971248e-07
73415.25 0 1.096118998875e-07
73780.499963 0 1.096118998875e-07
73780.5 0 1.0714765778e-07
74145.749963 0 1.0714765778e-07
74145.75 0 1.0471689722e-07
74510.999963 0 1.0471689722e-07
74511 0 1.023196182125e-07
74876.249963 0 1.023196182125e-07
74876.25 0 9.99692133725e-08
75241.499963 0 9.99692133725e-08
75241.5 0 9.7652290085e-08
75606.749963 0 9.7652290085e-08
75606.75 0 9.53755446575e-08
75971.999963 0 9.53755446575e-08
75972 0 9.31456734e-08
76337.249963 0 9.31456734e-08
76337.25 0 9.0955980005e-08
76702.499963 0 9.0955980005e-08
76702.5 0 8.87997681575e-08
77067.749963 0 8.87997681575e-08
77067.75 0 8.66971267925e-08
77432.999963 0 8.66971267925e-08
77433 0 8.46145743575e-08
77798.249963 0 8.46145743575e-08
77798.25 0 8.25922887125e-08
78163.499963 0 8.25922887125e-08
78163.5 0 8.05967883075e-08
78528.749963 0 8.05967883075e-08
78528.75 0 7.86548583825e-08
78893.999963 0 7.86548583825e-08
78894 0 7.67397137e-08
79259.249963 0 7.67397137e-08
79259.25 0 7.4864746875e-08
79624.499963 0 7.4864746875e-08
79624.5 0 7.30366542225e-08
79989.749963 0 7.30366542225e-08
79989.75 0 7.12487394325e-08
80354.999963 0 7.12487394325e-08
80355 0 6.948760988e-08
80720.249963 0 6.948760988e-08
80720.25 0 6.77733544975e-08
81085.499963 0 6.77733544975e-08
81085.5 0 6.60925806675e-08
81450.749963 0 6.60925806675e-08
81450.75 0 6.4458681005e-08
81815.999963 0 6.4458681005e-08
81816 0 6.2844870275e-08
82181.249963 0 6.2844870275e-08
82181.25 0 6.1277933715e-08
82546.499963 0 6.1277933715e-08
82546.5 0 5.97444787075e-08
82911.749963 0 5.97444787075e-08
82911.75 0 5.82445052475e-08
83276.999963 0 5.82445052475e-08
83277 0 5.677801334e-08
83642.249963 0 5.677801334e-08
83642.25 0 5.535169929e-08
84007.499963 0 5.535169929e-08
84007.5 0 5.39521704825e-08
84372.749963 0 5.39521704825e-08
84372.75 0 5.2592819535e-08
84737.999963 0 5.2592819535e-08
84738 0 5.12535575175e-08
85103.249963 0 5.12535575175e-08
85103.25 0 4.99611696725e-08
85468.499963 0 4.99611696725e-08
85468.5 0 4.8682174445e-08
85833.749963 0 4.8682174445e-08
85833.75 0 4.745005339e-08
86198.999963 0 4.745005339e-08
86199 0 4.62380212625e-08
86564.249963 0 4.62380212625e-08
86564.25 0 4.50594706875e-08
86929.499963 0 4.50594706875e-08
86929.5 0 4.39077053525e-08
87294.749963 0 4.39077053525e-08
87294.75 0 4.27894215675e-08
87659.999963 0 4.27894215675e-08
87660 0 4.1691226715e-08
88025.249963 0 4.1691226715e-08
88025.25 0 4.06198171e-08
93869.25 0 2.6758455215e-08
100809 0 1.62854262265e-08
108479.25 0 9.4551899245e-09
125280.75 0 2.9597691235e-09
151213.5 0 7.76772068975e-10
234125.25 0 4.037875629e-09
341508.74996 0 9.30787290975e-10
364154.24996 0 2.38388648795e-09
381686.25 0 6.0199828065e-09
384242.99996 0 6.1533197095e-09
