0 0 0.0
12053.249963 0 0.0
12053.25 0 2.7390756270000003e-19
29219.999963 0 6.3536488445e-07
84007.499963 0 1.2294340952
138429.74996 0 19.61109672075
154135.49996 0 33.507112145
169475.99996 0 54.93900939
184816.49996 0 88.8076795175
192486.74996 0 112.404816045
200156.99996 0 141.82248828
205635.74996 0 167.1041563175
211114.49996 0 196.53552393
216593.24996 0 230.7328831325
222071.99996 0 270.381002825
227550.74996 0 316.2468242
233029.49996 0 369.1863084
238508.24996 0 430.178674925
243986.99996 0 500.271620225
248369.99996 0 563.708611725
252387.74996 0 628.22069045
256770.74996 0 706.20217355
260788.49996 0 785.361459175
265171.49996 0 880.6128141
269189.24996 0 977.09675305
273206.99996 0 1083.030502925
277224.74996 0 1199.098832625
281242.49996 0 1326.191941725
285260.24996 0 1465.2685067
289277.99996 0 1617.1502502
293295.74996 0 1782.79584875
297313.49996 0 1963.43788635
300965.99996 0 2141.27237145
304983.74996 0 2353.345301875
308636.24996 0 2561.72048025
315575.99996 0 3002.4377485
319228.49996 0 3259.84238075
319593.74996 0 3286.548368
319958.99996 0 3313.59673975
320324.24996 0 3340.64511175
321054.74996 0 3395.563578
322515.74996 0 3507.52329425
329090.24996 0 4051.7091445
335664.74996 0 4666.28923825
349178.99996 0 6178.66984575
360501.74996 0 7736.48186175
371824.49996 0 9603.01163575
381686.25 0 11578.37097875
384242.99996 0 11578.37097875
