0 0 0.0
4382.9999635 0 0.0
4383 0 6.850911853000001e-20
18627.749963 0 4.56677778475e-07
30315.749963 0 0.000214611664705
39081.749963 0 0.001045250472325
47482.499963 0 0.00261861033575
58074.749963 0 0.00568214629075
63918.749963 0 0.007823741336
69762.749963 0 0.01024793649525
75606.749963 0 0.0129484289295
81085.499963 0 0.01574065507325
86564.249963 0 0.01880506794525
91677.749963 0 0.02192908375
100443.74996 0 0.0279352781725
104826.74996 0 0.031266876605
109209.74996 0 0.0348252402225
113592.74996 0 0.038612424295
117975.74996 0 0.0426277437325
126376.49996 0 0.0509365296275
131124.74996 0 0.05596167347
135507.74996 0 0.06078745578
144638.99996 0 0.0713111414775
149021.99996 0 0.0765452381325
149752.49996 0 0.0774153039375
150117.74996 0 0.0778606132075
151213.49996 0 0.0791828391975
153039.74996 0 0.0813888328125
161075.24996 0 0.091158233115
169110.75 0 0.1012770299225
177146.25 0 0.110642226425
187008 0 0.1213776052975
196869.75 0 0.130821355235
207827.25 0 0.1396919917875
217689 0 0.14582477755
227916 0 0.1501505817925
237412.5 0 0.1522313483925
248735.24996 0 0.1523066392875
250196.24996 0 0.1521286789875
251657.24996 0 0.15191649555
253118.24996 0 0.151656399725
254579.24996 0 0.15135523614
256040.24996 0 0.15101300479
257501.24996 0 0.150622861055
260423.24996 0 0.1497467488025
263710.49996 0 0.14855578371
266632.49996 0 0.1473442847375
269554.49996 0 0.14598220397
272476.49996 0 0.14449007529
275763.74996 0 0.1426351813825
279050.99996 0 0.140622861055
282338.24996 0 0.138453114305
285260.24996 0 0.13641341547
290738.99996 0 0.132292950035
296217.74996 0 0.127843942505
302426.99996 0 0.12256605743
308270.99996 0 0.11723650273
317767.49996 0 0.1081666692825
326898.75 0 0.09885022405
345526.5 0 0.080422843405
361597.5 0 0.06542062645
372920.25 0 0.055693161575
381686.25 0 0.0488428341975
384242.99996 0 0.04880219028
