0 0 1.76628953995e-05
3287.2499635 0 5.19373975525e-05
8400.749963 0 0.0001207681948875
13148.999963 0 0.00022540153674
15705.749963 0 0.000300630246275
17897.249963 0 0.00037717131565
21549.749963 0 0.0005394931145
24836.999963 0 0.000712628946875
26663.249963 0 0.000821273255175
27393.749963 0 0.000866677969875
27758.999963 0 0.00088970528185
28124.249963 0 0.0009129036226
31046.25 0 0.001125075058725
34333.499963 0 0.001308055306425
37255.5 0 0.001494230371325
41638.499963 0 0.001684428032625
45656.25 0 0.00184615282625
54057 0 0.002044079397675
63188.249963 0 0.002113278576325
67571.249963 0 0.0020979466119
69762.749963 0 0.00207823408625
71588.999963 0 0.0020557837098
74145.749963 0 0.00201546885695
76337.249963 0 0.00197323750855
78528.749963 0 0.001924298425725
80720.249963 0 0.001869267624925
84372.749963 0 0.0017654346338
88025.249963 0 0.001648349276775
91677.749963 0 0.001523589366375
95330.249963 0 0.001393494328225
98982.74996 0 0.001261484116
102635.24996 0 0.001130568288975
106287.74996 0 0.00100348281005
109575 0 0.0008824848487
116514.75 0 0.000675030458225
123454.5 0 0.0005017072055
130394.24996 0 0.00037003898865
136968.75 0 0.0002627892411
144638.99996 0 0.00017975276565
151944 0 0.0001185355947
163266.75 0 6.26535514975e-05
174589.49996 0 3.3105151665e-05
185912.24996 0 1.7031369348e-05
196869.75 0 8.6182832845e-06
240699.75 0 6.83990736875e-07
384242.99996 0 5.47570157425e-07
