0 0 55.1781353975
365.2499635 0 55.1781353975
365.25 0 57.36513327
730.4999635 0 57.36513327
730.5 0 58.606970895
1095.7499635 0 58.606970895
1095.75 0 58.9451060925
1460.9999635 0 58.9451060925
1461 0 58.3556468175
1826.2499635 0 58.3556468175
1826.25 0 57.0381930175
2191.4999635 0 57.0381930175
2191.5 0 55.165982205
2556.7499635 0 55.165982205
2556.75 0 52.9212183425
2921.9999635 0 52.9212183425
2922 0 50.4791238875
3287.2499635 0 50.4791238875
3287.25 0 47.9993155375
3652.4999635 0 47.9993155375
3652.5 0 45.6132785775
4017.7499635 0 45.6132785775
4017.75 0 43.4271047225
4382.9999635 0 43.4271047225
4383 0 41.51540041
4748.2499635 0 41.51540041
4748.25 0 39.9267624925
5113.4999635 0 39.9267624925
5113.5 0 38.6824093075
5478.7499635 0 38.6824093075
5478.75 0 37.7850787125
5843.9999635 0 37.7850787125
5844 0 37.2176591375
6209.2499635 0 37.2176591375
6209.25 0 36.95208761
6574.4999635 0 36.95208761
6574.5 0 36.94934976
6939.7499635 0 36.94934976
6939.75 0 37.1718001375
7304.9999635 0 37.1718001375
7305 0 37.5770020525
7670.2499635 0 37.5770020525
7670.25 0 38.127994525
8035.499963 0 38.127994525
8035.5 0 38.7960301175
8400.749963 0 38.7960301175
8400.75 0 39.557152635
8765.999963 0 39.557152635
8766 0 40.40109514
9131.249963 0 40.40109514
9131.25 0 41.32511978
9496.499963 0 41.32511978
9496.5 0 42.338809035
9861.749963 0 42.338809035
9861.75 0 43.4599589325
10226.999963 0 43.4599589325
10227 0 44.71321013
10592.249963 0 44.71321013
10592.25 0 46.1300479125
10957.499963 0 46.1300479125
10957.5 0 47.739904175
11322.749963 0 47.739904175
11322.75 0 49.5701574275
11687.999963 0 49.5701574275
11688 0 51.6468172475
12053.249963 0 51.6468172475
12053.25 0 53.98220397
12418.499963 0 53.98220397
12418.5 0 56.58110883
12783.749963 0 56.58110883
12783.75 0 59.43394935
13148.999963 0 59.43394935
13149 0 62.51540041
13514.249963 0 62.51540041
13514.25 0 65.7864476375
13879.499963 0 65.7864476375
13879.5 0 69.194387405
14244.749963 0 69.194387405
14244.75 0 72.6707734425
14609.999963 0 72.6707734425
14610 0 76.13689254
14975.249963 0 76.13689254
14975.25 0 79.50239562
15340.499963 0 79.50239562
15340.5 0 82.6769336075
15705.749963 0 82.6769336075
15705.75 0 85.5681040375
16070.999963 0 85.5681040375
16071 0 88.0930869275
16436.249963 0 88.0930869275
16436.25 0 90.1848049275
16801.499963 0 90.1848049275
16801.5 0 91.9105249575
17166.749963 0 91.9105249575
17166.75 0 92.82732583
17531.999963 0 135.0219057775
17532 0 133.8571801725
17897.249963 0 133.8571801725
17897.25 0 132.17873747
18262.499963 0 132.17873747
18262.5 0 129.2241737825
18627.749963 0 129.2241737825
18627.75 0 126.903399185
18992.999963 0 126.903399185
18993 0 124.142234065
19358.249963 0 124.142234065
19358.25 0 121.06464286
19723.499963 0 121.06464286
19723.5 0 119.5616834375
20088.749963 0 119.5616834375
20088.75 0 114.25593211
20453.999963 0 158002965.375
20454 0 157111096.74
20819.249963 0 157111096.74
20819.25 0 156074707.9675
21184.499963 0 156074707.9675
21184.5 0 154861958.9375
21549.749963 0 162905857.9675
21549.75 0 160917214.805
21914.999963 0 160917214.805
21915 0 158705294.2875
22280.249963 0 158705294.2875
22280.25 0 156262219.7775
22645.499963 0 156262219.7775
22645.5 0 153593124.195
23010.749963 0 0.0
384242.99996 0 0.0
