0 0 0.0002937303217
365.2499635 0 0.0002937303217
365.25 0 0.0001638672142375
730.4999635 0 0.0001638672142375
730.5 0 9.03559206025e-05
1095.7499635 0 9.03559206025e-05
1095.75 0 4.92744695425e-05
1460.9999635 0 4.92744695425e-05
1461 0 2.6605065025e-05
1826.2499635 0 2.6605065025e-05
1826.25 0 1.424366872e-05
2191.4999635 0 1.424366872e-05
2191.5 0 7.5633127995e-06
2556.7499635 0 7.5633127995e-06
2556.75 0 3.99726214925e-06
2921.9999635 0 3.99726214925e-06
2922 0 2.1081451061e-06
3287.2499635 0 2.1081451061e-06
3287.25 0 1.101984941825e-06
3652.4999635 0 1.101984941825e-06
3652.5 0 5.81793292275e-07
4017.7499635 0 5.81793292275e-07
4017.75 0 3.0800821355e-07
4382.9999635 0 3.0800821355e-07
4383 0 1.71115674195e-07
4748.2499635 0 1.71115674195e-07
4748.25 0 8.89801505825e-08
5844 0 2.73785078725e-08
26298 0 0.0
224993.99996 0 1.368925393575e-08
245813.24996 0 6.160164271e-08
266632.49996 0 9.582477755e-08
304253.25 0 1.368925393575e-08
381686.24996 0 0.0
384242.99996 0 6.84462696775e-09
