0 0 1.54798083505e-05
365.2499635 0 1.54798083505e-05
365.25 0 8.5065023955e-06
730.4999635 0 8.5065023955e-06
730.5 0 4.60985626275e-06
1095.7499635 0 4.60985626275e-06
1095.75 0 2.4654346338e-06
1460.9999635 0 2.4654346338e-06
1461 0 1.302532511975e-06
1826.2499635 0 1.302532511975e-06
1826.25 0 6.796714579e-07
2191.4999635 0 6.796714579e-07
2191.5 0 3.5112936345e-07
2556.7499635 0 3.5112936345e-07
2556.75 0 1.793292265575e-07
2921.9999635 0 1.793292265575e-07
2922 0 9.10335386725e-08
3287.2499635 0 9.10335386725e-08
3287.25 0 4.5859000685e-08
3652.4999635 0 4.5859000685e-08
3652.5 0 2.258726899375e-08
4017.7499635 0 2.258726899375e-08
4017.75 0 1.09514031485e-08
4382.9999635 0 1.09514031485e-08
4383 0 6.160164271e-09
4748.2499635 0 6.160164271e-09
4748.25 0 2.73785078725e-09
5478.75 0 6.84462696775e-10
6209.25 0 0.0
166919.24996 0 0.0
177146.24996 0 0.0
182259.74996 0 0.0
184816.49996 0 0.0
185912.24996 0 0.0
186277.49996 0 6.84462696775e-10
186642.74996 0 0.0
187007.99996 0 0.0
207096.74996 0 0.0
217323.74996 0 0.0
218784.74996 0 6.84462696775e-10
219880.49996 0 0.0
222437.24996 0 0.0
227185.49996 0 0.0
247274.24996 0 0.0
327264 0 0.0
384242.99996 0 0.0
