0 0 0.000276750171125
365.2499635 0 0.000276750171125
365.25 0 0.0002274626967825
730.4999635 0 0.0002274626967825
730.5 0 0.0001863216974675
1095.7499635 0 0.0001863216974675
1095.75 0 0.0001522587269
1460.9999635 0 0.0001522587269
1461 0 0.000124242299795
1826.2499635 0 0.000124242299795
1826.25 0 0.00010131964408
2191.4999635 0 0.00010131964408
2191.5 0 8.264202601e-05
2556.7499635 0 8.264202601e-05
2556.75 0 6.746680356e-05
2921.9999635 0 6.746680356e-05
2922 0 5.51615331975e-05
3287.2499635 0 5.51615331975e-05
3287.25 0 4.51937029425e-05
3652.4999635 0 4.51937029425e-05
3652.5 0 3.7120465435e-05
4017.7499635 0 3.7120465435e-05
4017.75 0 3.0579739905e-05
4382.9999635 0 3.0579739905e-05
4383 0 2.52737850775e-05
4748.2499635 0 2.52737850775e-05
4748.25 0 2.096440793975e-05
5113.4999635 0 2.096440793975e-05
5113.5 0 1.745516769325e-05
5478.7499635 0 1.745516769325e-05
5478.75 0 1.4593429158e-05
5843.9999635 0 1.4593429158e-05
5844 0 1.22518822725e-05
6209.2499635 0 1.22518822725e-05
6209.25 0 1.03305954825e-05
6574.4999635 0 1.03305954825e-05
6574.5 0 8.749486653e-06
6939.7499635 0 8.749486653e-06
6939.75 0 7.444900753e-06
7304.9999635 0 7.444900753e-06
7305 0 6.36276522925e-06
7670.2499635 0 6.36276522925e-06
7670.25 0 5.4640657085e-06
8035.499963 0 5.4640657085e-06
8035.5 0 4.71389459275e-06
8400.749963 0 4.71389459275e-06
8400.75 0 4.0848733745e-06
8765.999963 0 4.0848733745e-06
8766 0 3.5564681725e-06
9131.249963 0 3.5564681725e-06
9131.25 0 3.1095140315e-06
9496.499963 0 3.1095140315e-06
9496.5 0 2.73169062275e-06
9861.749963 0 2.73169062275e-06
9861.75 0 2.409993155375e-06
10226.999963 0 2.409993155375e-06
10227 0 2.134154688575e-06
10592.249963 0 2.134154688575e-06
10592.25 0 1.899383983575e-06
10957.499963 0 1.899383983575e-06
10957.5 0 1.695414099925e-06
11322.749963 0 1.695414099925e-06
11322.75 0 1.52087611225e-06
11687.999963 0 1.52087611225e-06
11688 0 1.368925393575e-06
12053.249963 0 1.368925393575e-06
12053.25 0 1.236824093075e-06
12418.499963 0 1.236824093075e-06
12418.5 0 1.121149897325e-06
12783.749963 0 1.121149897325e-06
12783.75 0 1.0205338809e-06
13148.999963 0 1.0205338809e-06
13149 0 9.31553730325e-07
13514.249963 0 9.31553730325e-07
13514.25 0 8.54209445575e-07
13879.499963 0 8.54209445575e-07
13879.5 0 7.84394250525e-07
14244.749963 0 7.84394250525e-07
14244.75 0 7.227926078e-07
14609.999963 0 7.227926078e-07
14610 0 6.67351129375e-07
14975.249963 0 6.67351129375e-07
14975.25 0 6.167008898e-07
15340.499963 0 6.167008898e-07
15340.5 0 5.70841889125e-07
15705.749963 0 5.70841889125e-07
15705.75 0 5.27720739225e-07
16070.999963 0 5.27720739225e-07
16071 0 4.887063655e-07
16436.249963 0 4.887063655e-07
16436.25 0 4.52429842575e-07
16801.499963 0 4.52429842575e-07
16801.5 0 4.157564612e-07
17166.749963 0 4.157564612e-07
17166.75 0 3.88487207525e-07
17531.999963 0 3.88487207525e-07
17532 0 3.57289527725e-07
17897.249963 0 3.57289527725e-07
17897.25 0 3.3196440795e-07
18262.499963 0 3.3196440795e-07
18262.5 0 3.0287140775e-07
18627.749963 0 3.0287140775e-07
18627.75 0 2.8619563415e-07
18992.999963 0 2.8619563415e-07
18993 0 2.78831657625e-07
19358.249963 0 2.78831657625e-07
19358.25 0 2.559890486e-07
19723.499963 0 2.559890486e-07
19723.5 0 2.4229979466e-07
20088.749963 0 2.4229979466e-07
20088.75 0 2.2997946612e-07
20453.999963 0 2.2997946612e-07
20454 0 2.20396988365e-07
20819.249963 0 2.20396988365e-07
20819.25 0 2.101300479125e-07
21184.499963 0 2.101300479125e-07
21184.5 0 2.01232032855e-07
21549.749963 0 2.01232032855e-07
21549.75 0 1.9370294319e-07
21914.999963 0 1.9370294319e-07
21915 0 1.868583162225e-07
22280.249963 0 1.868583162225e-07
22280.25 0 1.8069815195e-07
22645.499963 0 1.8069815195e-07
22645.5 0 1.7453798768e-07
23010.749963 0 1.7453798768e-07
23010.75 0 1.69062286105e-07
23375.999963 0 1.69062286105e-07
23376 0 1.642710472275e-07
23741.249963 0 1.642710472275e-07
23741.25 0 1.601642710475e-07
24106.499963 0 1.601642710475e-07
24106.5 0 1.567419575625e-07
24471.749963 0 1.567419575625e-07
24471.75 0 1.526351813825e-07
24836.999963 0 1.526351813825e-07
24837 0 1.492128678975e-07
25202.249963 0 1.492128678975e-07
25202.25 0 1.464750171125e-07
25567.499963 0 1.464750171125e-07
25567.5 0 1.43737166325e-07
25932.749963 0 1.43737166325e-07
25932.75 0 1.409993155375e-07
26297.999963 0 1.409993155375e-07
26298 0 1.389459274475e-07
26663.249963 0 1.389459274475e-07
26663.25 0 1.368925393575e-07
27028.499963 0 0.0
384242.99996 0 0.0
