0 0 4.43779545775
365.2499635 0 4.43779545775
365.25 0 4.631716481
730.4999635 0 4.631716481
730.5 0 4.8234177155
1095.7499635 0 4.8234177155
1095.75 0 5.0126524
1460.9999635 0 5.0126524
1461 0 5.20258347625
1826.2499635 0 5.20258347625
1826.25 0 5.389202003
2191.4999635 0 5.389202003
2191.5 0 5.59542195875
2556.7499635 0 5.59542195875
2556.75 0 5.8031164455
2921.9999635 0 5.8031164455
2922 0 6.02083353825
3287.2499635 0 6.02083353825
3287.25 0 6.24991873775
3652.4999635 0 6.24991873775
3652.5 0 6.49169695
4017.7499635 0 6.49169695
4017.75 0 6.74651828025
4382.9999635 0 6.74651828025
4383 0 7.01465731975
4748.2499635 0 7.01465731975
4748.25 0 7.29487840525
5113.4999635 0 7.29487840525
5113.5 0 7.56338124575
5478.7499635 0 7.56338124575
5478.75 0 7.86091718
5843.9999635 0 7.86091718
5844 0 8.16201232025
6209.2499635 0 8.16201232025
6209.25 0 8.46201232025
6574.4999635 0 8.46201232025
6574.5 0 8.7549623545
6939.7499635 0 8.7549623545
6939.75 0 9.03497604375
7304.9999635 0 9.03497604375
7305 0 9.29534565375
7670.2499635 0 9.29534565375
7670.25 0 9.5298425735
8035.499963 0 9.5298425735
8035.5 0 9.73216974675
8400.749963 0 9.73216974675
8400.75 0 9.89664613275
8765.999963 0 9.89664613275
8766 0 10.018275154
9131.249963 0 10.018275154
9131.25 0 10.09260780275
9861.749963 0 10.116495551
9861.75 0 10.1164907575
10226.999963 0 10.1164907575
10227 0 10.0351213675
10592.249963 0 10.0351213675
10592.25 0 9.898505041
10957.499963 0 9.898505041
10957.5 0 9.70971363525
11322.749963 0 9.70971363525
11322.75 0 9.471218601
11687.999963 0 9.471218601
11688 0 9.18700172075
12053.249963 0 9.18700172075
12053.25 0 8.86166263975
12418.499963 0 8.86166263975
12418.5 0 8.50096807725
12783.749963 0 8.50096807725
12783.75 0 8.11102800975
13148.999963 0 8.11102800975
13149 0 7.69836432225
13514.249963 0 7.69836432225
13514.25 0 7.26963620225
13879.499963 0 7.26963620225
13879.5 0 6.83143418625
14244.749963 0 6.83143418625
14244.75 0 6.389936902
14609.999963 0 6.370841889
14610 0 5.93319644075
14975.249963 0 5.93319644075
14975.25 0 5.50301163575
15340.499963 0 5.50301163575
15340.5 0 5.08473648175
15705.749963 0 5.08473648175
15705.75 0 4.681724846
16070.999963 0 4.681724846
16071 0 4.2970568105
16436.249963 0 4.2970568105
16436.25 0 3.93244353175
16801.499963 0 3.93244353175
16801.5 0 3.5594422485
17166.749963 0 3.5594422485
17166.75 0 3.21191424
17531.999963 0 3.21191424
17532 0 2.968889918
17897.249963 0 2.968889918
17897.25 0 2.64483230675
18262.499963 0 2.64483230675
18262.5 0 2.352766589625
18627.749963 0 2.352766589625
18627.75 0 2.18453662735
18992.999963 0 2.18453662735
18993 0 1.940999315525
19358.249963 0 1.940999315525
19358.25 0 1.76173853525
19723.499963 0 1.76173853525
19723.5 0 1.601163586575
20088.749963 0 1.601163586575
20088.75 0 1.457357974
20453.999963 0 1.457357974
20454 0 1.2701661795
20819.249963 0 1.2701661795
20819.25 0 1.188011719
21184.499963 0 1.188011719
21184.5 0 1.1012395269
21549.749963 0 1.1012395269
21549.75 0 1.017292060925
21914.999963 0 1.017292060925
21915 0 0.939244766625
22280.249963 0 0.939244766625
22280.25 0 0.867987247925
22645.499963 0 0.867987247925
22645.5 0 0.803368886375
23010.749963 0 0.803368886375
23010.75 0 0.744995144275
23375.999963 0 0.744995144275
23376 0 0.6923195316
24106.499963 0 0.68742148035
24106.5 0 0.5975359343
24471.749963 0 0.5975359343
24471.75 0 0.558863791925
24836.999963 0 0.558863791925
24837 0 0.523545516775
25202.249963 0 0.523545516775
25202.25 0 0.491238877475
25567.499963 0 0.491238877475
25567.5 0 0.461806981525
25932.749963 0 0.461806981525
25932.75 0 0.434702258725
26297.999963 0 0.434702258725
26298 0 0.4097193703
28489.5 0 0.294729637225
31046.25 0 0.2091718001375
35794.5 0 0.12101300479
42003.75 0 0.06810403833
65014.5 0 0.02026009582475
73415.249963 0 0.016358658453
81450.75 0 0.01409993155375
89851.499963 0 0.0128678986995
97887 0 0.012320328542
106287.74996 0 0.012114989733
114323.25 0 0.01218343600275
118706.24996 0 0.0122518822725
120897.74996 0 0.012320328542
122723.99996 0 0.012320328542
126741.75 0 0.01252566735125
130759.5 0 0.0126625598905
135142.49996 0 0.01293634496925
139160.24996 0 0.01314168377825
143178 0 0.013415468857
147195.75 0 0.01375770020525
151578.74996 0 0.01409993155375
155596.49996 0 0.01451060917175
159614.25 0 0.0149897330595
163632 0 0.01546885694725
165823.5 0 0.015742642026
168014.99996 0 0.01601642710475
170206.49996 0 0.0162902121835
172032.74996 0 0.01656399726225
174224.24996 0 0.0169062286105
176050.5 0 0.0173169062285
178241.99996 0 0.01759069130725
180068.25 0 0.01793292265575
182259.75 0 0.0184120465435
183355.5 0 0.01854893908275
183720.74996 0 0.01854893908275
183720.75 0 0.01868583162225
184085.99996 0 0.01868583162225
184451.24996 0 0.01868583162225
188468.99996 0 0.01950718685825
192486.74996 0 0.02039698836425
196504.49996 0 0.02135523613975
214766.99996 0 0.0269678302525
232664.24996 0 0.0344284736475
268823.99996 0 0.056468172485
341143.49996 0 0.088090349075
382051.49996 0 0.0722195238625
384243.0 0 0.0
