0 0 0.0
5113.5 0 6.8198963665e-23
221341.49996 0 6.7298055355e-07
242525.99996 0 2.682197042e-06
282703.49996 0 5.339774258e-05
298774.49996 0 0.00017532043987
310462.49996 0 0.000400225618275
320324.24996 0 0.0007804416606
328359.74996 0 0.0013194726296
333838.49996 0 0.0018701519816
333838.5 0 0.001913662920425
334203.74996 0 0.001913662920425
334203.75 0 0.001958128644725
334568.99996 0 0.001958128644725
334569 0 0.002003549154525
334934.24996 0 0.002003549154525
334934.25 0 0.002049992648775
335299.49996 0 0.002049992648775
335299.5 0 0.002097390928525
335664.74996 0 0.002097390928525
335664.75 0 0.0021458803917
336029.99996 0 0.0021458803917
336030 0 0.002195461038275
336395.24996 0 0.002195461038275
336395.25 0 0.00224599647035
336760.49996 0 0.00224599647035
336760.5 0 0.002297691284825
337125.74996 0 0.002297691284825
337125.75 0 0.00235054548165
337490.99996 0 0.00235054548165
337491 0 0.002404490861925
337856.24996 0 0.002404490861925
337856.25 0 0.002459663823525
338221.49996 0 0.002459663823525
338221.5 0 0.0025159961675
338586.74996 0 0.0025159961675
338586.75 0 0.00257348789375
338951.99996 0 0.00257348789375
338952 0 0.0026322754005
339317.24996 0 0.0026322754005
339317.25 0 0.0026922904885
339682.49996 0 0.0026922904885
339682.5 0 0.002753669556
340047.74996 0 0.002753669556
340047.75 0 0.0028163444035
340412.99996 0 0.0028163444035
340413 0 0.0028803150315
340778.24996 0 0.0028803150315
340778.25 0 0.0029456496385
341143.49996 0 0.0029456496385
341143.5 0 0.003012484623
341508.74996 0 0.003012484623
341508.75 0 0.00308068358675
341873.99996 0 0.00308068358675
341874 0 0.0031503147285
342239.24996 0 0.0031503147285
342239.25 0 0.0032215144465
342604.49996 0 0.0032215144465
342604.5 0 0.003294146343
342969.74996 0 0.003294146343
342969.75 0 0.00336841501425
343334.99996 0 0.00336841501425
343335 0 0.003444184063
343700.24996 0 0.003444184063
343700.25 0 0.00352165808575
344065.49996 0 0.00352165808575
344065.5 0 0.0036006324855
344430.74996 0 0.0036006324855
344430.75 0 0.0036814482575
344795.99996 0 0.0036814482575
344796 0 0.00376390080475
345161.24996 0 0.00376390080475
345161.25 0 0.00384812652475
345526.49996 0 0.00384812652475
345526.5 0 0.003934057219
345891.74996 0 0.003934057219
345891.75 0 0.00402196568325
346256.99996 0 0.00402196568325
346257 0 0.0041115791215
346622.24996 0 0.0041115791215
346622.25 0 0.0042032385285
346987.49996 0 0.0042032385285
346987.5 0 0.00429667110875
347352.74996 0 0.00429667110875
347352.75 0 0.004392217857
347717.99996 0 0.004392217857
347718 0 0.004489674176
348083.24996 0 0.004489674176
348083.25 0 0.004589244663
348448.49996 0 0.004589244663
348448.5 0 0.00469092931775
348813.74996 0 0.00469092931775
348813.75 0 0.0047947963395
349178.99996 0 0.0047947963395
349179 0 0.00490070933
349544.24996 0 0.00490070933
349544.25 0 0.00500894108525
349909.49996 0 0.00500894108525
349909.5 0 0.0051194234065
350274.74996 0 0.0051194234065
350274.75 0 0.00523222449225
350639.99996 0 0.00523222449225
350640 0 0.005347480741
351005.24996 0 0.005347480741
351005.25 0 0.00546505575425
351370.49996 0 0.00546505575425
351370.5 0 0.00558508593025
351735.74996 0 0.00558508593025
351735.75 0 0.005707707667
352100.99996 0 0.005707707667
352101 0 0.00583285276525
352466.24996 0 0.00583285276525
352466.25 0 0.00596065762325
352831.49996 0 0.00596065762325
352831.5 0 0.00609105404175
353196.74996 0 0.00609105404175
353196.75 0 0.00622431481675
353561.99996 0 0.00622431481675
353562 0 0.00636023535125
353927.24996 0 0.00636023535125
353927.25 0 0.0064990202425
354292.49996 0 0.0064990202425
354292.5 0 0.006640737689
354657.74996 0 0.006640737689
354657.75 0 0.00678545588975
355022.99996 0 0.00678545588975
355023 0 0.006933106646
355388.24996 0 0.006933106646
355388.25 0 0.00708389455475
355753.49996 0 0.00708389455475
355753.5 0 0.00723775141675
356118.74996 0 0.00723775141675
356118.75 0 0.007394950028
356483.99996 0 0.007394950028
356484 0 0.00755528579175
356849.24996 0 0.00755528579175
356849.25 0 0.0077190315035
357214.49996 0 0.0077190315035
357214.5 0 0.00788625536225
357579.74996 0 0.00788625536225
357579.75 0 0.0080568209705
357944.99996 0 0.0080568209705
357945 0 0.0082310011235
358310.24996 0 0.0082310011235
358310.25 0 0.008408795822
358675.49996 0 0.008408795822
358675.5 0 0.00859027326425
359040.74996 0 0.00859027326425
359040.75 0 0.0087755698485
359405.99996 0 0.0087755698485
359406 0 0.00896475377375
359771.24996 0 0.00896475377375
359771.25 0 0.00915775684075
360136.49996 0 0.00915775684075
360136.5 0 0.00935485184575
360501.74996 0 0.00935485184575
360501.75 0 0.00955597058975
360866.99996 0 0.00955597058975
360867 0 0.00976138586825
361232.24996 0 0.00976138586825
361232.25 0 0.0099709612835
361597.49996 0 0.0099709612835
361597.5 0 0.0101849014325
361962.74996 0 0.0101849014325
361962.75 0 0.01040327451425
362327.99996 0 0.01040327451425
362328 0 0.0106262851255
362693.24996 0 0.0106262851255
362693.25 0 0.01085379686825
363058.49996 0 0.01085379686825
363058.5 0 0.0110860825385
363423.74996 0 0.0110860825385
363423.75 0 0.011323210335
363788.99996 0 0.011323210335
363789 0 0.01156518025825
364154.24996 0 0.01156518025825
364154.25 0 0.0118122651035
364519.49996 0 0.0118122651035
364519.5 0 0.01206439667225
364884.74996 0 0.01206439667225
364884.75 0 0.01232184776
365249.99996 0 0.01232184776
365250 0 0.012584550168
365615.24996 0 0.012584550168
365615.25 0 0.01285270849325
365980.49996 0 0.01285270849325
365980.5 0 0.01312652733225
366345.74996 0 0.01312652733225
366345.75 0 0.0134058702875
366710.99996 0 0.0134058702875
366711 0 0.0136911465525
367076.24996 0 0.0136911465525
367076.25 0 0.0139822197295
367441.49996 0 0.0139822197295
367441.5 0 0.014279430813
367806.74996 0 0.014279430813
367806.75 0 0.0145827798035
368171.99996 0 0.0145827798035
368172 0 0.0148926076955
368537.24996 0 0.0148926076955
368537.25 0 0.01520836889725
368902.49996 0 0.01520836889725
368902.5 0 0.01553094999525
369267.74996 0 0.01553094999525
369267.75 0 0.01586035098975
369632.99996 0 0.01586035098975
369633 0 0.01619657188075
369998.24996 0 0.016255304586
369998.25 0 0.0165995893225
370363.49996 0 0.0165995893225
370363.5 0 0.01695071868575
370728.74996 0 0.01695071868575
370728.75 0 0.017309377139
371093.99996 0 0.017309377139
371094 0 0.0176762491445
371459.24996 0 0.0176762491445
371459.25 0 0.01804996577675
371824.49996 0 0.01804996577675
371824.5 0 0.018431211499
372189.74996 0 0.018431211499
372189.75 0 0.0188206707735
372554.99996 0 0.0188206707735
372555 0 0.019219028063
372920.24996 0 0.019219028063
372920.25 0 0.0196242299795
373285.49996 0 0.0196242299795
373285.5 0 0.020038329911
373650.74996 0 0.020038329911
373650.75 0 0.02046132785775
374015.99996 0 0.02046132785775
374016 0 0.02089322381925
374381.24996 0 0.02089322381925
374381.25 0 0.021334017796
374746.49996 0 0.021334017796
374746.5 0 0.02178370978775
375111.74996 0 0.02178370978775
375111.75 0 0.02224229979475
375476.99996 0 0.02224229979475
375477 0 0.02271184120475
375842.24996 0 0.02271184120475
375842.25 0 0.023189596167
376207.49996 0 0.023189596167
376207.5 0 0.0236783025325
376572.74996 0 0.0236783025325
376572.75 0 0.02417659137575
376937.99996 0 0.02417659137575
376938 0 0.02468583162225
377303.24996 0 0.02468583162225
377303.25 0 0.0252046543475
377668.49996 0 0.0252046543475
377668.5 0 0.0257357974
378033.74996 0 0.0257357974
378033.75 0 0.02627652293
378398.99996 0 0.02627652293
378399 0 0.0268295687875
378764.24996 0 0.0268295687875
378764.25 0 0.0273928815875
379129.49996 0 0.0273928815875
379129.5 0 0.0279698836425
379494.74996 0 0.0279698836425
379494.75 0 0.028557152635
379859.99996 0 0.028557152635
379860 0 0.02915742642
380225.24996 0 0.02915742642
380225.25 0 0.029770020535
380590.49996 0 0.029770020535
380590.5 0 0.030394934975
380955.74996 0 0.030394934975
380955.75 0 0.031034223135
381320.99996 0 0.031034223135
381321 0 0.0316858316225
381686.24996 0 0.0316858316225
381686.25 0 0.0323504449
382051.49996 0 0.0323504449
384243.0 0 0.0
