0 0 3.25924801975e-05
4017.7499635 0 0.00214421424565
7304.9999635 0 0.01237906509575
7305 0 0.014704738054
7670.2499635 0 0.014704738054
7670.25 0 0.01739359175925
8035.499963 0 0.01739359175925
8035.5 0 0.020488493285
8400.749963 0 0.020488493285
8400.75 0 0.02403558076875
8765.999963 0 0.02403558076875
8766 0 0.0280833774325
9131.249963 0 0.0280833774325
9131.25 0 0.0326836093425
9496.499963 0 0.0326836093425
9496.5 0 0.0378896379275
9861.749963 0 0.0378896379275
9861.75 0 0.0437574821825
10226.999963 0 0.0437574821825
10227 0 0.0503441830475
10592.249963 0 0.0503441830475
10592.25 0 0.05770821234
10957.499963 0 0.05770821234
10957.5 0 0.0659079053575
11322.749963 0 0.0659079053575
11322.75 0 0.075001529135
11687.999963 0 0.075001529135
11688 0 0.0850457150775
12053.249963 0 0.0850457150775
12053.25 0 0.09609559534
12418.499963 0 0.09609559534
12418.5 0 0.1082031672425
12783.749963 0 0.1082031672425
12783.75 0 0.1214142265175
13148.999963 0 0.1214142265175
13149 0 0.13576884433
13514.249963 0 0.13576884433
13514.25 0 0.1512901906125
13879.499963 0 0.1512901906125
13879.5 0 0.1679837163425
14244.749963 0 0.1679837163425
14244.75 0 0.185833746095
14609.999963 0 0.185833746095
14610 0 0.20479598163
14975.249963 0 0.20479598163
14975.25 0 0.2248077244325
15340.499963 0 0.2248077244325
15340.5 0 0.2457878757925
15705.749963 0 0.2457878757925
15705.75 0 0.267637618175
16070.999963 0 0.267637618175
16071 0 0.290253363775
16436.249963 0 0.290253363775
16436.25 0 0.3135253914
16801.499963 0 0.3135253914
16801.5 0 0.339648768625
17166.749963 0 0.339648768625
17166.75 0 0.366373777525
17531.999963 0 0.366373777525
17532 0 0.39678724105
17897.249963 0 0.39678724105
17897.25 0 0.418972876075
18262.499963 0 0.418972876075
18262.5 0 0.446158525025
18627.749963 0 0.446158525025
18627.75 0 0.461205535675
18992.999963 0 0.461205535675
18993 0 0.496622462675
19358.249963 0 0.496622462675
19358.25 0 0.52102304415
19723.499963 0 0.52102304415
19723.5 0 0.545074674125
20088.749963 0 0.545074674125
20088.75 0 0.568697021925
20453.999963 0 0.568697021925
20454 0 0.591806817
20819.249963 0 0.591806817
20819.25 0 0.614337358225
21184.499963 0 0.614337358225
21184.5 0 0.63622047315
21549.749963 0 0.63622047315
21549.75 0 0.657388011575
21914.999963 0 0.657388011575
21915 0 0.6777922687
22280.249963 0 0.6777922687
22280.25 0 0.697378724475
22645.499963 0 0.697378724475
22645.5 0 0.716106489125
23010.749963 0 0.716106489125
23010.75 0 0.73392104275
23375.999963 0 0.73392104275
23376 0 0.750808755825
23741.249963 0 0.754066463325
23741.25 0 0.7700623665
24106.499963 0 0.7700623665
24106.5 0 0.785058962725
24471.749963 0 0.785058962725
24471.75 0 0.799056252725
24836.999963 0 0.799056252725
24837 0 0.8120268588
25202.249963 0 0.8120268588
25202.25 0 0.8239639372
25567.499963 0 0.8239639372
25567.5 0 0.83487433345
25932.749963 0 0.83487433345
25932.75 0 0.844744359275
26297.999963 0 0.844744359275
26298 0 0.85359454955
26663.249963 0 0.85359454955
26663.25 0 0.861411216125
27028.499963 0 0.861411216125
27028.5 0 0.8682285832
27393.749963 0 0.8682285832
27393.75 0 0.874046651925
27758.999963 0 0.874046651925
27759 0 0.878892802
28124.249963 0 0.878892802
28124.25 0 0.88276703465
28489.499963 0 0.88276703465
28489.5 0 0.88572410805
28854.749963 0 0.88572410805
28854.75 0 0.887764023475
29950.499963 0 0.889229277825
31046.249963 0 0.8853356369
31046.25 0 0.882543403225
31411.499963 0 0.882543403225
31411.5 0 0.8790530477
31776.749963 0 0.8790530477
31776.75 0 0.874912483925
32141.999963 0 0.874912483925
32142 0 0.8701490913
32507.249963 0 0.8701490913
32507.25 0 0.864790249225
32872.499963 0 0.864790249225
32872.5 0 0.85888387085
33237.749963 0 0.85888387085
33237.75 0 0.85245734845
33602.999963 0 0.85245734845
33603 0 0.84554489385
33968.249963 0 0.84554489385
33968.25 0 0.838180730525
34333.499963 0 0.838180730525
34333.5 0 0.8304059269
34698.749963 0 0.8304059269
34698.75 0 0.82223417235
35063.999963 0 0.82223417235
35064 0 0.81370653485
35429.249963 0 0.81370653485
35429.25 0 0.804870927175
35794.499963 0 0.804870927175
35794.5 0 0.795720504575
36159.749963 0 0.795720504575
36159.75 0 0.786214199325
36524.999963 0 0.786214199325
36525 0 0.77646836995
36890.249963 0 0.77646836995
36890.25 0 0.7665103948
37255.499963 0 0.7665103948
37255.5 0 0.756388185775
37620.749963 0 0.756388185775
37620.75 0 0.74610174265
37985.999963 0 0.74610174265
37986 0 0.7356921325
38351.249963 0 0.7356921325
38351.25 0 0.725159355025
38716.499963 0 0.725159355025
38716.5 0 0.71453763245
39081.749963 0 0.71453763245
39081.75 0 0.7038543427
39446.999963 0 0.7038543427
39447 0 0.693116329625
39812.249963 0 0.693116329625
39812.25 0 0.68233728165
40177.499963 0 0.68233728165
40177.5 0 0.671544576325
40542.749963 0 0.671544576325
40542.75 0 0.6607450573
40907.999963 0 0.6607450573
40908 0 0.6499592575
41273.249963 0 0.6499592575
41273.25 0 0.639194020525
41638.499963 0 0.639194020525
41638.5 0 0.628469879125
42003.749963 0 0.628469879125
42003.75 0 0.617786832175
42368.999963 0 0.617786832175
42369 0 0.60715856775
42734.249963 0 0.60715856775
42734.25 0 0.596605618625
43099.499963 0 0.596605618625
43099.5 0 0.5861279835
43464.749963 0 0.5861279835
43464.75 0 0.5757188163
43829.999963 0 0.5757188163
43830 0 0.5603429661
44195.249963 0 0.5603429661
44195.25 0 0.55023078445
44560.499963 0 0.55023078445
44560.5 0 0.5402068038
44925.749963 0 0.5402068038
44925.75 0 0.5303049366
45290.999963 0 0.5303049366
45291 0 0.520511615175
45656.249963 0 0.520511615175
45656.25 0 0.510833622675
46021.499963 0 0.510833622675
46021.5 0 0.5012709564
46386.749963 0 0.5012709564
46386.75 0 0.4918507484
46751.999963 0 0.4918507484
46752 0 0.48253908275
47117.249963 0 0.48253908275
47117.25 0 0.4733630881
47482.499963 0 0.4733630881
47482.5 0 0.464322766525
47847.749963 0 0.464322766525
47847.75 0 0.4554113314
48212.999963 0 0.4554113314
48213 0 0.44663556525
48578.249963 0 0.44663556525
48578.25 0 0.437988683525
48943.499963 0 0.437988683525
48943.5 0 0.4294910358
49308.749963 0 0.4294910358
49308.75 0 0.421115485925
49673.999963 0 0.421115485925
49674 0 0.412889167975
50039.249963 0 0.412889167975
50039.25 0 0.4047985129
50404.499963 0 0.4047985129
50404.5 0 0.396836736175
50769.749963 0 0.396836736175
50769.75 0 0.389017405475
51134.999963 0 0.389017405475
51135 0 0.3813337336
51500.249963 0 0.3813337336
51500.25 0 0.3737857205
51865.499963 0 0.3737857205
51865.5 0 0.3663665837
52230.749963 0 0.3663665837
52230.75 0 0.35908988685
52595.999963 0 0.35908988685
52596 0 0.35193527905
52961.249963 0 0.35193527905
52961.25 0 0.34490954415
53326.499963 0 0.34490954415
53326.5 0 0.3380194633
53691.749963 0 0.3380194633
53691.75 0 0.33130573555
54056.999963 0 0.33130573555
54057 0 0.324659828075
54422.249963 0 0.324659828075
54422.25 0 0.3180817415
54787.499963 0 0.3180817415
54787.5 0 0.3117749698
55152.749963 0 0.3117749698
55152.75 0 0.305468183875
55517.999963 0 0.305468183875
55518 0 0.29936488035
55883.249963 0 0.29936488035
55883.25 0 0.293329393025
56248.499963 0 0.293329393025
56248.5 0 0.287429555
56613.749963 0 0.287429555
56613.75 0 0.281665364225
56978.999963 0 0.281665364225
56979 0 0.27596898895
57344.249963 0 0.27596898895
57344.25 0 0.2704082596
57709.499963 0 0.2704082596
57709.5 0 0.264915344375
58074.749963 0 0.264915344375
58074.75 0 0.259625906825
58439.999963 0 0.259625906825
58440 0 0.2544042807
58805.249963 0 0.2544042807
58805.25 0 0.2491826369425
59170.499963 0 0.2491826369425
59170.5 0 0.24423229993
59535.749963 0 0.24423229993
59535.75 0 0.2392819418875
59900.999963 0 0.2392819418875
59901 0 0.2343993952675
60266.249963 0 0.2343993952675
60266.25 0 0.2297203236175
60631.499963 0 0.2297203236175
60631.5 0 0.2251090613575
60996.749963 0 0.2251090613575
60996.75 0 0.2204977767125
61361.999963 0 0.2204977767125
61362 0 0.21608996568
61727.249963 0 0.21608996568
61727.25 0 0.211749964035
62092.499963 0 0.211749964035
62092.5 0 0.2074099393275
62457.749963 0 0.2074099393275
62457.75 0 0.2032733862
62822.999963 0 0.2032733862
62823 0 0.1991368093275
63188.249963 0 0.1991368093275
63188.25 0 0.1951358722625
63553.499963 0 0.1951358722625
63553.5 0 0.1912027439075
63918.749963 0 0.1912027439075
63918.75 0 0.1873374215475
64283.999963 0 0.1873374215475
64284 0 0.1835399072225
65014.499963 0 0.1798780313425
65014.5 0 0.1762161303675
65379.749963 0 0.1762161303675
65379.75 0 0.1726898678375
65744.999963 0 0.1726898678375
65745 0 0.169231412665
66110.249963 0 0.169231412665
66110.25 0 0.165772931035
66475.499963 0 0.165772931035
66475.5 0 0.162450087175
66840.749963 0 0.162450087175
66840.75 0 0.15919505067
67205.999963 0 0.15919505067
67206 0 0.15593998771
67571.249963 0 0.15593998771
67571.25 0 0.152888393615
67936.499963 0 0.152888393615
67936.5 0 0.149701110875
68666.999963 0 0.1467851274175
68667 0 0.1438012898
69032.249963 0 0.1438012898
69032.25 0 0.1408852561475
69397.499963 0 0.1408852561475
69397.5 0 0.1380370271325
69762.749963 0 0.1380370271325
69762.75 0 0.1353244345325
70127.999963 0 0.1353244345325
70128 0 0.13254398981
70493.249963 0 0.13254398981
70493.25 0 0.129899174715
70858.499963 0 0.129899174715
70858.5 0 0.1273221710475
71223.749963 0 0.1273221710475
71223.75 0 0.1246773016875
71954.249963 0 0.1222359140825
71954.25 0 0.11979449256
72319.499963 0 0.11979449256
72319.5 0 0.117353043905
72684.749963 0 0.117353043905
72684.75 0 0.114979406675
73049.999963 0 0.114979406675
73050 0 0.1126735673
73415.249963 0 0.1126735673
73415.25 0 0.1104355461325
73780.499963 0 0.1104355461325
73780.5 0 0.1081974842675
74145.749963 0 0.1081974842675
74145.75 0 0.1060950791625
74510.999963 0 0.1060950791625
74511 0 0.10385696303
74876.249963 0 0.10385696303
74876.25 0 0.101822335435
75241.499963 0 0.101822335435
75241.5 0 0.0997876739225
75606.749963 0 0.0997876739225
75606.75 0 0.09775299206
75972 0 0.09578611484
80355 0 0.0750306437075
84738 0 0.0587488611475
89851.5 0 0.044023390435
99348 0 0.025554860745
108844.5 0 0.01461087571375
120897.75 0 0.00698455626325
136238.25 0 0.002614053384
175320 0 0.0001410086896225
382051.49996 0 0.000882016543775
384243.0 0 0.0
