0 0 0.001039128806925
1095.7499635 0 0.001052596588275
1095.75 0 0.001072578468725
1460.9999635 0 0.001072578468725
1461 0 0.001102671000475
1826.2499635 0 0.001102671000475
1826.25 0 0.00114116377945
2191.4999635 0 0.00114116377945
2191.5 0 0.001191066580825
2556.7499635 0 0.001191066580825
2556.75 0 0.001245621965775
2921.9999635 0 0.001245621965775
2922 0 0.001303216571675
3287.2499635 0 0.001303216571675
3287.25 0 0.001361215038025
3652.4999635 0 0.001361215038025
3652.5 0 0.00141756383715
4017.7499635 0 0.00141756383715
4017.75 0 0.0014708049644
4382.9999635 0 0.0014708049644
4383 0 0.001520069093075
4748.2499635 0 0.001520069093075
4748.25 0 0.001564911292175
5113.4999635 0 0.001564911292175
5113.5 0 0.001605235730425
5478.7499635 0 0.001605235730425
5478.75 0 0.00164102669405
5843.9999635 0 0.00164102669405
5844 0 0.001672744695425
6209.2499635 0 0.001672744695425
6209.25 0 0.00170059548255
6574.4999635 0 0.00170059548255
6574.5 0 0.0017248733744
6939.7499635 0 0.0017248733744
6939.75 0 0.00174590006845
7304.9999635 0 0.00174590006845
7305 0 0.001763976728275
7670.2499635 0 0.001763976728275
8400.749963 0 0.001792224503775
8766 0 0.00181140999315
11687.999963 0 0.00182841204655
14244.749963 0 0.00180797104555
16801.499963 0 0.00177766656525
17897.249963 0 0.001756434799525
18992.999963 0 0.0017207680452
19723.499963 0 0.00168845116125
20088.749963 0 0.001671539261925
20453.999963 0 0.00165346338575
20454 0 0.00162427812615
22280.249963 0 0.001548115415425
22280.25 0 0.001526175756225
22645.499963 0 0.001526175756225
22645.5 0 0.00150382093745
23010.749963 0 0.00150382093745
23010.75 0 0.001481160891925
23375.999963 0 0.001481160891925
23376 0 0.00145831970645
24106.499963 0 0.00145595755725
24106.5 0 0.00141238323415
24471.749963 0 0.00141238323415
24471.75 0 0.0013892406351
24836.999963 0 0.0013892406351
24837 0 0.001366371912975
25202.249963 0 0.001366371912975
25202.25 0 0.0013434347216
25567.499963 0 0.0013434347216
25567.5 0 0.001320702937925
25932.749963 0 0.001320702937925
25932.75 0 0.0012981080927
26297.999963 0 0.0012981080927
26298 0 0.001275787124375
26663.249963 0 0.001275787124375
26663.25 0 0.00125367156375
27028.499963 0 0.00125367156375
27028.5 0 0.00123182988005
27393.749963 0 0.00123182988005
27393.75 0 0.001210193604
27758.999963 0 0.001210193604
27759 0 0.001188899674125
28124.249963 0 0.001188899674125
28124.25 0 0.001167948090375
28489.499963 0 0.001167948090375
28489.5 0 0.0011472019143
28854.749963 0 0.0011472019143
28854.75 0 0.0011268665536
29219.999963 0 0.0011268665536
29220 0 0.0011068050698
29585.249963 0 0.0011068050698
29585.25 0 0.00108708593215
29950.499963 0 0.00108708593215
29950.5 0 0.00106770914065
30315.749963 0 0.00106770914065
30315.75 0 0.001048674695275
30680.999963 0 0.001048674695275
30681 0 0.00102998259605
31046.249963 0 0.00102998259605
31046.25 0 0.00101163284295
31411.499963 0 0.00101163284295
31411.5 0 0.000993625436
32872.499963 0 0.000941588822775
33968.25 0 0.000876679994675
35429.249963 0 0.000831421835
36525 0 0.000775140129625
37986 0 0.00072330892405
39446.999963 0 0.000687225640925
40907.999963 0 0.00064244676585
42003.75 0 0.000601228290625
43464.75 0 0.0005634332768
44925.75 0 0.000528719378225
46386.75 0 0.000496881187225
47847.75 0 0.0004676448269
48943.499963 0 0.0004539509813
49673.999963 0 0.000440873358775
51135 0 0.00041047302155
52961.249963 0 0.00038842593015
54422.25 0 0.00036343466195
55518 0 0.000349740816375
56613.75 0 0.0003368686015
57709.5 0 0.0003248180174
58805.249963 0 0.0003172179331
59900.999963 0 0.000306399795075
60996.749963 0 0.00029626634935
62822.999963 0 0.000280792303825
65014.499963 0 0.000264291219875
66840.75 0 0.0002498442127875
70858.5 0 0.0002277971213875
73780.5 0 0.00021478439425
76702.499963 0 0.000205201916495
82181.249963 0 0.00018925393566
87660 0 0.000177481177275
93138.75 0 0.00017002053388
98252.25 0 0.0001652292950025
103365.75 0 0.00016187542779
108479.25 0 0.00015941136208
113592.74996 0 0.0001578370978775
123819.74996 0 0.0001560574948675
133681.49996 0 0.0001560574948675
152674.49996 0 0.0001609856262825
162170.99996 0 0.00016570841889
171667.49996 0 0.0001718001368925
181163.99996 0 0.0001791923340175
190660.49996 0 0.0001878165639975
200156.99996 0 0.0001974674880225
209288.24996 0 0.000207255304585
218784.74996 0 0.0002176591375775
228281.24996 0 0.00022785763176
237777.74996 0 0.000237371663245
246909 0 0.000245995893225
265901.99996 0 0.0002598220397
284529.75 0 0.00026919917865
296948.24996 0 0.00027234770705
309001.5 0 0.000273305954825
315210.75 0 0.0002728952772
321419.99996 0 0.00027214236825
327629.24996 0 0.000270910335375
333473.24996 0 0.000269336071175
357944.99996 0 0.00026018135405
382051.49996 0 0.0002483393718625
384243.0 0 0.0
