0 0 6.14360845325e-22
10226.999963 0 5.06289994275e-07
18992.999963 0 0.0002596899859
26297.999963 0 0.00309388708575
32141.999963 0 0.01038624792625
36890.249963 0 0.019024502723
41273.249963 0 0.027406773835
50039.25 0 0.0417430889475
58074.75 0 0.049843778005
67936.5 0 0.05563378766
94599.749963 0 0.063729698355
107748.75 0 0.0680507029675
120897.75 0 0.07296558973
134411.99996 0 0.0782900503875
147560.99996 0 0.08362133728
173859 0 0.09300479124
187373.25 0 0.09611909651
191025.74996 0 0.09668035592
192851.99996 0 0.0969678302525
194312.99996 0 0.0971731690625
194678.24996 0 0.09722108145
195043.49996 0 0.09726899384
195408.74996 0 0.0973169062275
196139.24996 0 0.097412731005
197600.25 0 0.097618069815
200887.5 0 0.0979397672825
227915.99996 0 0.10054072553
231933.74996 0 0.1055236139625
235586.24996 0 0.11505817933
239238.74996 0 0.1300752908975
244352.25 0 0.1565229295
248004.75 0 0.1701300479125
251657.25 0 0.1779055441475
255675 0 0.1804449007525
261518.99996 0 0.17711156742
265536.74996 0 0.1717316906225
269189.24996 0 0.1656057494875
287451.75 0 0.12680594004
305714.25 0 0.0884422392125
328725 0 0.048937127725
341508.75 0 0.0326703171125
354657.75 0 0.0203676872375
382051.49996 0 0.0064247067125
384243.0 0 0.0
