0 0 174.420260095
1095.75 0 173.173853525
2921.9999635 0 171.823408625
4017.7499635 0 169.3675564675
4017.75 0 168.26625599
4382.9999635 0 168.26625599
4383 0 167.0821355225
4748.2499635 0 167.0821355225
4748.25 0 165.85763176
5113.4999635 0 165.85763176
5113.5 0 164.630390145
5478.7499635 0 164.630390145
5478.75 0 163.4312115
5843.9999635 0 163.4312115
5844 0 162.282683095
6209.2499635 0 162.282683095
6209.25 0 161.199178645
6574.4999635 0 161.199178645
6574.5 0 160.19028063
6939.7499635 0 160.19028063
6939.75 0 159.257357975
7304.9999635 0 159.257357975
7305 0 158.39835729
7670.25 0 157.6084873375
9496.499963 0 154.9993155375
10957.5 0 152.457905545
12783.749963 0 150.6235455175
14244.749963 0 148.64476386
14975.249963 0 147.145790555
14975.25 0 146.0985626275
15340.499963 0 146.0985626275
15340.5 0 144.7775496225
15705.749963 0 144.7775496225
15705.75 0 143.18275154
16070.999963 0 143.18275154
16071 0 141.28678987
16436.249963 0 141.28678987
16436.25 0 139.1375770025
16801.499963 0 139.1375770025
16801.5 0 136.5382014625
17166.749963 0 136.5382014625
17166.75 0 133.626010265
17531.999963 0 133.626010265
17532 0 131.3758293375
17897.249963 0 131.3758293375
17897.25 0 128.03559206
18262.499963 0 128.03559206
18262.5 0 124.4553203675
18627.749963 0 124.4553203675
18627.75 0 121.65466882
18992.999963 0 121.65466882
18993 0 118.44969877
19358.249963 0 118.44969877
19358.25 0 115.9594785025
19723.499963 0 115.9594785025
19723.5 0 112.5549014525
20088.749963 0 112.5549014525
20088.75 0 109.676067095
20453.999963 0 109.676067095
20454 0 106.838261255
20819.249963 0 106.838261255
20819.25 0 104.0483220225
21184.499963 0 104.0483220225
21184.5 0 101.299411305
21549.749963 0 101.299411305
21549.75 0 98.6120433675
21914.999963 0 98.6120433675
21915 0 95.9725420325
22280.249963 0 95.9725420325
22280.25 0 93.4014215625
22645.499963 0 93.4014215625
22645.5 0 90.8781676975
23010.749963 0 90.8781676975
23010.75 0 88.4164566075
23375.999963 0 88.4164566075
23376 0 86.0162882975
23741.249963 0 86.0162882975
23741.25 0 83.6776627625
24106.499963 0 83.6776627625
24106.5 0 81.400580005
24471.749963 0 81.400580005
24471.75 0 79.185040025
24836.999963 0 79.185040025
24837 0 77.024204735
25202.249963 0 77.024204735
25202.25 0 74.9249122225
25567.499963 0 74.9249122225
25567.5 0 72.88716249
25932.749963 0 72.88716249
25932.75 0 70.904117445
26297.999963 0 70.904117445
26298 0 68.9826151775
26663.249963 0 68.9826151775
26663.25 0 67.1158176025
27028.499963 0 67.1158176025
27028.5 0 65.3037247175
27393.749963 0 65.3037247175
27393.75 0 63.546336525
27758.999963 0 63.546336525
27759 0 61.8504911075
28124.249963 0 61.8504911075
28124.25 0 60.19567421
28489.499963 0 60.19567421
28489.5 0 58.6024000875
28854.749963 0 58.6024000875
28854.75 0 57.05699257
29219.999963 0 57.05699257
29220 0 55.566289745
29585.249963 0 55.566289745
29585.25 0 54.10977735
29950.499963 0 54.10977735
29950.5 0 52.72164582
30315.749963 0 52.72164582
30315.75 0 51.360866635
30680.999963 0 51.360866635
30681 0 50.05479214
31046.249963 0 50.05479214
31046.25 0 48.789746165
31411.499963 0 48.789746165
31411.5 0 47.5725667925
31776.749963 0 47.5725667925
31776.75 0 46.3964159375
32141.999963 0 46.3964159375
32142 0 45.24761743
32507.249963 0 45.24761743
32507.25 0 44.1535236125
32872.499963 0 44.1535236125
32872.5 0 43.0936202275
33237.749963 0 43.0936202275
33237.75 0 42.0610691875
33602.999963 0 42.0610691875
33603 0 41.0763847525
33968.249963 0 41.0763847525
33968.25 0 40.1190526625
35429.25 0 36.6179524475
36890.25 0 33.56816593
37986 0 31.550930455
38716.499963 0 30.914988425
39081.75 0 29.7251613975
39812.249963 0 29.15760023
40177.5 0 28.0840206725
40907.999963 0 27.56432611
41273.25 0 26.593317845
42003.75 0 25.68385236
42368.999963 0 25.68385236
42369 0 25.2393767475
42734.249963 0 25.2393767475
43464.749963 0 24.41196829775
43830 0 23.63926453925
44560.5 0 22.9144273855
44925.75 0 22.56568498125
45290.999963 0 22.56568498125
46021.499963 0 21.9023906045
46386.75 0 21.28012474575
47482.499963 0 20.6988874055
48213 0 19.89199321525
49308.749963 0 19.392812911
50039.249963 0 18.92782303875
51865.499963 0 17.86791965325
53326.5 0 16.95845416775
55883.249963 0 16.028474423
58074.749963 0 15.2557706645
62457.75 0 13.963372343
66110.25 0 13.24537327525
69762.75 0 12.6778121075
73415.25 0 12.226498408
77067.75 0 11.82988939925
83642.25 0 11.2418139725
90216.75 0 10.72211940925
93504 0 10.47594830025
96791.25 0 10.2297771915
100078.5 0 9.99728225525
103365.74996 0 9.78530157825
106652.99996 0 9.552806642
109940.24996 0 9.320311706
116514.74996 0 8.86899800625
123089.24996 0 8.424522393
129298.49996 0 8.00739912525
135872.99996 0 7.56976159825
142447.49996 0 7.1526383305
149021.99996 0 6.742353149
155231.25 0 6.33890605375
161805.75 0 5.95597321775
168380.24996 0 5.59355464075
174954.74996 0 5.23797415025
181164 0 4.88239365975
190660.5 0 4.410565701
200157 0 3.96609008775
209653.5 0 3.5626429925
219149.99996 0 3.207062502
228646.49996 0 2.865158184
238142.99996 0 2.5506062115
247639.49996 0 2.2702446709
256770.75 0 2.0103973893
288182.25 0 1.35394109895
319593.74996 0 0.909465485675
382051.49996 0 0.410285181525
384243.0 0 0.0
