0 0 7.97954912875e-12
3287.2499635 0 6.503084379e-07
40907.999963 0 6.37988404275
59900.999963 0 13.68685829025
78528.749963 0 24.01476374175
91312.499963 0 34.1883370725
104096.24996 0 47.90400403
116879.99996 0 66.253750105
129298.49996 0 89.80071605
139890.74996 0 115.509017595
150117.74996 0 146.4165967775
159614.24996 0 181.5700240575
168745.49996 0 222.306844475
177511.49996 0 268.880848625
185912.24996 0 321.35376935
193947.74996 0 379.58842255
201617.99996 0 443.4064689
206366.24996 0 488.320545375
211114.49996 0 539.723430075
215132.24996 0 589.823065775
219149.99996 0 646.823062025
223532.99996 0 717.472876875
227915.99996 0 797.1082507
231933.74996 0 878.184057625
235951.49996 0 966.667806325
243256.49996 0 1145.761657375
250561.49996 0 1343.512546925
254579.24996 0 1457.8554997
258596.99996 0 1574.5305823
260788.49996 0 1638.801336225
261884.24996 0 1671.03960125
262249.49996 0 1681.739961575
262614.74996 0 1692.508913925
266267.24996 0 1799.9926614
273937.5 0 2033.068458425
281607.75 0 2245.703823575
290373.75 0 2462.35455145
298409.25 0 2637.44010925
306079.5 0 2773.169062
313749.75 0 2873.10061575
321054.75 0 2931.69062275
328725 0 2953.04585875
340412.99996 0 2909.650924
352466.24996 0 2771.38945925
365249.99996 0 2541.796113
382051.49996 0 2145.004538525
384243.0 0 0.0
