0 0 3.899905286e-05
167649.74996 0 51.6038146725
221706.74996 0 548.038320825
241795.49996 0 1285.65474045
257866.49996 0 2485.08193625
271745.99996 0 4260.3349095
284164.49996 0 6715.2678305
298774.49996 0 11078.91245875
305714.24996 0 13865.144267
311923.49996 0 16822.1978105
318132.74996 0 20265.8551015
324341.99996 0 24241.03340925
324342 0 24492.84234175
324707.24996 0 24492.84234175
324707.25 0 24746.692968
325072.49996 0 24746.692968
325072.5 0 25001.22416
325437.74996 0 25001.22416
325437.75 0 25259.1581725
325802.99996 0 25259.1581725
325803 0 25518.4533175
326168.24996 0 25518.4533175
326168.25 0 25780.47072
326533.49996 0 25780.47072
326533.5 0 26043.1686875
326898.74996 0 26043.1686875
326898.75 0 26309.2694775
327263.99996 0 26309.2694775
327264 0 26576.7313975
327629.24996 0 26576.7313975
327629.25 0 26846.2350125
327994.49996 0 26846.2350125
327994.5 0 27117.78032
328359.74996 0 27117.78032
328359.75 0 27392.0478875
328724.99996 0 27392.0478875
328725 0 27667.6765825
329090.24996 0 27667.6765825
329090.25 0 27946.0275375
329455.49996 0 27946.0275375
329455.5 0 28225.7396225
329820.74996 0 28225.7396225
329820.75 0 28508.85453
330185.99996 0 28508.85453
330186 0 28792.6500025
330551.24996 0 28792.6500025
330551.25 0 29078.48717
330916.49996 0 29078.48717
330916.5 0 29367.72716
331281.74996 0 29367.72716
331281.75 0 29658.3282775
331646.99996 0 29658.3282775
331647 0 29951.651655
332012.24996 0 29951.651655
332012.25 0 30246.3361625
332377.49996 0 30246.3361625
332377.5 0 30543.74293
332742.74996 0 30543.74293
332742.75 0 30843.19139
333107.99996 0 30843.19139
333108 0 31144.00098
333473.24996 0 31144.00098
333473.25 0 31448.8939575
333838.49996 0 31448.8939575
333838.5 0 31753.786935
334203.74996 0 31753.786935
334203.75 0 32062.7633
334568.99996 0 32062.7633
334569 0 32372.42023
334934.24996 0 32372.42023
334934.25 0 32684.79942
335299.49996 0 32684.79942
335299.5 0 33000.5814325
335664.74996 0 33000.5814325
335664.75 0 33316.363445
336029.99996 0 33316.363445
336030 0 33636.228845
336395.24996 0 33636.228845
336395.25 0 33957.455375
336760.49996 0 33957.455375
336760.5 0 34281.4041625
337125.74996 0 34281.4041625
337125.75 0 34607.394645
337490.99996 0 34607.394645
337491 0 34934.7462575
337856.24996 0 34934.7462575
337856.25 0 35266.1812575
338221.49996 0 35266.1812575
338221.5 0 35598.2968225
338586.74996 0 35598.2968225
338586.75 0 35933.1346475
338951.99996 0 35933.1346475
338952 0 36270.69473
339317.24996 0 36270.69473
339317.25 0 36610.296505
339682.49996 0 36610.296505
339682.5 0 36951.25941
340047.74996 0 36951.25941
340047.75 0 37296.305705
340412.99996 0 37296.305705
340413 0 37642.0325625
340778.24996 0 37642.0325625
340778.25 0 37991.162245
341143.49996 0 37991.162245
341143.5 0 38341.653055
341508.74996 0 38341.653055
341508.75 0 38694.866125
341873.99996 0 38694.866125
341874 0 39050.801455
342239.24996 0 39050.801455
342239.25 0 39408.7784775
342604.49996 0 39408.7784775
342604.5 0 39768.797195
342969.74996 0 39768.797195
342969.75 0 40131.53817
343334.99996 0 40131.53817
343335 0 40495.640275
343700.24996 0 40495.640275
343700.25 0 40863.8257675
344065.49996 0 40863.8257675
344065.5 0 41232.691825
344430.74996 0 41232.691825
344430.75 0 41604.9607075
344795.99996 0 41604.9607075
344796 0 41979.2712825
345161.24996 0 41979.2712825
345161.25 0 42355.62355
345526.49996 0 42355.62355
345526.5 0 42734.6980775
345891.74996 0 42734.6980775
345891.75 0 43115.8143
346256.99996 0 43115.8143
346257 0 43498.9722175
346622.24996 0 43498.9722175
346622.25 0 43885.532955
346987.49996 0 43885.532955
346987.5 0 44274.13539
347352.74996 0 44274.13539
347352.75 0 44664.7795175
347717.99996 0 44664.7795175
347718 0 45057.4653375
348083.24996 0 45057.4653375
348083.25 0 45452.8734175
348448.49996 0 45452.8734175
348448.5 0 45851.0037575
348813.74996 0 45851.0037575
348813.75 0 46251.17579
349178.99996 0 46251.17579
349179 0 46654.0700825
349544.24996 0 46654.0700825
349544.25 0 47059.0060675
349909.49996 0 47059.0060675
349909.5 0 47465.9837475
350274.74996 0 47465.9837475
350274.75 0 47875.6836875
350639.99996 0 47875.6836875
350640 0 48288.105885
351005.24996 0 48288.105885
351005.25 0 48702.569775
351370.49996 0 48702.569775
351370.5 0 49119.755925
351735.74996 0 49119.755925
351735.75 0 49538.98377
352100.99996 0 49538.98377
352101 0 49960.2533075
352466.24996 0 49960.2533075
352466.25 0 50384.92567
352831.49996 0 50384.92567
352831.5 0 50810.95916
353196.74996 0 50810.95916
353196.75 0 51240.395475
353561.99996 0 51240.395475
353562 0 51671.1929175
353927.24996 0 51671.1929175
353927.25 0 52104.71262
354292.49996 0 52104.71262
354292.5 0 52540.9545825
354657.74996 0 52540.9545825
354657.75 0 52979.9188025
355022.99996 0 52979.9188025
355023 0 53420.24415
355388.24996 0 53726.2149175
355388.25 0 54172.4845975
355753.49996 0 54172.4845975
355753.5 0 54620.1232
356118.74996 0 54620.1232
356118.75 0 55071.1841175
356483.99996 0 55071.1841175
356484 0 55524.2984225
356849.24996 0 55524.2984225
356849.25 0 55979.466115
357214.49996 0 55979.466115
357214.5 0 56437.37166
357579.74996 0 56437.37166
357579.75 0 56897.3305925
357944.99996 0 56897.3305925
357945 0 57360.7118375
358310.24996 0 57360.7118375
358310.25 0 57825.46201
358675.49996 0 57825.46201
358675.5 0 58292.95003
359040.74996 0 58292.95003
359040.75 0 58763.1759025
359405.99996 0 58763.1759025
359406 0 59234.7707025
359771.24996 0 59234.7707025
359771.25 0 59709.7878125
360136.49996 0 59709.7878125
360136.5 0 60186.8583125
360501.74996 0 60186.8583125
360501.75 0 60666.6666625
360866.99996 0 60666.6666625
360867 0 61148.5284025
361232.24996 0 61148.5284025
361232.25 0 61632.4435275
361597.49996 0 61632.4435275
361597.5 0 62119.096505
361962.74996 0 62119.096505
361962.75 0 62608.4873325
362327.99996 0 62608.4873325
362328 0 63099.93155
362693.24996 0 63099.93155
362693.25 0 63593.429155
363058.49996 0 63593.429155
363058.5 0 64089.66461
363423.74996 0 64089.66461
363423.75 0 64588.637915
363788.99996 0 64588.637915
363789 0 65088.9801475
364154.24996 0 65088.9801475
364154.25 0 65592.7446925
364519.49996 0 65592.7446925
364519.5 0 66098.562625
364884.74996 0 66098.562625
364884.75 0 66606.433945
365249.99996 0 66606.433945
365250 0 67118.4120425
365615.24996 0 67118.4120425
365615.25 0 67624.9144375
365980.49996 0 67624.9144375
365980.5 0 68145.1060875
366345.74996 0 68145.1060875
366345.75 0 68665.2977375
366710.99996 0 68665.2977375
366711 0 69178.64476
367076.24996 0 69178.64476
367076.25 0 69705.681035
367441.49996 0 69705.681035
367441.5 0 70225.872685
367806.74996 0 70225.872685
367806.75 0 70759.75359
368171.99996 0 70759.75359
368172 0 71279.9452375
368537.24996 0 71279.9452375
368537.25 0 71820.67077
368902.49996 0 71820.67077
368902.5 0 72347.707045
369267.74996 0 72347.707045
369267.75 0 72881.58795
369632.99996 0 72881.58795
369633 0 73429.1581075
369998.24996 0 73429.1581075
369998.25 0 73963.03901
370363.49996 0 73963.03901
370363.5 0 74503.76454
370728.74996 0 74503.76454
370728.75 0 75051.3346975
371093.99996 0 75051.3346975
371094 0 75598.904855
371459.24996 0 75598.904855
371459.25 0 76153.31964
371824.49996 0 76153.31964
371824.5 0 76700.8897975
372189.74996 0 76700.8897975
372189.75 0 77255.30458
372554.99996 0 77255.30458
372555 0 77809.719365
372920.24996 0 77809.719365
372920.25 0 78370.9787775
373285.49996 0 78370.9787775
373285.5 0 78932.2381875
373650.74996 0 78932.2381875
373650.75 0 79493.4976
374015.99996 0 79493.4976
374016 0 80061.6016375
374381.24996 0 80061.6016375
374381.25 0 80629.705675
374746.49996 0 80629.705675
374746.5 0 81197.809715
375111.74996 0 81197.809715
375111.75 0 81765.9137525
375476.99996 0 81765.9137525
375477 0 82347.707045
375842.24996 0 82347.707045
375842.25 0 82922.65571
376207.49996 0 82922.65571
376207.5 0 83497.604375
376572.74996 0 83497.604375
376572.75 0 84079.3976675
376937.99996 0 84079.3976675
376938 0 84661.19096
377303.24996 0 84661.19096
377303.25 0 85242.9842525
377668.49996 0 85242.9842525
377668.5 0 85838.4667975
378033.74996 0 85838.4667975
378033.75 0 86420.26009
378398.99996 0 86420.26009
378399 0 87015.7426375
378764.24996 0 87015.7426375
378764.25 0 87611.2251825
379129.49996 0 87611.2251825
379129.5 0 88199.8631025
379494.74996 0 88199.8631025
379494.75 0 88802.190275
379859.99996 0 88802.190275
379860 0 89397.67282
380225.24996 0 89397.67282
380225.25 0 90006.8446225
380590.49996 0 90006.8446225
380590.5 0 90602.3271675
380955.74996 0 90602.3271675
380955.75 0 91211.4989675
381320.99996 0 91211.4989675
381321 0 91820.6707675
381686.24996 0 91820.6707675
381686.25 0 92429.8425675
382051.49996 0 92429.8425675
384243.0 0 0.0
