0 0 3.54844023325e-10
2191.4999635 0 4.96948341625e-07
3287.2499635 0 2.1005132975e-06
5843.9999635 0 1.65697263755e-05
7670.2499635 0 3.6558166905e-05
9496.499963 0 6.320941182e-05
10592.249963 0 8.222661756e-05
10957.499963 0 8.89798376475e-05
11322.749963 0 9.589087971e-05
12783.75 0 0.0001313419658425
14609.999963 0 0.0001580984710325
15340.5 0 0.00017564778184
16071 0 0.0001858193018475
18262.5 0 0.0002091708323175
21184.499963 0 0.00021730184805
23741.249963 0 0.000211752224505
25932.75 0 0.00020349760438
30681 0 0.000197166324435
35429.25 0 0.0001947433264875
40177.5 0 0.0001879876796725
42734.249963 0 0.000183442847365
44925.75 0 0.0001775701574275
47482.499963 0 0.0001723750855575
49674 0 0.00016643394935
52230.749963 0 0.0001616221765925
54422.25 0 0.0001564407939775
56978.999963 0 0.000152402464065
59170.5 0 0.0001481314168375
63918.749963 0 0.00014187542779
68301.749963 0 0.00013676933607
72684.75 0 0.000132381930185
77067.75 0 0.00012932238193
104461.5 0 0.0001242162902125
131855.24996 0 0.000117735480405
146100 0 0.000110442374015
153404.99996 0 0.000106423305075
160344.75 0 0.000101905270095
167649.74996 0 9.7394070265e-05
174589.5 0 9.24590910575e-05
181894.49996 0 8.76539797225e-05
188834.25 0 8.252761628e-05
196139.24996 0 7.7667823735e-05
203079 0 7.2657657865e-05
210383.99996 0 6.79414034975e-05
217323.75 0 6.31567976175e-05
224628.74996 0 5.8850652325e-05
231568.5 0 5.44078040075e-05
245813.25 0 4.67524346e-05
254579.24996 0 4.306145292e-05
262980 0 3.9438822755e-05
271745.99996 0 3.6021247125e-05
280146.74996 0 3.2535319985e-05
297313.49996 0 2.65203868775e-05
314114.99996 0 2.132567192275e-05
348083.24996 0 1.1346351087e-05
382051.49996 0 4.647902855e-06
384243.0 0 0.0
