0 0 0.23327702873
222802.49996 0 0.0941084459675
266267.24996 0 0.55794294505
282703.49996 0 1.638049268625
295487.24996 0 3.705385119
305714.24996 0 6.8858440905
314845.49996 0 11.6395807415
321054.74996 0 16.37708186
326533.49996 0 21.908077579
326533.5 0 22.32992855975
326898.74996 0 22.32992855975
326898.75 0 22.758601193
327263.99996 0 22.758601193
327264 0 23.19484586025
327629.24996 0 23.19484586025
327629.25 0 23.63791217975
327994.49996 0 23.63791217975
327994.5 0 24.088482317
328359.74996 0 24.088482317
328359.75 0 24.5471702205
328724.99996 0 24.5471702205
328725 0 25.0134301575
329090.24996 0 25.0134301575
329090.25 0 25.4865117475
329455.49996 0 25.4865117475
329455.5 0 25.96839327
329820.74996 0 25.96839327
329820.75 0 26.45852899
330185.99996 0 26.45852899
330186 0 26.9561003125
330551.24996 0 26.9561003125
330551.25 0 27.4619258325
330916.49996 0 27.4619258325
330916.5 0 27.9759373375
331281.74996 0 27.9759373375
331281.75 0 28.49881699
331646.99996 0 28.49881699
331647 0 29.0304965725
332012.24996 0 29.0304965725
332012.25 0 29.570430355
332377.49996 0 29.570430355
332377.5 0 30.1192322875
332742.74996 0 30.1192322875
332742.75 0 30.67683415
333107.99996 0 30.67683415
333108 0 31.2434405925
333473.24996 0 31.2434405925
333473.25 0 31.8193927
333838.49996 0 31.8193927
333838.5 0 32.40509977
334203.74996 0 32.40509977
334203.75 0 32.99885639
334568.99996 0 32.99885639
334569 0 33.60359587
334934.24996 0 33.60359587
334934.25 0 34.2171352825
335299.49996 0 34.2171352825
335299.5 0 34.84036144
335664.74996 0 34.84036144
335664.75 0 35.473615425
336029.99996 0 35.473615425
336030 0 36.1179887075
336395.24996 0 36.1179887075
336395.25 0 36.7704115375
336760.49996 0 36.7704115375
336760.5 0 37.4351815575
337125.74996 0 37.4351815575
337125.75 0 38.10950189
337490.99996 0 38.10950189
337491 0 38.7939864875
337856.24996 0 38.7939864875
337856.25 0 39.4894539425
338221.49996 0 39.4894539425
338221.5 0 40.1965182075
338586.74996 0 40.1965182075
338586.75 0 40.9131327875
338951.99996 0 40.9131327875
338952 0 41.6419581225
339317.24996 0 41.6419581225
339317.25 0 42.3816981025
339682.49996 0 42.3816981025
339682.5 0 43.13248916
340047.74996 0 43.13248916
340047.75 0 43.8954227575
340412.99996 0 43.8954227575
340413 0 44.6700213825
340778.24996 0 44.6700213825
340778.25 0 45.4561485975
341143.49996 0 45.4561485975
341143.5 0 46.25394084
341508.74996 0 46.25394084
341508.75 0 47.064012055
341873.99996 0 47.064012055
341874 0 47.8869761925
342239.24996 0 47.8869761925
342239.25 0 48.7209914075
342604.49996 0 48.7209914075
342604.5 0 49.569127445
342969.74996 0 49.569127445
342969.75 0 50.4290649375
343334.99996 0 50.4290649375
343335 0 51.3024410875
343700.24996 0 51.3024410875
343700.25 0 52.18830086
344065.49996 0 52.18830086
344065.5 0 53.08698534
344430.74996 0 53.08698534
344430.75 0 54.000063505
344795.99996 0 54.000063505
344796 0 54.9254206475
345161.24996 0 54.9254206475
345161.25 0 55.865717205
345526.49996 0 55.865717205
345526.5 0 56.8189749025
345891.74996 0 56.8189749025
345891.75 0 57.7866262875
346256.99996 0 57.7866262875
346257 0 58.7679209775
346622.24996 0 58.7679209775
346622.25 0 59.7635411375
346987.49996 0 59.7635411375
346987.5 0 60.774100715
347352.74996 0 60.774100715
347352.75 0 61.7989857625
347717.99996 0 61.7989857625
347718 0 62.8382644975
348083.24996 0 62.8382644975
348083.25 0 63.8932330325
348448.49996 0 63.8932330325
348448.5 0 64.963140985
348813.74996 0 64.963140985
348813.75 0 66.04812479
349178.99996 0 66.04812479
349179 0 67.14873018
349544.24996 0 67.14873018
349544.25 0 68.2643432025
349909.49996 0 68.2643432025
349909.5 0 69.39714679
350274.74996 0 69.39714679
350274.75 0 70.544753365
350639.99996 0 70.544753365
350640 0 71.7089365525
351005.24996 0 71.7089365525
351005.25 0 72.8892870575
351370.49996 0 72.8892870575
351370.5 0 74.08614596
351735.74996 0 74.08614596
351735.75 0 75.300058995
352100.99996 0 75.300058995
352101 0 76.5302757775
352466.24996 0 76.5302757775
352466.25 0 77.778297075
352831.49996 0 77.778297075
352831.5 0 79.0425539025
353196.74996 0 79.0425539025
353196.75 0 80.3254338425
353561.99996 0 80.3254338425
353562 0 81.6244810975
353927.24996 0 81.6244810975
353927.25 0 82.94283363
354292.49996 0 82.94283363
354292.5 0 84.2787178075
354657.74996 0 84.2787178075
354657.75 0 85.63179255
355022.99996 0 85.63179255
355023 0 87.0038997025
355388.24996 0 87.0038997025
355388.25 0 88.3951756975
355753.49996 0 88.3951756975
355753.5 0 89.8041197725
356118.74996 0 89.8041197725
356118.75 0 91.2328466375
356483.99996 0 91.2328466375
356484 0 92.679991965
356849.24996 0 92.679991965
356849.25 0 94.1463061375
357214.49996 0 94.1463061375
357214.5 0 95.6330170475
357579.74996 0 95.6330170475
357579.75 0 97.1395789675
357944.99996 0 97.1395789675
357945 0 98.664422915
358310.24996 0 98.664422915
358310.25 0 100.21055042
358675.49996 0 100.21055042
358675.5 0 101.7770746625
359040.74996 0 101.7770746625
359040.75 0 103.363449915
359405.99996 0 103.363449915
359406 0 104.9708358575
359771.24996 0 104.9708358575
359771.25 0 106.5995053525
360136.49996 0 106.5995053525
360136.5 0 108.247889425
360501.74996 0 108.247889425
360501.75 0 109.919467115
360866.99996 0 109.919467115
360867 0 111.6108275975
361232.24996 0 111.6108275975
361232.25 0 113.3253816975
361597.49996 0 113.3253816975
361597.5 0 115.0604007525
361962.74996 0 115.0604007525
361962.75 0 116.81799948
362327.99996 0 116.81799948
362328 0 118.5994057725
362693.24996 0 118.5994057725
362693.25 0 120.39916231
363058.49996 0 120.39916231
363058.5 0 122.22770622
363423.74996 0 122.22770622
363423.75 0 124.07664687
363788.99996 0 124.07664687
363789 0 125.9459842625
364154.24996 0 125.9459842625
364154.25 0 127.8359230425
364519.49996 0 127.8359230425
364519.5 0 129.75990187
364884.74996 0 129.75990187
364884.75 0 131.7042774375
365249.99996 0 131.7042774375
365250 0 133.66243274
365615.24996 0 133.66243274
365615.25 0 135.6613815275
365980.49996 0 136.118275155
365980.5 0 138.130937715
366345.74996 0 138.130937715
366345.75 0 140.1845311425
366710.99996 0 140.1845311425
366711 0 142.2518822725
367076.24996 0 142.2518822725
367076.25 0 144.34661191
367441.49996 0 144.34661191
367441.5 0 146.468720055
367806.74996 0 146.468720055
367806.75 0 148.6182067075
368171.99996 0 148.6182067075
368172 0 150.788158795
368537.24996 0 150.788158795
368537.25 0 152.9856262825
368902.49996 0 152.9856262825
368902.5 0 155.2103353875
369267.74996 0 155.2103353875
369267.75 0 157.4624229975
369632.99996 0 157.4624229975
369633 0 159.74202601
369998.24996 0 159.74202601
369998.25 0 162.0488706375
370363.49996 0 162.0488706375
370363.5 0 164.37631759
370728.74996 0 164.37631759
370728.75 0 166.7379192325
371093.99996 0 166.7379192325
371094 0 169.12019165
371459.24996 0 169.12019165
371459.25 0 171.5364818625
371824.49996 0 171.5364818625
371824.5 0 173.98035592
372189.74996 0 173.98035592
372189.75 0 176.4446269675
372554.99996 0 176.4446269675
372555 0 178.9499657775
372920.24996 0 178.9499657775
372920.25 0 181.47597536
373285.49996 0 181.47597536
373285.5 0 184.02915811
373650.74996 0 184.02915811
373650.75 0 186.61670089
374015.99996 0 186.61670089
374016 0 189.2316221775
374381.24996 0 189.2316221775
374381.25 0 191.873853525
374746.49996 0 191.873853525
374746.5 0 194.54346338
375111.74996 0 194.54346338
375111.75 0 197.254209445
375476.99996 0 197.254209445
375477 0 199.985420945
375842.24996 0 199.985420945
375842.25 0 202.7440793975
376207.49996 0 202.7440793975
376207.5 0 205.5437371675
376572.74996 0 205.5437371675
376572.75 0 208.363928815
376937.99996 0 208.363928815
376938 0 211.2252566725
377303.24996 0 211.2252566725
377303.25 0 214.107049965
377668.49996 0 214.107049965
377668.5 0 217.02991102
378033.74996 0 217.02991102
378033.75 0 219.9801505825
378398.99996 0 219.9801505825
378399 0 222.9578370975
378764.24996 0 222.9578370975
378764.25 0 225.97652293
379129.49996 0 225.97652293
379129.5 0 229.02258727
379494.74996 0 229.02258727
379494.75 0 232.0960301175
379859.99996 0 232.0960301175
379860 0 235.210540725
380225.24996 0 235.210540725
380225.25 0 238.35927447
380590.49996 0 238.35927447
380590.5 0 241.52861054
380955.74996 0 241.52861054
380955.75 0 244.7457221075
381320.99996 0 244.7457221075
381321 0 247.990349075
381686.24996 0 247.990349075
381686.25 0 251.269062275
382051.49996 0 251.269062275
384243.0 0 0.0
