0 0 5.008431861e-06
365.2499635 0 5.008431861e-06
365.25 0 4.6548820895e-06
2191.5 0 3.2327757005e-06
4017.75 0 2.2031309737e-06
6209.25 0 1.304704911625e-06
8400.75 0 6.96556473225e-07
14244.75 0 8.12008580825e-08
31776.75 0 5.97166073825e-09
49308.749963 0 7.75629498175e-09
66840.749963 0 1.7846342436e-08
84007.5 0 3.83696362375e-08
92773.5 0 5.347038753e-08
101539.5 0 7.15226493e-08
105922.5 0 8.140677742e-08
110305.5 0 9.17713839875e-08
114688.5 0 1.025478292275e-07
119071.49996 0 1.125692369025e-07
123454.49996 0 1.2403207993e-07
127837.49996 0 1.359067616275e-07
132220.49996 0 1.483992013325e-07
136603.49996 0 1.618525979375e-07
140986.49996 0 1.765415105575e-07
145369.49996 0 1.928091380875e-07
149752.49996 0 2.114105180875e-07
153770.24996 0 2.3090421521e-07
159614.24996 0 2.65155464725e-07
165458.24996 0 3.088790037e-07
168380.24996 0 3.3530531845e-07
171302.24996 0 3.65575460825e-07
174224.24996 0 4.0010126945e-07
177146.24996 0 4.397750615e-07
180068.24996 0 4.8514595515e-07
182990.24996 0 5.37174907325e-07
185912.24996 0 5.96822874925e-07
188834.24996 0 6.65119454625e-07
191756.24996 0 7.43094243125e-07
194678.24996 0 8.32051396175e-07
197600.24996 0 9.3350098895e-07
200522.24996 0 1.04867853745e-06
203444.24996 0 1.179437315675e-06
206366.24996 0 1.32735603855e-06
209288.24996 0 1.494425259675e-06
211844.99996 0 1.65778793275e-06
214766.99996 0 1.866041021e-06
217323.74996 0 2.068665647425e-06
220245.74996 0 2.325584338725e-06
222802.49996 0 2.574128977e-06
227915.99996 0 3.14377049975e-06
232664.24996 0 3.76681377e-06
237412.49996 0 4.4877373645e-06
242160.74996 0 5.31079694975e-06
246543.74996 0 6.16213612375e-06
250561.49996 0 7.01766232425e-06
254579.24996 0 7.9402495885e-06
258596.99996 0 8.92248482025e-06
258962.24996 0 9.01514852125e-06
259327.49996 0 9.10643942675e-06
259692.74996 0 9.2004759235e-06
260788.49996 0 9.48052622025e-06
262614.74996 0 9.95482709025e-06
266632.49996 0 1.102492123875e-05
270650.24996 0 1.211835291175e-05
274302.74996 0 1.3118434486e-05
281973 0 1.528127390975e-05
289643.25 0 1.7201128517e-05
294026.25 0 1.819777810225e-05
298409.25 0 1.905133470225e-05
302792.25 0 1.985694729625e-05
307175.25 0 2.055920602325e-05
316306.5 0 2.16851471595e-05
325437.75 0 2.23805612595e-05
336395.24996 0 2.27214236825e-05
346987.49996 0 2.266324435325e-05
364519.49996 0 2.196378310175e-05
382051.49996 0 2.065082400575e-05
384243.0 0 0.0
