0 0 3039.16492525
5478.75 0 3446.16016425
7304.9999635 0 3383.84668025
7305 0 3348.5968515
7670.2499635 0 3348.5968515
7670.25 0 3308.4873375
8035.499963 0 3308.4873375
8035.5 0 3265.43463375
8400.749963 0 3265.43463375
8400.75 0 3221.01300475
8765.999963 0 3221.01300475
8766 0 3176.7967145
9131.249963 0 3176.7967145
9131.25 0 3133.744011
9496.499963 0 3133.744011
9496.5 0 3093.0184805
9861.749963 0 3093.0184805
9861.75 0 3054.9623545
10957.5 0 2961.12251875
13879.5 0 2857.70020525
17897.249963 0 2921.983223
25932.75 0 3253.25119775
29585.249963 0 3266.8720055
33968.249963 0 3070.49965775
37620.75 0 2801.57426425
39447 0 2675.154004
41273.25 0 2551.8822725
44560.499963 0 2364.955509925
47482.5 0 2174.332648875
50039.25 0 2041.478439425
52596 0 1921.6974675
55152.75 0 1814.168377825
56613.749963 0 1771.594798075
57709.5 0 1717.796030125
59900.999963 0 1655.16769335
61727.249963 0 1597.262149225
65379.749963 0 1494.04517455
69032.25 0 1397.467488025
72684.75 0 1322.587269
77433 0 1240.930869275
82181.249963 0 1178.7816564
86929.499963 0 1123.81930185
91312.5 0 1080.3559206
98252.25 0 1035.044490075
105192 0 1008.966461325
120532.49996 0 1006.023271725
136238.24996 0 1052.01916495
151578.75 0 1114.98973305
167284.49996 0 1175.906913075
182625 0 1231.348391525
212940.75 0 1292.950034225
226089.75 0 1293.634496925
229377 0 1291.581108825
232664.25 0 1288.15879535
235951.5 0 1284.052019175
239238.74996 0 1279.945242975
242525.99996 0 1274.4695414
245813.24996 0 1270.362765225
249100.49996 0 1266.25598905
252387.74996 0 1261.464750175
255674.99996 0 1257.357974
258962.24996 0 1251.882272425
262249.49996 0 1244.35318275
265171.49996 0 1236.1396304
271745.99996 0 1208.076659825
278320.49996 0 1170.4312115
284894.99996 0 1124.572210825
291104.24996 0 1076.65982205
306444.74996 0 941.820670775
321419.99996 0 800.13689255
351370.5 0 518.82272415
382051.49996 0 293.634496925
384243.0 0 0.0
