0 0 0.000241836413415
365.2499635 0 0.000241836413415
365.25 0 0.0002095133470225
730.4999635 0 0.0002095133470225
730.5 0 0.000177255304585
1095.7499635 0 0.000177255304585
1095.75 0 0.000146582477755
1460.9999635 0 0.000146582477755
1461 0 0.000118590006845
1826.2499635 0 0.000118590006845
1826.25 0 9.39445585225e-05
2191.4999635 0 9.39445585225e-05
2191.5 0 7.29322381925e-05
2556.7499635 0 7.29322381925e-05
2556.75 0 5.553319644e-05
2921.9999635 0 5.553319644e-05
2922 0 4.15058179325e-05
3287.2499635 0 4.15058179325e-05
3287.25 0 3.0473648185e-05
3652.4999635 0 3.0473648185e-05
3652.5 0 2.199589322375e-05
4017.7499635 0 2.199589322375e-05
4017.75 0 1.56194387405e-05
4382.9999635 0 1.56194387405e-05
4383 0 1.0918548939e-05
4748.2499635 0 1.0918548939e-05
4748.25 0 7.5201916495e-06
5113.4999635 0 7.5201916495e-06
5113.5 0 5.10540725525e-06
5478.7499635 0 5.10540725525e-06
5478.75 0 3.4188911705e-06
5843.9999635 0 3.4188911705e-06
5844 0 2.260780287475e-06
6209.25 0 1.475701574275e-06
6574.4999635 0 1.475701574275e-06
6939.75 0 6.0780287475e-07
8400.749963 0 1.485284052025e-07
9496.499963 0 3.35386721425e-08
10592.25 0 4.10677618075e-09
11688 0 6.84462696775e-10
12783.75 0 0.0
336760.49996 0 0.0
359405.99996 0 3.422313484e-09
382051.49996 0 1.5742642026e-08
384243.0 0 0.0
