0 0 39.3542911375
365.2499635 0 39.3542911375
365.25 0 43.4300200225
730.4999635 0 43.4300200225
730.5 0 47.438536165
1095.7499635 0 47.438536165
1095.75 0 51.300809945
1460.9999635 0 51.300809945
1461 0 54.937606825
1826.2499635 0 55.050718685
1826.25 0 58.3934291575
2191.4999635 0 58.3934291575
2191.5 0 61.3646132775
2556.7499635 0 61.3646132775
2556.75 0 63.903011635
2921.9999635 0 63.903011635
2922 0 65.9577686525
3287.2499635 0 65.9577686525
3287.25 0 67.4902121825
3652.4999635 0 67.4902121825
3652.5 0 68.475701575
4382.9999635 0 68.902121835
4748.2499635 0 67.95113492
4748.25 0 67.28565015
5113.4999635 0 67.28565015
5113.5 0 66.108201995
5478.7499635 0 66.108201995
5478.75 0 64.455987265
5843.9999635 0 64.455987265
5844 0 62.3689079975
6209.2499635 0 62.3689079975
6209.25 0 59.897687115
6574.4999635 0 59.897687115
6574.5 0 57.0944001525
6939.7499635 0 57.0944001525
6939.75 0 54.0158567875
7304.9999635 0 54.0158567875
7305 0 50.72089561
7670.2499635 0 50.72089561
7670.25 0 47.275794575
8035.499963 0 47.275794575
8035.5 0 43.7427738075
8400.749963 0 43.7427738075
8400.75 0 40.188111255
8765.999963 0 40.188111255
8766 0 36.6719981275
9131.249963 0 36.6719981275
9131.25 0 33.249891485
9496.499963 0 33.249891485
9496.5 0 29.967780115
9861.749963 0 29.967780115
9861.75 0 26.8608319125
10226.999963 0 26.8608319125
10227 0 23.9554227955
10592.249963 0 23.9554227955
10592.25 0 21.268460407
10957.499963 0 21.268460407
10957.5 0 18.8060314975
11322.749963 0 18.8060314975
11322.75 0 16.56948867875
11687.999963 0 16.56948867875
11688 0 14.552068894
12053.249963 0 14.552068894
12053.25 0 12.74430386375
12418.499963 0 12.74430386375
12418.5 0 11.13334378075
12783.749963 0 11.13334378075
12783.75 0 9.70566253175
13148.999963 0 9.70566253175
13149 0 8.442999864
13514.249963 0 8.442999864
13514.25 0 7.331829664
13879.499963 0 7.331829664
13879.5 0 6.353891679
14244.749963 0 6.353891679
14244.75 0 5.497688713
14609.999963 0 5.497688713
14610 0 4.74969465275
14975.249963 0 4.74969465275
14975.25 0 4.097735996
15340.499963 0 4.097735996
15340.5 0 3.532344464
15705.749963 0 3.532344464
15705.75 0 3.04202286025
16070.999963 0 3.04202286025
16071 0 2.6193318225
16436.249963 0 2.6193318225
16436.25 0 2.25615568295
16801.499963 0 2.25615568295
16801.5 0 1.91863072585
17166.749963 0 1.91863072585
17166.75 0 1.636227169275
19723.5 0 0.607322483
28854.75 0 0.1291743811275
270284.99996 0 0.122411324525
297678.74996 0 0.5322525547
315210.74996 0 1.70158504145
327629.24996 0 3.7223863545
337856.24996 0 6.80634016575
342604.49996 0 8.888685294
346987.49996 0 11.288217777
351005.24996 0 13.966388192
351005.25 0 14.235557845
351370.49996 0 14.235557845
351370.5 0 14.508109026
351735.74996 0 14.508109026
351735.75 0 14.7860706525
352100.99996 0 14.7860706525
352101 0 15.0687664185
352466.24996 0 15.0687664185
352466.25 0 15.356196324
352831.49996 0 15.356196324
352831.5 0 15.647007758
353196.74996 0 15.647007758
353196.75 0 15.9445822485
353561.99996 0 15.9445822485
353562 0 16.2455382675
353927.24996 0 16.2455382675
353927.25 0 16.5519047315
354292.49996 0 16.5519047315
354292.5 0 16.8630053355
354657.74996 0 16.8630053355
354657.75 0 17.1795163845
355022.99996 0 17.1795163845
355023 0 17.500761573
355388.24996 0 17.500761573
355388.25 0 17.827417207
355753.49996 0 17.827417207
355753.5 0 18.15948328625
356118.74996 0 18.15948328625
356118.75 0 18.49628350525
356483.99996 0 18.49628350525
356484 0 18.839170475
356849.24996 0 18.839170475
356849.25 0 19.18679158425
357214.49996 0 19.18679158425
357214.5 0 19.54049944475
357579.74996 0 19.54049944475
357579.75 0 19.89894144475
357944.99996 0 19.89894144475
357945 0 20.26414650125
358310.24996 0 20.26414650125
358310.25 0 20.6340856975
358675.49996 0 20.6340856975
358675.5 0 21.01078795025
359040.74996 0 21.01078795025
359040.75 0 21.39222434275
359405.99996 0 21.39222434275
359406 0 21.78042379175
359771.24996 0 21.78042379175
359771.25 0 22.17470999175
360136.49996 0 22.17470999175
360136.5 0 22.574406637
360501.74996 0 22.574406637
360501.75 0 22.98019003325
360866.99996 0 23.257357974
360867 0 23.674880219
361232.24996 0 23.674880219
361232.25 0 24.09856262825
361597.49996 0 24.09856262825
361597.5 0 24.528405202
361962.74996 0 24.528405202
361962.75 0 24.96577686525
362327.99996 0 24.96577686525
362328 0 25.4079397675
362693.24996 0 25.4079397675
362693.25 0 25.8583162225
363058.49996 0 25.8583162225
363058.5 0 26.3155373025
363423.74996 0 26.3155373025
363423.75 0 26.778234085
363788.99996 0 26.778234085
363789 0 27.24845996
364154.24996 0 27.24845996
364154.25 0 27.7262149225
364519.49996 0 27.7262149225
364519.5 0 28.21081451
364884.74996 0 28.21081451
364884.75 0 28.701574265
365249.99996 0 28.701574265
365250 0 29.2012320325
365615.24996 0 29.2012320325
365615.25 0 29.707049965
365980.49996 0 29.707049965
365980.5 0 30.219712525
366345.74996 0 30.219712525
366345.75 0 30.7412731
366710.99996 0 30.7412731
366711 0 31.2696783025
367076.24996 0 31.2696783025
367076.25 0 31.8062970575
367441.49996 0 31.8062970575
367441.5 0 32.349075975
367806.74996 0 32.349075975
367806.75 0 32.9014373725
368171.99996 0 32.9014373725
368172 0 33.460643395
368537.24996 0 33.460643395
368537.25 0 34.02806297
368902.49996 0 34.02806297
368902.5 0 34.6036960975
369267.74996 0 34.6036960975
369267.75 0 35.18754278
369632.99996 0 35.18754278
369633 0 35.7796030125
369998.24996 0 35.7796030125
369998.25 0 36.379192335
370363.49996 0 36.379192335
370363.5 0 36.988364135
370728.74996 0 36.988364135
370728.75 0 37.6057494875
371093.99996 0 37.6057494875
371094 0 38.23066393
371459.24996 0 38.23066393
371459.25 0 38.8658453125
371824.49996 0 38.8658453125
371824.5 0 39.5085557825
372189.74996 0 39.5085557825
372189.75 0 40.16016427
372554.99996 0 40.16016427
372555 0 40.8220397
372920.24996 0 40.8220397
372920.25 0 41.4914442175
373285.49996 0 41.4914442175
373285.5 0 42.171115675
373650.74996 0 42.171115675
373650.75 0 42.859000685
374015.99996 0 42.859000685
374016 0 43.557152635
374381.24996 0 43.557152635
374381.25 0 44.2642026
374746.49996 0 44.2642026
374746.5 0 44.980835045
375111.74996 0 44.980835045
375111.75 0 45.707049965
375476.99996 0 45.707049965
375477 0 46.442847365
375842.24996 0 46.442847365
375842.25 0 47.188911705
376207.49996 0 47.188911705
376207.5 0 47.9445585225
376572.74996 0 47.9445585225
376572.75 0 48.71047228
376937.99996 0 48.71047228
376938 0 49.485968515
377303.24996 0 49.485968515
377303.25 0 50.2724161525
377668.49996 0 50.2724161525
377668.5 0 51.06844627
378033.74996 0 51.06844627
378033.75 0 51.8747433275
378398.99996 0 51.8747433275
378399 0 52.69267625
378764.24996 0 52.69267625
378764.25 0 53.52019165
379129.49996 0 53.52019165
379129.5 0 54.359342915
379494.74996 0 54.359342915
379494.75 0 55.20807666
379859.99996 0 55.20807666
379860 0 56.0691307325
380225.24996 0 56.0691307325
380225.25 0 56.9397672825
380590.49996 0 56.9397672825
380590.5 0 57.823408625
380955.74996 0 57.823408625
380955.75 0 58.7166324425
381320.99996 0 58.7166324425
381321 0 59.6214921275
381686.24996 0 59.6214921275
381686.25 0 60.5386721425
382051.49996 0 60.5386721425
384243.0 0 0.0
