0 0 1.172279260775
365.2499635 0 1.172279260775
365.25 0 1.1580698152
730.4999635 0 1.1580698152
730.5 0 1.14478439425
1095.7499635 0 1.14478439425
1095.75 0 1.132354551675
1460.9999635 0 1.132354551675
1461 0 1.120704996575
1826.2499635 0 1.120704996575
1826.25 0 1.10976043805
2191.4999635 0 1.10976043805
2191.5 0 1.099459274475
2556.7499635 0 1.099459274475
2556.75 0 1.089739904175
2921.9999635 0 1.089739904175
2922 0 1.0805338809
3287.2499635 0 1.0805338809
3287.25 0 1.0718001369
3652.4999635 0 1.0718001369
3652.5 0 1.06346338125
4017.7499635 0 1.06346338125
4017.75 0 1.055496235475
4382.9999635 0 1.055496235475
4383 0 1.047816564025
4748.2499635 0 1.047816564025
4748.25 0 1.04038329915
5113.4999635 0 1.04038329915
5113.5 0 1.033127994575
5478.7499635 0 1.033127994575
5478.75 0 1.02598904865
5843.9999635 0 1.02598904865
5844 0 1.018911704375
6209.2499635 0 1.018911704375
6209.25 0 1.011800137
6574.4999635 0 1.011800137
6574.5 0 1.004640657225
6939.7499635 0 1.004640657225
6939.75 0 0.99735112955
7304.9999635 0 0.99735112955
7305 0 0.9899178647
7670.2499635 0 0.9899178647
7670.25 0 0.982286105725
8035.499963 0 0.982286105725
8035.5 0 0.974462697175
8400.749963 0 0.974462697175
8400.75 0 0.966427105225
8765.999963 0 0.966427105225
8766 0 0.95817248525
9131.249963 0 0.95817248525
9131.25 0 0.949705681875
9496.499963 0 0.949705681875
9496.5 0 0.941033539725
9861.749963 0 0.941033539725
9861.75 0 0.9321560588
10226.999963 0 0.9321560588
10227 0 0.9230869284
10592.249963 0 0.9230869284
10592.25 0 0.913853527025
10957.499963 0 0.913853527025
10957.5 0 0.904435320775
11322.749963 0 0.904435320775
11322.75 0 0.89487337745
11687.999963 0 0.89487337745
11688 0 0.885167697075
12053.249963 0 0.885167697075
12053.25 0 0.87531827965
12418.499963 0 0.87531827965
12418.5 0 0.8653593483
12783.749963 0 0.8653593483
12783.75 0 0.855277213825
13148.999963 0 0.855277213825
13149 0 0.8367299634
13514.249963 0 0.8367299634
13514.25 0 0.8265579243
13879.499963 0 0.8265579243
13879.5 0 0.816297786425
14244.749963 0 0.816297786425
14244.75 0 0.8059631035
14609.999963 0 0.8059631035
14610 0 0.795547098675
14975.249963 0 0.795547098675
14975.25 0 0.785063325675
15340.499963 0 0.785063325675
15340.5 0 0.77450500765
15705.749963 0 0.77450500765
15705.75 0 0.763892475125
16070.999963 0 0.763892475125
16071 0 0.7532189513
16436.249963 0 0.7532189513
16436.25 0 0.742477659325
16801.499963 0 0.742477659325
16801.5 0 0.7307588187
17166.749963 0 0.7307588187
17166.75 0 0.718636180925
17531.999963 0 0.718636180925
17532 0 0.70976131475
17897.249963 0 0.70976131475
17897.25 0 0.696828865725
18262.499963 0 0.696828865725
18262.5 0 0.68390216445
18627.749963 0 0.68390216445
18627.75 0 0.673286267225
18992.999963 0 0.673286267225
18993 0 0.6633137456
19358.249963 0 0.6633137456
19358.25 0 0.6503194181
19723.499963 0 0.6503194181
19723.5 0 0.6393680467
20088.749963 0 0.6393680467
20088.75 0 0.62845055975
20453.999963 0 0.62845055975
20454 0 0.6175398533
20819.249963 0 0.6175398533
20819.25 0 0.606683352075
21184.499963 0 0.606683352075
21184.5 0 0.595853968125
21549.749963 0 0.595853968125
21549.75 0 0.585078795675
21914.999963 0 0.585078795675
21915 0 0.574357838075
22280.249963 0 0.574357838075
22280.25 0 0.5636843185
22645.499963 0 0.5636843185
22645.5 0 0.5530853443
23010.749963 0 0.5530853443
23010.75 0 0.54254736175
23375.999963 0 0.54254736175
23376 0 0.5320839245
23741.249963 0 0.5320839245
23741.25 0 0.5216882557
24106.499963 0 0.5216882557
24106.5 0 0.5113874627
24471.749963 0 0.5113874627
24471.75 0 0.501154438075
24836.999963 0 0.501154438075
24837 0 0.4910162892
25202.249963 0 0.4910162892
25202.25 0 0.480966239175
25567.499963 0 0.480966239175
25567.5 0 0.47101106485
25932.749963 0 0.47101106485
25932.75 0 0.461150766175
26297.999963 0 0.461150766175
26298 0 0.4513785663
26663.249963 0 0.4513785663
26663.25 0 0.4417080189
27028.499963 0 0.4417080189
27028.5 0 0.432152677625
27393.749963 0 0.432152677625
27393.75 0 0.422604112975
27758.999963 0 0.422604112975
27759 0 0.41331984495
28124.249963 0 0.41331984495
28124.25 0 0.40403557665
28489.499963 0 0.40403557665
28489.5 0 0.39481907655
28854.749963 0 0.39481907655
28854.75 0 0.3858058814
29219.999963 0 0.3858058814
29220 0 0.376792686
29585.249963 0 0.376792686
29585.25 0 0.368050563975
29950.499963 0 0.368050563975
29950.5 0 0.3592406732
30315.749963 0 0.3592406732
30315.75 0 0.35063408735
30680.999963 0 0.35063408735
30681 0 0.34216303805
31046.249963 0 0.34216303805
31046.25 0 0.33375975685
31411.499963 0 0.33375975685
31411.5 0 0.325559780575
31776.749963 0 0.325559780575
31776.75 0 0.317359803975
32141.999963 0 0.317359803975
32142 0 0.3093631323
32507.249963 0 0.3093631323
32507.25 0 0.301434228725
32872.499963 0 0.301434228725
32872.5 0 0.2937086301
33237.749963 0 0.2937086301
33237.75 0 0.28605079955
33602.999963 0 0.28605079955
33603 0 0.278596273975
33968.249963 0 0.278596273975
33968.25 0 0.271141748075
34333.499963 0 0.271141748075
34333.5 0 0.264026063975
34698.749963 0 0.264026063975
34698.75 0 0.2568426112
35063.999963 0 0.2568426112
35064 0 0.249930231785
35429.249963 0 0.249930231785
35429.25 0 0.243085620535
35794.499963 0 0.243085620535
35794.5 0 0.23651208271
36159.749963 0 0.23651208271
36159.75 0 0.229938544635
36524.999963 0 0.229938544635
36525 0 0.22356831158
36890.249963 0 0.22356831158
36890.25 0 0.2173336151375
37255.499963 0 0.2173336151375
37255.5 0 0.2112344553275
37620.749963 0 0.2112344553275
37620.75 0 0.2053386005775
37985.999963 0 0.2053386005775
37986 0 0.1995105140625
38351.249963 0 0.1995105140625
38351.25 0 0.1938857326175
38716.499963 0 0.1938857326175
38716.5 0 0.188396487865
39081.749963 0 0.188396487865
39081.75 0 0.1829750113725
39446.999963 0 0.1829750113725
39447 0 0.177756840005
39812.249963 0 0.177756840005
39812.25 0 0.1726742053425
40177.499963 0 0.1726742053425
40177.5 0 0.16765933899
40542.749963 0 0.16765933899
40542.75 0 0.1629155462175
40907.999963 0 0.1629155462175
40908 0 0.1582395217675
41273.249963 0 0.1582395217675
41273.25 0 0.1536312656475
41638.499963 0 0.1536312656475
41638.5 0 0.1492263147225
42003.749963 0 0.1492263147225
42003.75 0 0.144956900575
42368.999963 0 0.144956900575
42369 0 0.14075525479
42734.249963 0 0.14075525479
42734.25 0 0.1367569142275
43099.499963 0 0.1367569142275
43099.5 0 0.1328263420425
43464.749963 0 0.1328263420425
43464.75 0 0.12896353825
43829.999963 0 0.12896353825
43830 0 0.1253718081325
44195.249963 0 0.1253718081325
44195.25 0 0.121712309555
44560.499963 0 0.121712309555
44560.5 0 0.1183238846775
44925.749963 0 0.1183238846775
44925.75 0 0.114935459785
45290.999963 0 0.114935459785
45291 0 0.111614803315
46021.499963 0 0.1085652205575
46021.5 0 0.10544786938
46386.749963 0 0.10544786938
46386.75 0 0.10253382349
46751.999963 0 0.10253382349
46752 0 0.099687546045
47117.249963 0 0.099687546045
47117.25 0 0.09690903705
47482.499963 0 0.09690903705
47482.5 0 0.094198296515
47847.749963 0 0.094198296515
47847.75 0 0.09169086127
48212.999963 0 0.09169086127
48213 0 0.08911565765
48578.249963 0 0.08911565765
48578.25 0 0.086675990905
48943.499963 0 0.086675990905
48943.5 0 0.084371861055
49308.749963 0 0.084371861055
49308.75 0 0.0820677312475
52961.25 0 0.0630247729675
56248.5 0 0.0504875911725
63553.5 0 0.03266445826
74876.25 0 0.01911074255325
89486.25 0 0.011452894139
111036 0 0.006573559436
195408.75 0 0.00108430562895
382051.49996 0 0.00061194588805
384243.0 0 0.0
