0 0 5.25016216475e-05
32872.499963 0 7.3108145105e-05
41273.249963 0 0.0001223764544825
45656.249963 0 0.0001548939082825
49673.999963 0 0.000187597535935
54056.999963 0 0.0002254825462
58074.749963 0 0.0002611704312
66475.499963 0 0.0003355852156
74876.249963 0 0.000405222450375
83276.999963 0 0.000464572210825
99713.25 0 0.000528268309375
132220.5 0 0.0003934291581
148656.74996 0 0.00028138261465
164727.75 0 0.000207460643395
203078.99996 0 0.0002412046543475
214401.74996 0 0.00029534565365
225359.24996 0 0.00036399726215
230837.99996 0 0.0004054072553
236316.74996 0 0.000453045859
241795.49996 0 0.00050869267625
247274.24996 0 0.00057529089665
253848.74996 0 0.000675017111575
260423.24996 0 0.000804585900075
266997.74996 0 0.0009751540041
270284.99996 0 0.00107980835045
273206.99996 0 0.001185626283375
278320.49996 0 0.0014038329911
283068.74996 0 0.001649486652975
287816.99996 0 0.001942368240925
292565.24996 0 0.002287885010275
296948.24996 0 0.002657357974
301331.24996 0 0.00307823408625
305714.24996 0 0.00355208761125
309731.99996 0 0.00403347022575
313749.74996 0 0.0045590006845
317767.49996 0 0.00512669404525
321785.24996 0 0.005733744011
325802.99996 0 0.00637508555775
338221.5 0 0.00858179329225
350640 0 0.01078028747425
361597.5 0 0.012553045859
372555 0 0.0139897330595
382051.49996 0 0.01483709787825
384243.0 0 0.0
