0 0 11516.630979
1826.2499635 0 11388.00967225
5478.7499635 0 11314.0999315
9131.249963 0 11289.1854895
10957.499963 0 11292.881588
12783.749963 0 11173.44284725
13148.999963 0 11043.94250525
13149 0 10859.20602325
13514.249963 0 10859.20602325
13514.25 0 10626.55715275
13879.499963 0 10626.55715275
13879.5 0 10358.31622175
14244.749963 0 10358.31622175
14244.75 0 10067.07734425
14609.999963 0 10067.07734425
14610 0 9764.54483225
14975.249963 0 9764.54483225
14975.25 0 9459.47980825
15340.499963 0 9459.47980825
15340.5 0 9158.31622175
15705.749963 0 9158.31622175
15705.75 0 8865.57152625
16070.999963 0 8865.57152625
16071 0 8584.05201925
16436.249963 0 8584.05201925
16436.25 0 8315.3319645
16801.499963 0 8315.3319645
16801.5 0 8038.450386
17166.749963 0 8038.450386
17166.75 0 7775.595865
17897.249963 0 7591.6347895
17897.25 0 7339.9726215
18262.499963 0 7339.9726215
18262.5 0 7107.17459925
18627.75 0 6935.18995925
18992.999963 0 6935.18995925
18993 0 6748.10790375
19358.249963 0 6748.10790375
19358.25 0 6610.896463
19723.499963 0 6610.896463
19723.5 0 6432.30663925
20088.749963 0 6432.30663925
20088.75 0 6289.52772075
20453.999963 0 6289.52772075
20454 0 6154.4147845
21184.499963 0 6026.55715275
21914.999963 0 5789.66461325
22280.249963 0 5679.53456525
23376 0 5281.998631
24471.75 0 5016.42710475
25567.499963 0 4850.787132
26298 0 4613.27857625
27393.749963 0 4462.01232025
28124.25 0 4240.93086925
29219.999963 0 4098.56262825
29950.5 0 3892.5393565
31046.249963 0 3759.06913075
31776.75 0 3566.735113
32507.25 0 3444.21629025
33237.75 0 3325.119781
33602.999963 0 3325.119781
33603 0 3267.6249145
33968.249963 0 3267.6249145
33968.25 0 3210.8145105
34333.499963 0 3210.8145105
34333.5 0 3155.37303225
34698.749963 0 3155.37303225
34698.75 0 3100.6160165
35063.999963 0 3100.6160165
35064 0 3047.227926
35429.249963 0 3047.227926
35429.25 0 2994.5242985
35794.499963 0 2994.5242985
35794.5 0 2943.18959625
36159.749963 0 2943.18959625
36159.75 0 2893.22381925
36890.25 0 2796.03011625
37255.5 0 2748.80219025
37620.749963 0 2748.80219025
38351.249963 0 2657.7686515
39081.749963 0 2570.841889
40542.749963 0 2408.624229975
43099.5 0 2130.0479124
45290.999963 0 1983.572895275
47117.249963 0 1854.209445575
50769.749963 0 1639.80926655
54422.25 0 1458.5959823
58074.75 0 1332.088595175
62823 0 1206.948855475
67571.25 0 1113.26500665
72319.5 0 1042.8311641
77067.749963 0 991.544385525
86564.249963 0 915.63995325
91312.499963 0 888.9708284
95695.5 0 866.404645825
113592.75 0 807.595806425
131490 0 762.463441275
149387.25 0 717.33107615
167284.5 0 670.147239875
185181.75 0 618.1766376
203079 0 562.78691675
220976.25 0 506.029548475
238873.5 0 447.22070905
256770.75 0 389.09569335
274668 0 332.338325075
283799.24996 0 304.985376525
292565.25 0 277.63242795
310462.5 0 226.345649385
346257 0 139.5000376875
382051.49996 0 76.588255985
384243.0 0 0.0
