0 0 0.0289045240175
365.2499635 0 0.03966570842
2191.4999635 0 0.0499354551675
5113.5 0 0.0708268309375
6574.5 0 0.08066735113
8035.5 0 0.0902922655725
9861.75 0 0.10129158111
11688 0 0.1105681040375
13879.499963 0 0.1178966461325
15705.75 0 0.124196440795
20454 0 0.130098852485
24106.5 0 0.1291314168375
27758.999963 0 0.126016427105
33237.749963 0 0.1183230663925
38351.25 0 0.109445585215
43829.999963 0 0.10128678987
48943.5 0 0.0934360027375
56613.749963 0 0.08492128679
63918.75 0 0.0783504449
73415.249963 0 0.07316221766
82546.5 0 0.07004791239
94599.75 0 0.0684120465425
100808.99996 0 0.068275154005
106652.99996 0 0.068432580425
107748.74996 0 0.0684941820675
108844.49996 0 0.0685626283375
110670.74996 0 0.06869267625
112862.24996 0 0.0688637919225
114688.49996 0 0.0690349075975
116879.99996 0 0.0692607802875
118706.24996 0 0.0694661190975
122358.74996 0 0.06991101985
126376.49996 0 0.070465434635
130028.99996 0 0.071006160165
134046.74996 0 0.0716427104725
137699.24996 0 0.0722587269
141716.99996 0 0.072970568105
145369.49996 0 0.0736413415475
149387.24996 0 0.07440109514
153039.74996 0 0.075112936345
157057.49996 0 0.0759206023275
160709.99996 0 0.0766735112925
168380.24996 0 0.07828199863
174224.24996 0 0.0795550992475
180068.24996 0 0.080848733745
185912.24996 0 0.082176591375
191390.99996 0 0.083442847365
197234.99996 0 0.0848117727575
203078.99996 0 0.0862012320325
208922.99996 0 0.0876112251875
214401.74996 0 0.0889664613275
220245.74996 0 0.0904243668725
226089.74996 0 0.09191649555
237412.49996 0 0.0948939082825
248735.24996 0 0.0980082135525
260057.99996 0 0.10128678987
267362.99996 0 0.10349760438
274667.99996 0 0.105790554415
281972.99996 0 0.1081519507175
289277.99996 0 0.11067761807
296582.99996 0 0.1132101300475
303887.99996 0 0.115811088295
311192.99996 0 0.1185489390825
318497.99996 0 0.12135523614
326533.49996 0 0.124640657085
334568.99996 0 0.1280629705675
350274.74996 0 0.134976043805
382051.49996 0 0.150239561945
384243.0 0 0.0
