0 0 15488.45472075
730.4999635 0 15335.11293625
3287.2499635 0 15023.54551675
3287.25 0 14821.83436
3652.4999635 0 14821.83436
3652.5 0 14561.73853525
4017.7499635 0 14561.73853525
4017.75 0 14250.787132
4382.9999635 0 14250.787132
4383 0 13899.45242975
4748.2499635 0 13899.45242975
4748.25 0 13519.4387405
5113.4999635 0 13519.4387405
5113.5 0 13121.6974675
5478.7499635 0 13121.6974675
5478.75 0 12715.742642
5843.9999635 0 12715.742642
5844 0 12309.30869275
6209.2499635 0 12309.30869275
6209.25 0 11908.07665975
6574.4999635 0 11908.07665975
6574.5 0 11516.29021225
6939.7499635 0 11516.29021225
6939.75 0 11136.89253925
7304.9999635 0 11136.89253925
7305 0 10771.800137
7670.2499635 0 10771.800137
7670.25 0 10422.108145
8035.499963 0 10422.108145
8035.5 0 10088.295688
8400.749963 0 10088.295688
8400.75 0 9770.4312115
8765.999963 0 9770.4312115
8766 0 9468.44626975
9131.249963 0 9468.44626975
9131.25 0 9181.79329225
9496.499963 0 9181.79329225
9496.5 0 8910.06160175
9861.749963 0 8910.06160175
9861.75 0 8652.566735
10226.999963 0 8652.566735
10227 0 8408.62423
10592.249963 0 8408.62423
10592.25 0 8177.686516
10957.5 0 7958.79534575
11322.749963 0 7958.79534575
11322.75 0 7751.60848725
11687.999963 0 7751.60848725
11688 0 7555.304586
12053.249963 0 7555.304586
12783.749963 0 7192.81314175
13149 0 6866.94045175
13879.499963 0 6716.42710475
14244.75 0 6437.577002
14975.249963 0 6308.55578375
15340.499963 0 6185.83162225
17166.75 0 5545.77128525
18627.75 0 5207.84199225
19358.25 0 5069.1428595
20088.75 0 4921.62902125
20819.25 0 4793.83983575
21184.499963 0 4793.83983575
21184.5 0 4732.30663925
21549.749963 0 4732.30663925
21549.75 0 4672.2108145
21914.999963 0 4672.2108145
21915 0 4613.48391525
22280.249963 0 4613.48391525
22280.25 0 4555.852156
22645.499963 0 4555.852156
22645.5 0 4499.5893225
23010.749963 0 4499.5893225
23010.75 0 4444.2847365
23375.999963 0 4444.2847365
23376 0 4390.00684475
23741.249963 0 4390.00684475
24106.5 0 4284.3942505
24471.749963 0 4284.3942505
24471.75 0 4232.92265575
24836.999963 0 4232.92265575
25202.25 0 4132.78576325
25567.499963 0 4132.78576325
25567.5 0 4084.18891175
25932.749963 0 4084.18891175
26298 0 3988.36413425
26663.249963 0 3988.36413425
26663.25 0 3941.136208
27028.499963 0 3941.136208
27393.749963 0 3895.96167
28489.499963 0 3762.49144425
29585.249963 0 3635.86584525
31411.5 0 3400.4106775
32872.499963 0 3291.58110875
33968.249963 0 3188.2272415
36159.75 0 2967.1457905
38716.499963 0 2799.45242975
40907.999963 0 2648.8706365
43464.749963 0 2494.182067075
45656.249963 0 2376.454483225
50039.25 0 2162.902121825
55517.999963 0 1985.626283375
60631.499963 0 1848.733744
65744.999963 0 1743.3264887
67205.999963 0 1718.001368925
67571.249963 0 1712.52566735
67936.499963 0 1705.681040375
68301.749963 0 1700.8898015
70858.499963 0 1662.559890475
75972 0 1596.8514716
81085.5 0 1550.102383125
91312.5 0 1488.50891095
101904.74996 0 1454.290315275
112131.74996 0 1435.127901725
122358.75 0 1423.4935792
132585.75 0 1416.649860075
173859 0 1397.4874465
215132.25 0 1356.425131725
235951.49996 0 1320.153420325
256405.49996 0 1270.878642575
272111.24996 0 1220.919492925
287816.99996 0 1162.0635084
303522.74996 0 1092.257573275
318863.24996 0 1014.9235471
350274.74996 0 834.93373395
381320.99996 0 642.625226375
382051.49996 0 637.150251075
384243.0 0 0.0
