0 0 0.031083971955
365.2499635 0 0.031083971955
365.25 0 0.0345059355325
730.4999635 0 0.0345059355325
730.5 0 0.0376688660125
1095.7499635 0 0.0376688660125
1095.75 0 0.0405045967875
1460.9999635 0 0.04067077345
1461 0 0.0431485284125
1826.2499635 0 0.0431485284125
1826.25 0 0.0452224503825
2191.4999635 0 0.0452224503825
2191.5 0 0.04685831623
2556.7499635 0 0.04685831623
2556.75 0 0.04800821356
2921.9999635 0 0.04800821356
2922 0 0.0486721423775
3652.4999635 0 0.0488432580525
3652.5 0 0.0479997722425
4017.7499635 0 0.0479997722425
4017.75 0 0.04725527493
4382.9999635 0 0.04725527493
4383 0 0.046077615545
4748.2499635 0 0.046077615545
4748.25 0 0.0445412438175
5113.4999635 0 0.0445412438175
5113.5 0 0.04266646422
5478.7499635 0 0.04266646422
5478.75 0 0.04051419017
5843.9999635 0 0.04051419017
5844 0 0.0381317987675
6209.2499635 0 0.0381317987675
6209.25 0 0.0355531308
6574.4999635 0 0.0355531308
6574.5 0 0.032893244945
6939.7499635 0 0.032893244945
6939.75 0 0.03005061884
7304.9999635 0 0.03005061884
7305 0 0.02727567431
7670.2499635 0 0.02727567431
7670.25 0 0.02450072977975
8035.499963 0 0.02450072977975
8035.5 0 0.02179346682325
8400.749963 0 0.02179346682325
8400.75 0 0.0190862038665
8765.999963 0 0.0190862038665
8766 0 0.01658198563175
9131.249963 0 0.01658198563175
9131.25 0 0.014077767397
9496.499963 0 0.014077767397
9496.5 0 0.011911957032
9861.749963 0 0.011911957032
9861.75 0 0.009813828241
10226.999963 0 0.009813828241
10227 0 0.00785106259775
10592.249963 0 0.00785106259775
10592.25 0 0.00615902325025
10957.499963 0 0.00615902325025
10957.5 0 0.00453466547675
11322.749963 0 0.00453466547675
11322.75 0 0.003181033999
11687.999963 0 0.003181033999
11688 0 0.002030447243125
12053.249963 0 0.002030447243125
12053.25 0 0.00108290520895
12418.499963 0 0.00108290520895
12418.5 0 0.00013536317474
12783.75 0 2.77225080475e-11
221341.49996 0 1.426118444375e-10
227915.99996 0 0.000338408025625
234125.24996 0 0.000744497482575
237412.49996 0 0.00087986063745
240334.49996 0 0.001082905365375
246543.74996 0 0.001488994821625
247274.24996 0 0.001624357970925
248004.74996 0 0.001624357972375
248735.24996 0 0.0017597211217
249100.49996 0 0.0017597211224
249830.99996 0 0.001827402697775
250196.24996 0 0.001827402698475
250561.49996 0 0.001895084273125
250926.74996 0 0.001895084273825
251291.99996 0 0.00189508427455
255674.99996 0 0.002301173726575
264440.99996 0 0.00301163609775
266632.5 0 0.0032854211815
268824 0 0.003422313725
273207 0 0.0038329913515
281973 0 0.00458590033525
290738.99996 0 0.0050650242405
299139.75 0 0.00561259441675
306444.75 0 0.0057494869725
310097.25 0 0.00581793325075
313749.74996 0 0.005954825798
317036.99996 0 0.0058179332665
319958.99996 0 0.00581793327375
326168.24996 0 0.00574948701975
329455.49996 0 0.00554414821925
332377.49996 0 0.00547570195725
333838.49996 0 0.0054072556915
335299.49996 0 0.0054072556955
336760.49996 0 0.0052019168905
338221.49996 0 0.00527036316425
360136.49996 0 0.003807094739
382051.49996 0 0.00244741828255
384243.0 0 0.0
