0 0 2.6998425735
365.2499635 0 2.6998425735
365.25 0 2.61839835725
730.4999635 0 2.61839835725
730.5 0 2.5437713895
1095.7499635 0 2.5437713895
1095.75 0 2.47526351815
1460.9999635 0 2.47526351815
1461 0 2.412279260775
1826.2499635 0 2.412279260775
1826.25 0 2.354271047225
2191.4999635 0 2.354271047225
2191.5 0 2.300732375075
2556.7499635 0 2.300732375075
2556.75 0 2.25120465435
2921.9999635 0 2.25120465435
2922 0 2.205284052025
4017.7499635 0 2.122861054075
4748.25 0 2.018610540725
5843.9999635 0 1.959589322375
6574.5 0 1.8834770705
8400.749963 0 1.798521560575
9861.749963 0 1.723545516775
11322.75 0 1.635249828875
12783.75 0 1.568651608475
14244.75 0 1.508076659825
15705.75 0 1.4550992471
17166.75 0 1.408328944675
17897.25 0 1.3880129236
18627.75 0 1.370415670025
19723.499963 0 1.354987171225
20453.999963 0 1.340930869275
21915 0 1.309993155375
23741.249963 0 1.287816564
25202.25 0 1.2611909651
27028.499963 0 1.238877481175
28489.5 0 1.20663928815
29585.249963 0 1.19178644765
30315.749963 0 1.175564681725
31776.749963 0 1.139014373725
33968.249963 0 1.074674880225
36159.749963 0 1.00280629705
38351.249963 0 0.9281998631
40177.5 0 0.855030800825
42369 0 0.785694729625
44560.499963 0 0.7318057874
46751.999963 0 0.6729712565
48578.25 0 0.6202254154
53326.499963 0 0.5316315578
54422.249963 0 0.512612953625
54787.499963 0 0.50645585155
55152.749963 0 0.500503986225
55517.999963 0 0.494620533125
57709.499963 0 0.4619194799
62092.5 0 0.40315336125
66475.5 0 0.3604641202
71954.25 0 0.31893788735
77433 0 0.28705778105
82911.75 0 0.262360960525
88390.5 0 0.24306870736
97156.499963 0 0.2212452011275
105557.25 0 0.2057156214575
122724 0 0.188338911165
139160.24996 0 0.1808819764325
155231.25 0 0.1771877151875
171667.49996 0 0.1752037600775
187738.49996 0 0.1739723396625
252387.75 0 0.16911507025
317402.24996 0 0.161110837555
382051.49996 0 0.14995964158
384243.0 0 0.0
