0 0 0.9037174199
1826.2499635 0 0.8685284052
2191.4999635 0 0.8640588638
2191.5 0 0.8585557837
2556.7499635 0 0.8585557837
2556.75 0 0.851895961675
2921.9999635 0 0.851895961675
2922 0 0.84412731005
3287.2499635 0 0.84412731005
3287.25 0 0.835325119775
3652.4999635 0 0.835325119775
3652.5 0 0.825687885
4017.7499635 0 0.825687885
4017.75 0 0.8153524983
4382.9999635 0 0.8153524983
4383 0 0.804537987675
4748.2499635 0 0.804537987675
4748.25 0 0.7933744011
5113.4999635 0 0.7933744011
5113.5 0 0.782012320325
5478.7499635 0 0.782012320325
5478.75 0 0.7705612594
5843.9999635 0 0.7705612594
5844 0 0.759130732375
6209.2499635 0 0.759130732375
6209.25 0 0.747775496225
6574.4999635 0 0.747775496225
6574.5 0 0.73656399725
6939.7499635 0 0.73656399725
6939.75 0 0.72554414785
7304.9999635 0 0.72554414785
7305 0 0.714750171125
7670.2499635 0 0.714750171125
7670.25 0 0.704195756325
8035.499963 0 0.704195756325
8035.5 0 0.693908282
8400.749963 0 0.693908282
8400.75 0 0.68389459275
8765.999963 0 0.68389459275
8766 0 0.6741615332
9131.249963 0 0.6741615332
9131.25 0 0.66470910335
9496.499963 0 0.66470910335
9496.5 0 0.655550992475
9861.749963 0 0.655550992475
9861.75 0 0.646666666675
10226.999963 0 0.646666666675
10227 0 0.63805612595
10592.249963 0 0.63805612595
10592.25 0 0.629726214925
10957.499963 0 0.629726214925
10957.5 0 0.62166324435
11322.749963 0 0.62166324435
11322.75 0 0.6138603696
11687.999963 0 0.6138603696
11688 0 0.606310746075
12053.249963 0 0.606310746075
12053.25 0 0.599000684475
12418.499963 0 0.599000684475
12418.5 0 0.591937029425
12783.749963 0 0.591937029425
12783.75 0 0.5850992471
13148.999963 0 0.5850992471
13149 0 0.57848733745
13514.249963 0 0.57848733745
13514.25 0 0.572087611225
13879.499963 0 0.572087611225
13879.5 0 0.56590006845
14244.749963 0 0.56590006845
14244.75 0 0.559904175225
18627.75 0 0.5013006734
21915 0 0.47762491445
26663.249963 0 0.462176591375
31046.249963 0 0.4401779603
33968.249963 0 0.415195071875
36524.999963 0 0.390020533875
41638.5 0 0.337885010275
45656.249963 0 0.3085557837
49308.75 0 0.281861738525
56979 0 0.2443531827525
59900.999963 0 0.234907597535
60631.499963 0 0.2323750855575
60996.749963 0 0.2312114989725
61361.999963 0 0.22997946612
62457.749963 0 0.226557152635
67571.25 0 0.211704312115
79989.75 0 0.1889801505825
92408.25 0 0.1751540041075
111766.5 0 0.1634075045425
131124.75 0 0.1571778929325
192486.74996 0 0.145266327875
253483.5 0 0.1366407118
382051.49996 0 0.1302741856475
384243.0 0 0.0
