0 0 0.0476759069125
365.2499635 0 0.0477305954825
1095.7499635 0 0.04744257358
1095.75 0 0.04710239562
1460.9999635 0 0.04710239562
1461 0 0.0466346338125
1826.2499635 0 0.0466346338125
1826.25 0 0.046042299795
2191.4999635 0 0.046042299795
2191.5 0 0.0453290212175
2556.7499635 0 0.0453290212175
2556.75 0 0.0444993155375
2921.9999635 0 0.0444993155375
2922 0 0.0435588637925
3287.2499635 0 0.0435588637925
3287.25 0 0.042514031485
3652.4999635 0 0.042514031485
3652.5 0 0.041374401095
4017.7499635 0 0.041374401095
4017.75 0 0.04014715948
4382.9999635 0 0.04014715948
4383 0 0.03884257358
4748.2499635 0 0.03884257358
4748.25 0 0.037470910335
5113.4999635 0 0.037470910335
5113.5 0 0.03603650944
5478.7499635 0 0.03603650944
5478.75 0 0.0345617348975
5843.9999635 0 0.0345617348975
5844 0 0.0330506897975
6209.2499635 0 0.0330506897975
6209.25 0 0.031514323745
6574.4999635 0 0.031514323745
6574.5 0 0.029960164585
6939.7499635 0 0.029960164585
6939.75 0 0.0284012149775
7304.9999635 0 0.0284012149775
7305 0 0.0268422653675
7670.2499635 0 0.0268422653675
7670.25 0 0.0252949497125
8035.499963 0 0.0252949497125
8035.5 0 0.023766795859
8400.749963 0 0.023766795859
8400.75 0 0.022263278611
8765.999963 0 0.022263278611
8766 0 0.02079261016975
9131.249963 0 0.02079261016975
9131.25 0 0.01936163403625
9496.499963 0 0.01936163403625
9496.5 0 0.01797377196125
9861.749963 0 0.01797377196125
9861.75 0 0.01663449874575
10226.999963 0 0.01663449874575
10227 0 0.01534928919125
10592.249963 0 0.01534928919125
10592.25 0 0.0141195119975
10957.499963 0 0.0141195119975
10957.5 0 0.01294927326575
11322.749963 0 0.01294927326575
11322.75 0 0.0118385729955
11687.999963 0 0.0118385729955
11688 0 0.010790832938
12053.249963 0 0.010790832938
12053.25 0 0.00980536874275
12418.499963 0 0.00980536874275
12418.5 0 0.00888218040975
12783.749963 0 0.00888218040975
12783.75 0 0.00802126793925
13148.999963 0 0.00802126793925
13149 0 0.00722057828075
13514.249963 0 0.00722057828075
13514.25 0 0.00647874273375
13879.499963 0 0.00647874273375
13879.5 0 0.00579302389775
14244.749963 0 0.00579302389775
14244.75 0 0.005163421773
14609.999963 0 0.005163421773
14610 0 0.00458651460875
14975.249963 0 0.00458651460875
14975.25 0 0.0040609337045
15340.499963 0 0.0040609337045
15340.5 0 0.00358462601025
15705.749963 0 0.00358462601025
15705.75 0 0.003154169775
16070.999963 0 0.003154169775
16071 0 0.0027688806485
16436.249963 0 0.0027688806485
16436.25 0 0.002423283830125
16801.499963 0 0.002423283830125
16801.5 0 0.0020914306991
17166.749963 0 0.0020914306991
17166.75 0 0.001801788422875
18262.499963 0 0.001361856769825
18993 0 0.0008681889976
20453.999963 0 0.000568694962675
21549.75 0 0.000329172415225
23741.25 0 0.0001539787805075
25932.75 0 8.1437666135e-05
28124.25 0 4.92732097625e-05
30315.749963 0 3.62705571875e-05
34698.749963 0 2.121485420325e-05
38716.5 0 1.43713528475e-05
62092.5 0 4.1061008135e-06
85468.499963 0 2.053050406775e-06
131855.25 0 6.843501356e-07
143178 0 0.0
380955.74996 0 6.843501356e-07
384243.0 0 0.0
