0 0 0.946703679075
365.2499635 0 0.946703679075
365.25 0 0.93023785245
730.4999635 0 0.93023785245
730.5 0 0.913584712175
1095.7499635 0 0.913584712175
1095.75 0 0.89678801035
1460.9999635 0 0.89678801035
1461 0 0.87985458325
1826.2499635 0 0.87985458325
1826.25 0 0.862791267125
2191.4999635 0 0.862791267125
2191.5 0 0.84559806195
2556.7499635 0 0.84559806195
2556.75 0 0.82824078645
2921.9999635 0 0.82824078645
2922 0 0.8107194406
3287.2499635 0 0.8107194406
3287.25 0 0.793006679325
3652.4999635 0 0.793006679325
3652.5 0 0.77514352025
4017.7499635 0 0.77514352025
4017.75 0 0.757136799625
4382.9999635 0 0.757136799625
4383 0 0.739075388875
4748.2499635 0 0.739075388875
4748.25 0 0.72102765065
5113.4999635 0 0.72102765065
5113.5 0 0.703096128925
5478.7499635 0 0.703096128925
5478.75 0 0.68536969515
5843.9999635 0 0.68536969515
5844 0 0.667944057
6209.2499635 0 0.667944057
6209.25 0 0.650894413375
6574.4999635 0 0.650894413375
6574.5 0 0.634309635775
6939.7499635 0 0.634309635775
6939.75 0 0.6182512505
7304.9999635 0 0.6182512505
7305 0 0.602746602675
7670.2499635 0 0.602746602675
7670.25 0 0.5878640549
8035.499963 0 0.5878640549
8035.5 0 0.573610443475
8400.749963 0 0.573610443475
8400.75 0 0.560013113425
8765.999963 0 0.560013113425
8766 0 0.547072064775
9131.249963 0 0.547072064775
9131.25 0 0.534794133775
9496.499963 0 0.534794133775
9496.5 0 0.5231656479
9861.749963 0 0.5231656479
9861.75 0 0.512179770875
10226.999963 0 0.512179770875
10227 0 0.501829666475
10592.249963 0 0.501829666475
10592.25 0 0.49207431705
10957.499963 0 0.49207431705
10957.5 0 0.482920558925
11322.749963 0 0.482920558925
11322.75 0 0.4743205382
11687.999963 0 0.4743205382
11688 0 0.46626741865
12053.249963 0 0.46626741865
12053.25 0 0.4587338552
12418.499963 0 0.4587338552
12418.5 0 0.45167883025
12783.749963 0 0.45167883025
12783.75 0 0.4450886713
13879.5 0 0.4278065947
14975.25 0 0.413669199775
16071 0 0.40197235125
16801.499963 0 0.3984995289
17166.75 0 0.391525444975
17532 0 0.38918693525
17897.249963 0 0.38918693525
17897.25 0 0.385886620925
18262.499963 0 0.385886620925
18262.5 0 0.3828791425
18627.749963 0 0.3828791425
18627.75 0 0.380297792225
18992.999963 0 0.380297792225
18993 0 0.377827330925
19358.249963 0 0.377827330925
19358.25 0 0.375536194125
19723.499963 0 0.375536194125
19723.5 0 0.3737481945
20088.749963 0 0.3737481945
20088.75 0 0.37118181605
20453.999963 0 0.37118181605
20454 0 0.369069410325
20819.249963 0 0.369069410325
20819.25 0 0.3669570046
21184.499963 0 0.3669570046
21184.5 0 0.36483092635
21549.749963 0 0.36483092635
21549.75 0 0.3626433217
21914.999963 0 0.3626433217
21915 0 0.3603736819
22280.249963 0 0.3603736819
22280.25 0 0.35798098935
22645.499963 0 0.35798098935
22645.5 0 0.355451571475
23010.749963 0 0.355451571475
23375.999963 0 0.35274441075
23741.249963 0 0.349852670875
24471.749963 0 0.343433418525
25567.499963 0 0.332594113625
26663.249963 0 0.3195208761
27758.999963 0 0.3050513347
29585.25 0 0.27392197125
31776.749963 0 0.247823408625
33603 0 0.2183230663925
35063.999963 0 0.2047227926075
36159.75 0 0.1880082135525
37620.749963 0 0.1765845311425
38716.5 0 0.16281998631
40542.749963 0 0.15065708419
42003.749963 0 0.1399589322375
44925.75 0 0.1204585900075
48578.25 0 0.10455852156
52230.75 0 0.09295687885
55883.249963 0 0.0851266256
59170.499963 0 0.07911704312
65745 0 0.0705270362775
71223.749963 0 0.06661190965
73780.5 0 0.0650034223125
76337.25 0 0.0638877481175
81815.999963 0 0.06232717317
84372.75 0 0.0617453798775
86929.5 0 0.061389459275
94234.499963 0 0.06099247091
97886.99996 0 0.0610403833
99713.24996 0 0.06110882957
101174.25 0 0.0612183436
102269.99996 0 0.06126625599
103000.5 0 0.0613483915125
104096.24996 0 0.061409993155
104826.75 0 0.061498973305
105922.49996 0 0.0615742642025
106653 0 0.061683778235
107748.74996 0 0.06175906913
108479.24996 0 0.061841204655
110305.49996 0 0.0620602327175
112131.74996 0 0.0622861054075
113957.99996 0 0.0625325119775
115419 0 0.062785763175
117245.25 0 0.063059548255
119071.5 0 0.06334017796
120167.24996 0 0.0634770705
120897.75 0 0.06358658453
122723.99996 0 0.06386036961
124550.24996 0 0.0642026009575
126376.49996 0 0.0645448323075
128202.74996 0 0.064818617385
129663.75 0 0.0651608487325
131490 0 0.0655030800825
133316.25 0 0.06577686516
135142.5 0 0.06618754278
136238.24996 0 0.0663244353175
136968.74996 0 0.0663928815875
138794.99996 0 0.0667351129375
140621.24996 0 0.067145790555
143908.49996 0 0.0676933607125
147560.99996 0 0.0684462696775
151213.49996 0 0.069130732375
154865.99996 0 0.0697467488025
158153.24996 0 0.07036276523
165458.24996 0 0.0716632443525
172397.99996 0 0.0727583846675
179702.99996 0 0.0737166324425
186642.74996 0 0.07446954141
200522.25 0 0.075427789185
226820.24996 0 0.0742642026
239969.24996 0 0.0720739219725
252752.99996 0 0.068993839835
261153.74996 0 0.0663244353175
269189.24996 0 0.063494762675
277224.74996 0 0.0602789718925
285260.24996 0 0.0568579178675
293295.74996 0 0.053300021685
301331.24996 0 0.0494684411775
317402.24996 0 0.041600016925
349909.49996 0 0.0266158003025
382051.49996 0 0.0149842166225
384243.0 0 0.0
