0 0 824.524193425
365.2499635 0 824.524193425
365.25 0 804.96779015
730.4999635 0 804.96779015
730.5 0 785.168571375
1095.7499635 0 785.168571375
1095.75 0 765.1110668
1460.9999635 0 765.1110668
1461 0 744.744157425
1826.2499635 0 744.744157425
1826.25 0 724.034212225
2191.4999635 0 724.034212225
2191.5 0 702.927421725
2556.7499635 0 702.927421725
2556.75 0 681.376702525
2921.9999635 0 681.376702525
2922 0 659.334971325
3287.2499635 0 659.334971325
3287.25 0 636.795501925
3652.4999635 0 636.795501925
3652.5 0 613.785199075
4017.7499635 0 624.5927447
4017.75 0 600.766598225
4382.9999635 0 600.766598225
4383 0 576.652977425
4748.2499635 0 576.652977425
4748.25 0 552.340862425
5113.4999635 0 552.340862425
5113.5 0 527.9945243
5478.7499635 0 527.9945243
5478.75 0 503.737166325
5843.9999635 0 503.737166325
5844 0 479.712525675
6209.2499635 0 479.712525675
6209.25 0 456.023271725
6574.4999635 0 456.023271725
6574.5 0 432.80629705
6939.7499635 0 432.80629705
6939.75 0 410.123203275
7304.9999635 0 410.123203275
7305 0 388.090349075
7670.2499635 0 388.090349075
7670.25 0 366.735112925
8035.499963 0 366.735112925
8035.5 0 346.1396304
8400.749963 0 346.1396304
8400.75 0 326.324435325
8765.999963 0 326.324435325
8766 0 307.316906225
9131.249963 0 307.316906225
9131.25 0 289.137577
9496.499963 0 289.137577
9496.5 0 271.793292275
9861.749963 0 271.793292275
9861.75 0 255.284052025
10226.999963 0 255.284052025
10227 0 239.603011635
10592.249963 0 239.603011635
10592.25 0 224.7364818625
10957.499963 0 224.7364818625
10957.5 0 210.6844626975
11322.749963 0 210.6844626975
11322.75 0 197.3990417525
11687.999963 0 197.3990417525
11688 0 184.887063655
12053.249963 0 184.887063655
12053.25 0 173.09377139
12418.499963 0 173.09377139
12418.5 0 162.019164955
13879.5 0 124.1615331975
17166.75 0 66.35915688
24471.75 0 20.5544147845
43464.749963 0 4.3737166325
52961.249963 0 2.6694045175
62092.5 0 1.86173853525
67206 0 1.601642710475
72319.499963 0 1.41683778235
72684.749963 0 1.4031485284
73049.999963 0 1.396303901425
73415.249963 0 1.375770020525
73780.499963 0 1.368925393575
74876.249963 0 1.334702258725
77432.999963 0 1.26625598905
82181.25 0 1.13620807665
92408.249963 0 0.965092402475
102269.99996 0 0.84188911705
122358.74996 0 0.65023956195
142082.25 0 0.5338809035
182259.74996 0 0.45859000685
222072 0 0.718685831625
302061.75 0 2.58726899375
382051.49996 0 4.18206707725
384243.0 0 0.0
