0 0 6.2355932755
2921.9999635 0 6.18473648175
4748.2499635 0 5.85578370975
4748.25 0 5.770020534
7305 0 5.1872005475
10227 0 4.72416153325
16801.5 0 4.27172047
20088.75 0 4.0468172485
23375.999963 0 3.7891854895
25932.75 0 3.4498973305
28489.5 0 3.100752909
33603 0 2.4114989733
39447 0 1.804791238875
43830 0 1.49336071185
48213 0 1.275359342925
60266.25 0 0.955236139625
82911.75 0 0.797809719375
100808.99996 0 0.8123887748
109574.99996 0 0.84052019165
118340.99996 0 0.87891854895
126741.74996 0 0.92402464065
134777.24996 0 0.974674880225
142812.74996 0 1.03080082135
150848.24996 0 1.092402464075
159248.99996 0 1.16221765915
167284.49996 0 1.2327173169
175319.99996 0 1.30732375085
183355.49996 0 1.3846680356
191756.24996 0 1.4674880219
199791.74996 0 1.548254620125
207827.24996 0 1.62970568105
215862.74996 0 1.709103353875
223898.25 0 1.7898699521
231933.75 0 1.86379192335
248004.75 0 1.99178644765
271015.49996 0 2.1040383299
293660.99996 0 2.103353867225
302792.24996 0 2.0657084189
311558.24996 0 2.00821355235
320689.49996 0 1.928815879525
329455.49996 0 1.833675564675
355753.49996 0 1.4702258727
382051.49996 0 1.059548254625
384243.0 0 0.0
