0 0 0.0756290212175
365.2499635 0 0.0756290212175
365.25 0 0.0562039698825
730.4999635 0 0.0562039698825
730.5 0 0.0411430527025
1095.7499635 0 0.0411430527025
1095.75 0 0.02967282683
1460.9999635 0 0.02967282683
1461 0 0.02108761122525
1826.2499635 0 0.02108761122525
1826.25 0 0.014772073922
2191.4999635 0 0.014772073922
2191.5 0 0.01020260095825
2556.7499635 0 0.01020260095825
2556.75 0 0.0069514031485
2921.9999635 0 0.0069514031485
2922 0 0.004672826831
3287.2499635 0 0.004672826831
3287.25 0 0.00309993155375
3652.4999635 0 0.00309993155375
3652.5 0 0.00203148528405
4017.7499635 0 0.00203148528405
4017.75 0 0.001314852840525
4382.9999635 0 0.001314852840525
4383 0 0.00084052019165
4748.2499635 0 0.00084052019165
4748.25 0 0.0005311430527
5113.4999635 0 0.0005311430527
5113.5 0 0.00033196440795
5478.7499635 0 0.00033196440795
5478.75 0 0.000205338809035
5843.9999635 0 0.000205338809035
5844 0 0.0001259411362075
6209.2499635 0 0.0001259411362075
6209.25 0 7.59753593425e-05
7670.25 0 9.582477755e-06
9131.25 0 6.84462696775e-07
10227 0 0.0
325803 0 0.0
384243.0 0 0.0
