0 0 0.0160848733745
365.2499635 0 0.0160848733745
365.25 0 0.01113874058875
730.4999635 0 0.01113874058875
730.5 0 0.007594934976
1095.7499635 0 0.007594934976
1095.75 0 0.00510054757025
1460.9999635 0 0.00510054757025
1461 0 0.003374880219
1826.2499635 0 0.003374880219
1826.25 0 0.002200958247775
2191.4999635 0 0.002200958247775
2191.5 0 0.001415400410675
2556.7499635 0 0.001415400410675
2556.75 0 0.0008979466119
2921.9999635 0 0.0008979466119
2922 0 0.00056221765915
3287.2499635 0 0.00056221765915
3287.25 0 0.0003476386037
3652.4999635 0 0.0003476386037
3652.5 0 0.0002123203285425
4017.7499635 0 0.0002123203285425
4017.75 0 0.0001281314168375
4382.9999635 0 0.0001281314168375
4383 0 7.645448323e-05
4748.2499635 0 7.645448323e-05
4748.25 0 4.51060917175e-05
5113.4999635 0 4.51060917175e-05
5113.5 0 2.6351813825e-05
5478.7499635 0 2.6351813825e-05
5478.75 0 1.51950718685e-05
5843.9999635 0 1.51950718685e-05
5844 0 8.69267624925e-06
6939.7499635 0 2.80629705675e-06
7670.25 0 4.10677618075e-07
9496.5 0 0.0
335664.75 0 0.0
384243.0 0 0.0
