0 0 0.916707734425
365.2499635 0 0.916707734425
365.25 0 0.65084873375
730.4999635 0 0.65084873375
730.5 0 0.455578370975
1095.7499635 0 0.455578370975
1095.75 0 0.314462696775
1460.9999635 0 0.314462696775
1461 0 0.2141478439425
1826.2499635 0 0.2141478439425
1826.25 0 0.1439698836425
2191.4999635 0 0.1439698836425
2191.5 0 0.0956262833675
2556.7499635 0 0.0956262833675
2556.75 0 0.0628062970575
2921.9999635 0 0.0628062970575
2922 0 0.0408281998625
3287.2499635 0 0.0408281998625
3287.25 0 0.0262833675575
3652.4999635 0 0.0262833675575
3652.5 0 0.01676933607125
4017.7499635 0 0.01676933607125
4017.75 0 0.010616016427
4382.9999635 0 0.010616016427
4383 0 0.00667351129375
4748.2499635 0 0.00667351129375
4748.25 0 0.0041752224505
5113.4999635 0 0.0041752224505
5113.5 0 0.00260095824775
5478.7499635 0 0.00260095824775
5478.75 0 0.0016153319644
5844 0 0.0010198494182
6209.2499635 0 0.0010198494182
6574.5 0 0.00041752224505
8400.75 0 0.000109514031485
15340.499963 0 4.10677618075e-05
21914.999963 0 1.415162824225e-05
35064 0 0.0
121628.25 0 6.84462696775e-06
208192.5 0 6.84462696775e-06
230107.49996 0 1.368925393575e-05
241064.99996 0 2.05338809035e-05
251657.24996 0 3.422313484e-05
294756.75 0 2.053387947225e-05
381320.99996 0 6.84462649075e-06
381321 0 0.0
384243.0 0 0.0
