0 0 9.60057109575e-11
4017.7499635 0 2.402403500375e-07
4748.2499635 0 5.9369059385e-07
4748.25 0 9.09850339325e-07
5113.4999635 0 9.09850339325e-07
5113.5 0 1.369497622675e-06
5478.7499635 0 1.369497622675e-06
5478.75 0 2.0241353644e-06
5843.9999635 0 2.0241353644e-06
5844 0 2.9379124925e-06
6209.2499635 0 2.9379124925e-06
6209.25 0 4.18868619625e-06
6574.4999635 0 4.18868619625e-06
6574.5 0 5.86854895675e-06
6939.7499635 0 5.86854895675e-06
6939.75 0 8.0835527435e-06
7304.9999635 0 8.0835527435e-06
7305 0 1.09525184165e-05
7670.2499635 0 1.09525184165e-05
7670.25 0 1.460471870225e-05
8035.499963 0 1.460471870225e-05
8035.5 0 1.917621218925e-05
8400.749963 0 1.917621218925e-05
8400.75 0 2.4804921189e-05
8765.999963 0 2.4804921189e-05
8766 0 3.16246446125e-05
9131.249963 0 3.16246446125e-05
9131.25 0 3.9757302695e-05
9496.499963 0 3.9757302695e-05
9496.5 0 4.93050247175e-05
9861.749963 0 4.93050247175e-05
9861.75 0 6.034106249e-05
10226.999963 0 6.034106249e-05
10227 0 7.29011203e-05
10592.249963 0 7.29011203e-05
10592.25 0 8.69746165725e-05
10957.499963 0 8.69746165725e-05
10957.5 0 0.0001024973109
11322.749963 0 0.0001024973109
11322.75 0 0.00011933976671
11687.999963 0 0.00011933976671
11688 0 0.00013727615269
12053.249963 0 0.00013727615269
12053.25 0 0.000155911673645
12418.499963 0 0.000155911673645
12418.5 0 0.000174606929305
12783.749963 0 0.000174606929305
12783.75 0 0.0001924843315325
13148.999963 0 0.000192986310745
13149 0 0.0002091225188225
13514.249963 0 0.0002091225188225
13514.25 0 0.0002226303901425
13879.499963 0 0.0002226303901425
13879.5 0 0.00023296167009
14244.749963 0 0.00023296167009
14244.75 0 0.0002399117043125
14609.999963 0 0.0002399117043125
14610 0 0.0002435742642025
14975.249963 0 0.0002435742642025
14975.25 0 0.00024425119781
15340.499963 0 0.00024425119781
15340.5 0 0.0002423572895275
15705.749963 0 0.0002423572895275
15705.75 0 0.0002383504449
16070.999963 0 0.0002383504449
16071 0 0.00023267282683
16436.249963 0 0.00023267282683
16436.25 0 0.0002257316906225
16801.499963 0 0.0002257316906225
16801.5 0 0.00021711877229
17166.749963 0 0.00021711877229
17166.75 0 0.0002076188028425
17531.999963 0 0.0002076188028425
17532 0 0.0001968168266175
17897.249963 0 0.0001968168266175
17897.25 0 0.0001886070264975
18262.499963 0 0.0001886070264975
18262.5 0 0.0001789697408425
18627.749963 0 0.0001789697408425
18627.75 0 0.0001737374140725
18992.999963 0 0.0001737374140725
18993 0 0.0001612950034225
19358.249963 0 0.0001612950034225
19358.25 0 0.00015302532512
19723.499963 0 0.00015302532512
19723.5 0 0.0001450616016425
20088.749963 0 0.0001450616016425
20088.75 0 0.000136675111085
20453.999963 0 0.000136675111085
20454 0 0.0001294207423725
20819.249963 0 0.0001294207423725
20819.25 0 0.000122512176355
21184.499963 0 0.000122512176355
21184.5 0 0.00011594600946
21549.749963 0 0.00011594600946
21549.75 0 0.0001097188381175
21914.999963 0 0.0001097188381175
21915 0 0.0001038204516225
22280.249963 0 0.0001038204516225
22280.25 0 9.82426814025e-05
22645.499963 0 9.82426814025e-05
22645.5 0 9.29705517525e-05
23010.749963 0 9.29705517525e-05
23010.75 0 8.79931712475e-05
23375.999963 0 8.79931712475e-05
23376 0 8.32962448975e-05
23741.249963 0 8.32962448975e-05
23741.25 0 7.88647969925e-05
24106.499963 0 7.88647969925e-05
24106.5 0 7.468589397e-05
24471.749963 0 7.468589397e-05
24471.75 0 7.07459215475e-05
24836.999963 0 7.07459215475e-05
24837 0 6.70305847325e-05
25202.249963 0 6.70305847325e-05
25202.25 0 6.3527630675e-05
25567.499963 0 6.3527630675e-05
25567.5 0 6.02241258075e-05
25932.749963 0 6.02241258075e-05
25932.75 0 5.71078172825e-05
26297.999963 0 5.71078172825e-05
26298 0 5.4165090815e-05
26663.249963 0 5.4165090815e-05
26663.25 0 5.139390427e-05
27028.499963 0 5.139390427e-05
27028.5 0 4.87731555075e-05
27393.749963 0 4.87731555075e-05
27393.75 0 4.630216382e-05
27758.999963 0 4.630216382e-05
27759 0 4.3953700645e-05
28124.249963 0 4.3953700645e-05
28124.25 0 4.17549945425e-05
28489.499963 0 4.17549945425e-05
28489.5 0 3.96583955325e-05
28854.749963 0 3.96583955325e-05
28854.75 0 3.76843250375e-05
29219.999963 0 3.76843250375e-05
29220 0 3.58123616375e-05
29585.249963 0 3.58123616375e-05
29585.25 0 3.404931247e-05
29950.499963 0 3.404931247e-05
29950.5 0 3.236794898e-05
30315.749963 0 3.236794898e-05
30315.75 0 3.0781885445e-05
30680.999963 0 3.0781885445e-05
30681 0 2.9277507585e-05
31046.249963 0 2.9277507585e-05
31046.25 0 2.78548154e-05
31411.499963 0 2.78548154e-05
31411.5 0 2.651380889e-05
31776.749963 0 2.651380889e-05
31776.75 0 2.52272595e-05
32141.999963 0 2.52272595e-05
32142 0 2.4015588644e-05
32507.249963 0 2.4015588644e-05
32507.25 0 2.287198918475e-05
32872.499963 0 2.287198918475e-05
32872.5 0 2.17828468425e-05
33237.749963 0 2.17828468425e-05
33237.75 0 2.07481616175e-05
33602.999963 0 2.07481616175e-05
33603 0 1.977474064925e-05
33968.249963 0 1.977474064925e-05
33968.25 0 1.884216251875e-05
34333.499963 0 1.884216251875e-05
34333.5 0 1.7970848645e-05
34698.749963 0 1.7970848645e-05
34698.75 0 1.71335704695e-05
35063.999963 0 1.71335704695e-05
35064 0 1.6337135132e-05
35429.249963 0 1.6337135132e-05
35429.25 0 1.559515691125e-05
35794.499963 0 1.559515691125e-05
35794.5 0 1.488040724925e-05
36159.749963 0 1.488040724925e-05
36159.75 0 1.4206500425e-05
36524.999963 0 1.4206500425e-05
36525 0 1.357343643875e-05
36890.249963 0 1.357343643875e-05
36890.25 0 1.2967601011e-05
37255.499963 0 1.2967601011e-05
37255.5 0 1.239580128125e-05
37620.749963 0 1.239580128125e-05
37620.75 0 1.184442297075e-05
37985.999963 0 1.184442297075e-05
37986 0 1.133388749775e-05
38351.249963 0 1.133388749775e-05
38351.25 0 1.083696630425e-05
38716.499963 0 1.083696630425e-05
38716.5 0 1.037408080875e-05
39081.749963 0 1.037408080875e-05
39081.75 0 9.92480959275e-06
39446.999963 0 9.92480959275e-06
39447 0 9.50957407475e-06
39812.249963 0 9.50957407475e-06
39812.25 0 9.107952836e-06
40177.499963 0 9.107952836e-06
40177.5 0 8.72675301625e-06
40542.749963 0 8.72675301625e-06
40542.75 0 8.3659746155e-06
40907.999963 0 8.3659746155e-06
40908 0 8.018810494e-06
41273.249963 0 8.018810494e-06
41273.25 0 7.69206779125e-06
41638.499963 0 7.69206779125e-06
41638.5 0 7.378939368e-06
42003.749963 0 7.378939368e-06
42003.75 0 7.0862323635e-06
42368.999963 0 7.0862323635e-06
42369 0 6.80033249875e-06
42734.249963 0 6.80033249875e-06
42734.25 0 6.53485405275e-06
43099.499963 0 6.53485405275e-06
43099.5 0 6.2761827465e-06
43464.749963 0 6.2761827465e-06
43464.75 0 6.03793285925e-06
43829.999963 0 6.03793285925e-06
43830 0 5.79968297175e-06
44195.249963 0 5.79968297175e-06
44195.25 0 5.57504736375e-06
44560.499963 0 5.57504736375e-06
44560.5 0 5.3708331745e-06
44925.749963 0 5.3708331745e-06
44925.75 0 5.15981184575e-06
45656.249963 0 4.9760190755e-06
45656.25 0 4.78541916575e-06
48943.5 0 3.45802693625e-06
56613.75 0 1.76985630595e-06
67206 0 8.168567566e-07
70128 0 6.80713963825e-07
84738 0 2.858998648e-07
138795 0 1.36142792765e-08
380225.24996 0 6.80713963825e-09
384243.0 0 0.0
