Year,Elevation
2012,132.6597
2012,132.6504
2012,132.6418
2012,132.6326
2012,132.6237
2012,132.6145
2012,132.6055
2012,132.5963
2012,132.5871
2012,132.5782
2012,132.5690
2012,132.5600
2013,132.5508
2013,132.5419
2013,132.5338
2013,132.5249
2013,132.5162
2013,132.5073
2013,132.4986
2013,132.4897
2013,132.4808
2013,132.4721
2013,132.4632
2013,132.4545
2014,132.4456
2014,132.4392
2014,132.4334
2014,132.4271
2014,132.4209
2014,132.4145
2014,132.4083
2014,132.4019
2014,132.3956
2014,132.3894
2014,132.3830
2014,132.3768
2015,132.3704
2015,132.3631
2015,132.3566
2015,132.3493
2015,132.3422
2015,132.3349
2015,132.3279
2015,132.3206
2015,132.3133
2015,132.3062
2015,132.2989
2015,132.2919
2016,132.2846
2016,132.2771
2016,132.2701
2016,132.2625
2016,132.2553
2016,132.2478
2016,132.2405
2016,132.2330
2016,132.2255
2016,132.2182
2016,132.2108
2016,132.2035
2017,132.1960
2017,132.1892
2017,132.1830
2017,132.1762
2017,132.1696
2017,132.1628
2017,132.1563
2017,132.1495
2017,132.1427
2017,132.1361
2017,132.1293
2017,132.1227
2018,132.1159
2018,132.1082
2018,132.1013
2018,132.0937
2018,132.0863
2018,132.0787
2018,132.0713
2018,132.0636
2018,132.0560
2018,132.0486
2018,132.0410
2018,132.0336
2019,132.0337
2019,132.0261
2019,132.0192
2019,132.0116
2019,132.0043
2019,131.9967
2019,131.9893
2019,131.9817
2019,131.9741
2019,131.9668
2019,131.9592
2019,131.9518
2020,131.9442
2020,131.9363
2020,131.9289
2020,131.9210
2020,131.9134
2020,131.9055
2020,131.8978
2020,131.8899
2020,131.8820
2020,131.8744
2020,131.8665
2020,131.8589
2021,131.8510
2021,131.8428
2021,131.8354
2021,131.8272
2021,131.8193
2021,131.8111
2021,131.8032
2021,131.7951
2021,131.7869
2021,131.7790
2021,131.7708
2021,131.7629
2022,131.7547
2022,131.7464
2022,131.7388
2022,131.7305
2022,131.7224
2022,131.7141
2022,131.7060
2022,131.6976
2022,131.6892
2022,131.6812
2022,131.6728
2022,131.6647
2023,131.6564
2023,131.6479
2023,131.6402
2023,131.6317
2023,131.6234
2023,131.6149
2023,131.6067
2023,131.5982
2023,131.5897
2023,131.5815
2023,131.5730
2023,131.5647
2024,131.5562
2024,131.5480
2024,131.5402
2024,131.5320
2024,131.5240
2024,131.5157
2024,131.5077
2024,131.4994
2024,131.4911
2024,131.4831
2024,131.4748
2024,131.4668
2025,131.4586
2025,131.4512
2025,131.4445
2025,131.4372
2025,131.4300
2025,131.4226
2025,131.4155
2025,131.4081
2025,131.4008
2025,131.3936
2025,131.3862
2025,131.3791
2026,131.3717
2026,131.3657
2026,131.3603
2026,131.3543
2026,131.3485
2026,131.3425
2026,131.3367
2026,131.3307
2026,131.3247
2026,131.3189
2026,131.3129
2026,131.3071
2027,131.3011
2027,131.2969
2027,131.2931
2027,131.2889
2027,131.2848
2027,131.2806
2027,131.2765
2027,131.2723
2027,131.2681
2027,131.2641
2027,131.2598
2027,131.2558
2028,131.2516
2028,131.2487
2028,131.2460
2028,131.2431
2028,131.2404
2028,131.2375
2028,131.2347
2028,131.2319
2028,131.2290
2028,131.2263
2028,131.2234
2028,131.2206
2029,131.2178
2029,131.2154
2029,131.2133
2029,131.2109
2029,131.2087
2029,131.2063
2029,131.2040
2029,131.2017
2029,131.1993
2029,131.1971
2029,131.1947
2029,131.1924
2030,131.1901
2030,131.1879
2030,131.1860
2030,131.1838
2030,131.1817
2030,131.1795
2030,131.1774
2030,131.1753
2030,131.1731
2030,131.1710
2030,131.1689
2030,131.1668
2031,131.1646
2031,131.1625
2031,131.1606
2031,131.1584
2031,131.1564
2031,131.1542
2031,131.1522
2031,131.1500
2031,131.1479
2031,131.1458
2031,131.1437
2031,131.1416
2032,131.1395
2032,131.1373
2032,131.1353
2032,131.1331
2032,131.1310
2032,131.1288
2032,131.1267
2032,131.1245
2032,131.1223
2032,131.1202
2032,131.1180
2032,131.1159
2033,131.1137
2033,131.1115
2033,131.1094
2033,131.1072
2033,131.1050
2033,131.1027
2033,131.1006
2033,131.0983
2033,131.0960
2033,131.0939
2033,131.0916
2033,131.0894
2034,131.0872
2034,131.0848
2034,131.0827
2034,131.0804
2034,131.0781
2034,131.0758
2034,131.0735
2034,131.0712
2034,131.0688
2034,131.0666
2034,131.0642
2034,131.0620
2035,131.0596
2035,131.0572
2035,131.0551
2035,131.0527
2035,131.0503
2035,131.0479
2035,131.0456
2035,131.0432
2035,131.0408
2035,131.0385
2035,131.0361
2035,131.0338
2036,131.0314
2036,131.0289
2036,131.0267
2036,131.0243
2036,131.0219
2036,131.0195
2036,131.0172
2036,131.0148
2036,131.0124
2036,131.0100
2036,131.0076
2036,131.0053
2037,131.0029
2037,130.9999
2037,130.9971
2037,130.9941
2037,130.9912
2037,130.9882
2037,130.9853
2037,130.9823
2037,130.9793
2037,130.9764
2037,130.9733
2037,130.9704
2038,130.9674
2039,130.9075
2040,130.8280
2041,130.7340
2042,130.6335
2043,130.5325
2044,130.4321
2045,130.3344
2046,130.2414
2047,130.1533
2048,130.0702
2049,129.9914
2050,129.9175
2051,129.8470
2052,129.7789
2053,129.7128
2054,129.6492
2055,129.5877
2056,129.5280
2057,129.4704
2058,129.4148
2059,129.3612
2060,129.3090
2061,129.2583
2062,129.2092
2063,129.1614
2064,129.1151
2065,129.0700
2066,129.0264
2067,128.9832
2068,128.9401
2069,128.8966
2070,128.8530
2071,128.8092
2072,128.7655
2073,128.7220
2074,128.6790
2075,128.6365
2076,128.5945
2077,128.5530
2078,128.5123
2079,128.4723
2080,128.4331
2081,128.3944
2082,128.3565
2083,128.3193
2084,128.2827
2085,128.2466
2086,128.2117
2087,128.1774
2088,128.1436
2089,128.1104
2090,128.0778
2091,128.0459
2092,128.0147
2093,127.9839
2094,127.9538
2095,127.9243
2096,127.8954
2097,127.8670
2098,127.8393
2099,127.8122
2100,127.7855
2135,127.0946
