Year,Elevation
2012,133.1358
2012,133.1261
2012,133.1171
2012,133.1075
2012,133.0982
2012,133.0885
2012,133.0792
2012,133.0696
2012,133.0599
2012,133.0506
2012,133.0410
2012,133.0316
2013,133.0220
2013,133.0135
2013,133.0058
2013,132.9972
2013,132.9890
2013,132.9804
2013,132.9722
2013,132.9636
2013,132.9551
2013,132.9468
2013,132.9383
2013,132.9300
2014,132.9215
2014,132.9143
2014,132.9078
2014,132.9006
2014,132.8936
2014,132.8864
2014,132.8795
2014,132.8723
2014,132.8651
2014,132.8581
2014,132.8509
2014,132.8439
2015,132.8368
2015,132.8294
2015,132.8228
2015,132.8154
2015,132.8083
2015,132.8010
2015,132.7939
2015,132.7865
2015,132.7792
2015,132.7720
2015,132.7647
2015,132.7576
2016,132.7502
2016,132.7427
2016,132.7356
2016,132.7280
2016,132.7207
2016,132.7132
2016,132.7059
2016,132.6983
2016,132.6907
2016,132.6834
2016,132.6759
2016,132.6685
2017,132.6610
2017,132.6540
2017,132.6477
2017,132.6408
2017,132.6340
2017,132.6271
2017,132.6203
2017,132.6133
2017,132.6064
2017,132.5996
2017,132.5927
2017,132.5859
2018,132.5789
2018,132.5717
2018,132.5651
2018,132.5578
2018,132.5508
2018,132.5435
2018,132.5364
2018,132.5291
2018,132.5218
2018,132.5148
2018,132.5075
2018,132.5004
2019,132.4964
2019,132.4884
2019,132.4812
2019,132.4732
2019,132.4655
2019,132.4575
2019,132.4497
2019,132.4418
2019,132.4338
2019,132.4260
2019,132.4180
2019,132.4103
2020,132.4023
2020,132.3937
2020,132.3856
2020,132.3770
2020,132.3686
2020,132.3600
2020,132.3517
2020,132.3430
2020,132.3344
2020,132.3260
2020,132.3174
2020,132.3090
2021,132.3004
2021,132.2912
2021,132.2830
2021,132.2738
2021,132.2649
2021,132.2558
2021,132.2469
2021,132.2377
2021,132.2286
2021,132.2197
2021,132.2106
2021,132.2017
2022,132.1925
2022,132.1830
2022,132.1745
2022,132.1650
2022,132.1558
2022,132.1463
2022,132.1372
2022,132.1277
2022,132.1182
2022,132.1090
2022,132.0995
2022,132.0903
2023,132.0809
2023,132.0712
2023,132.0624
2023,132.0527
2023,132.0434
2023,132.0337
2023,132.0243
2023,132.0146
2023,132.0049
2023,131.9955
2023,131.9858
2023,131.9764
2024,131.9667
2024,131.9573
2024,131.9485
2024,131.9390
2024,131.9299
2024,131.9204
2024,131.9113
2024,131.9019
2024,131.8924
2024,131.8833
2024,131.8738
2024,131.8647
2025,131.8553
2025,131.8468
2025,131.8391
2025,131.8307
2025,131.8224
2025,131.8140
2025,131.8058
2025,131.7973
2025,131.7888
2025,131.7806
2025,131.7722
2025,131.7640
2026,131.7555
2026,131.7484
2026,131.7420
2026,131.7348
2026,131.7280
2026,131.7209
2026,131.7140
2026,131.7069
2026,131.6998
2026,131.6929
2026,131.6858
2026,131.6789
2027,131.6718
2027,131.6667
2027,131.6621
2027,131.6571
2027,131.6522
2027,131.6472
2027,131.6423
2027,131.6372
2027,131.6322
2027,131.6273
2027,131.6223
2027,131.6174
2028,131.6123
2028,131.6085
2028,131.6050
2028,131.6012
2028,131.5975
2028,131.5937
2028,131.5900
2028,131.5862
2028,131.5824
2028,131.5787
2028,131.5749
2028,131.5712
2029,131.5674
2029,131.5637
2029,131.5603
2029,131.5565
2029,131.5529
2029,131.5491
2029,131.5455
2029,131.5417
2029,131.5379
2029,131.5343
2029,131.5306
2029,131.5269
2030,131.5232
2030,131.5191
2030,131.5155
2030,131.5115
2030,131.5076
2030,131.5035
2030,131.4996
2030,131.4956
2030,131.4916
2030,131.4877
2030,131.4837
2030,131.4798
2031,131.4757
2031,131.4714
2031,131.4674
2031,131.4630
2031,131.4588
2031,131.4545
2031,131.4502
2031,131.4459
2031,131.4415
2031,131.4373
2031,131.4329
2031,131.4287
2032,131.4243
2032,131.4196
2032,131.4153
2032,131.4106
2032,131.4061
2032,131.4014
2032,131.3969
2032,131.3922
2032,131.3875
2032,131.3830
2032,131.3784
2032,131.3738
2033,131.3692
2033,131.3642
2033,131.3598
2033,131.3549
2033,131.3501
2033,131.3452
2033,131.3404
2033,131.3355
2033,131.3306
2033,131.3258
2033,131.3209
2033,131.3161
2034,131.3112
2034,131.3061
2034,131.3015
2034,131.2964
2034,131.2915
2034,131.2864
2034,131.2815
2034,131.2764
2034,131.2713
2034,131.2663
2034,131.2612
2034,131.2563
2035,131.2512
2035,131.2460
2035,131.2413
2035,131.2361
2035,131.2310
2035,131.2258
2035,131.2207
2035,131.2155
2035,131.2103
2035,131.2052
2035,131.2000
2035,131.1950
2036,131.1898
2036,131.1845
2036,131.1796
2036,131.1744
2036,131.1693
2036,131.1641
2036,131.1591
2036,131.1538
2036,131.1486
2036,131.1436
2036,131.1383
2036,131.1333
2037,131.1280
2037,131.1223
2037,131.1171
2037,131.1113
2037,131.1058
2037,131.1000
2037,131.0945
2037,131.0887
2037,131.0830
2037,131.0774
2037,131.0717
2037,131.0661
2038,131.0603
2039,130.9727
2040,130.8663
2041,130.7501
2042,130.6335
2043,130.5225
2044,130.4196
2045,130.3253
2046,130.2398
2047,130.1620
2048,130.0901
2049,130.0231
2050,129.9606
2051,129.9008
2052,129.8432
2053,129.7872
2054,129.7330
2055,129.6803
2056,129.6277
2057,129.5775
2058,129.5291
2059,129.4821
2060,129.4366
2061,129.3921
2062,129.3488
2063,129.3064
2064,129.2649
2065,129.2242
2066,129.1842
2067,129.1441
2068,129.1030
2069,129.0607
2070,129.0175
2071,128.9738
2072,128.9301
2073,128.8864
2074,128.8429
2075,128.7997
2076,128.7572
2077,128.7152
2078,128.6741
2079,128.6338
2080,128.5941
2081,128.5549
2082,128.5165
2083,128.4787
2084,128.4416
2085,128.4050
2086,128.3692
2087,128.3341
2088,128.2998
2089,128.2660
2090,128.2331
2091,128.2008
2092,128.1691
2093,128.1379
2094,128.1074
2095,128.0777
2096,128.0483
2097,128.0194
2098,127.9911
2099,127.9633
2100,127.9360
2135,127.2235
