Year,Elevation
2012,132.9910
2012,132.9816
2012,132.9727
2012,132.9632
2012,132.9540
2012,132.9445
2012,132.9353
2012,132.9258
2012,132.9163
2012,132.9071
2012,132.8976
2012,132.8884
2013,132.8789
2013,132.8703
2013,132.8624
2013,132.8537
2013,132.8454
2013,132.8367
2013,132.8283
2013,132.8196
2013,132.8109
2013,132.8025
2013,132.7939
2013,132.7855
2014,132.7768
2014,132.7697
2014,132.7634
2014,132.7564
2014,132.7496
2014,132.7426
2014,132.7357
2014,132.7287
2014,132.7217
2014,132.7149
2014,132.7079
2014,132.7011
2015,132.6940
2015,132.6867
2015,132.6801
2015,132.6728
2015,132.6657
2015,132.6584
2015,132.6514
2015,132.6440
2015,132.6367
2015,132.6297
2015,132.6223
2015,132.6153
2016,132.6080
2016,132.6004
2016,132.5934
2016,132.5858
2016,132.5786
2016,132.5710
2016,132.5637
2016,132.5562
2016,132.5487
2016,132.5414
2016,132.5339
2016,132.5266
2017,132.5190
2017,132.5121
2017,132.5059
2017,132.4989
2017,132.4922
2017,132.4853
2017,132.4786
2017,132.4717
2017,132.4648
2017,132.4581
2017,132.4512
2017,132.4445
2018,132.4376
2018,132.4302
2018,132.4235
2018,132.4162
2018,132.4090
2018,132.4016
2018,132.3945
2018,132.3871
2018,132.3798
2018,132.3726
2018,132.3652
2018,132.3581
2019,132.3552
2019,132.3474
2019,132.3403
2019,132.3324
2019,132.3249
2019,132.3170
2019,132.3094
2019,132.3016
2019,132.2937
2019,132.2861
2019,132.2783
2019,132.2707
2020,132.2628
2020,132.2545
2020,132.2467
2020,132.2383
2020,132.2302
2020,132.2218
2020,132.2138
2020,132.2054
2020,132.1970
2020,132.1889
2020,132.1806
2020,132.1725
2021,132.1641
2021,132.1553
2021,132.1474
2021,132.1386
2021,132.1301
2021,132.1212
2021,132.1127
2021,132.1039
2021,132.0951
2021,132.0866
2021,132.0778
2021,132.0693
2022,132.0605
2022,132.0514
2022,132.0432
2022,132.0341
2022,132.0254
2022,132.0163
2022,132.0075
2022,131.9985
2022,131.9894
2022,131.9806
2022,131.9715
2022,131.9628
2023,131.9537
2023,131.9444
2023,131.9361
2023,131.9268
2023,131.9178
2023,131.9086
2023,131.8996
2023,131.8904
2023,131.8811
2023,131.8721
2023,131.8629
2023,131.8539
2024,131.8447
2024,131.8356
2024,131.8271
2024,131.8181
2024,131.8094
2024,131.8003
2024,131.7916
2024,131.7825
2024,131.7735
2024,131.7647
2024,131.7557
2024,131.7469
2025,131.7379
2025,131.7297
2025,131.7223
2025,131.7141
2025,131.7062
2025,131.6980
2025,131.6901
2025,131.6819
2025,131.6737
2025,131.6658
2025,131.6576
2025,131.6497
2026,131.6415
2026,131.6345
2026,131.6282
2026,131.6212
2026,131.6145
2026,131.6075
2026,131.6007
2026,131.5938
2026,131.5868
2026,131.5800
2026,131.5730
2026,131.5663
2027,131.5593
2027,131.5542
2027,131.5495
2027,131.5444
2027,131.5394
2027,131.5343
2027,131.5293
2027,131.5242
2027,131.5190
2027,131.5140
2027,131.5089
2027,131.5039
2028,131.4988
2028,131.4948
2028,131.4910
2028,131.4871
2028,131.4832
2028,131.4792
2028,131.4754
2028,131.4714
2028,131.4674
2028,131.4635
2028,131.4595
2028,131.4557
2029,131.4517
2029,131.4478
2029,131.4444
2029,131.4405
2029,131.4368
2029,131.4329
2029,131.4292
2029,131.4253
2029,131.4215
2029,131.4177
2029,131.4139
2029,131.4102
2030,131.4063
2030,131.4023
2030,131.3987
2030,131.3946
2030,131.3907
2030,131.3867
2030,131.3828
2030,131.3788
2030,131.3748
2030,131.3709
2030,131.3669
2030,131.3630
2031,131.3590
2031,131.3547
2031,131.3508
2031,131.3466
2031,131.3424
2031,131.3381
2031,131.3340
2031,131.3297
2031,131.3254
2031,131.3213
2031,131.3170
2031,131.3129
2032,131.3086
2032,131.3041
2032,131.2999
2032,131.2953
2032,131.2909
2032,131.2864
2032,131.2820
2032,131.2775
2032,131.2730
2032,131.2686
2032,131.2641
2032,131.2597
2033,131.2552
2033,131.2504
2033,131.2461
2033,131.2414
2033,131.2368
2033,131.2321
2033,131.2275
2033,131.2227
2033,131.2180
2033,131.2134
2033,131.2086
2033,131.2041
2034,131.1993
2034,131.1944
2034,131.1900
2034,131.1851
2034,131.1803
2034,131.1754
2034,131.1706
2034,131.1657
2034,131.1608
2034,131.1561
2034,131.1512
2034,131.1464
2035,131.1415
2035,131.1365
2035,131.1319
2035,131.1269
2035,131.1220
2035,131.1170
2035,131.1121
2035,131.1071
2035,131.1021
2035,131.0972
2035,131.0921
2035,131.0873
2036,131.0822
2036,131.0772
2036,131.0725
2036,131.0674
2036,131.0625
2036,131.0575
2036,131.0526
2036,131.0475
2036,131.0425
2036,131.0376
2036,131.0325
2036,131.0276
2037,131.0226
2037,131.0171
2037,131.0121
2037,131.0067
2037,131.0013
2037,130.9958
2037,130.9905
2037,130.9850
2037,130.9796
2037,130.9742
2037,130.9687
2037,130.9634
2038,130.9579
2039,130.8761
2040,130.7788
2041,130.6690
2042,130.5561
2043,130.4465
2044,130.3440
2045,130.2494
2046,130.1625
2047,130.0832
2048,130.0095
2049,129.9408
2050,129.8767
2051,129.8158
2052,129.7572
2053,129.7005
2054,129.6459
2055,129.5929
2056,129.5405
2057,129.4904
2058,129.4422
2059,129.3954
2060,129.3500
2061,129.3058
2062,129.2632
2063,129.2216
2064,129.1808
2065,129.1408
2066,129.1021
2067,129.0638
2068,129.0253
2069,128.9861
2070,128.9469
2071,128.9081
2072,128.8701
2073,128.8335
2074,128.7999
2075,128.7688
2076,128.7394
2077,128.7113
2078,128.6841
2079,128.6575
2080,128.6314
2081,128.6058
2082,128.5806
2083,128.5558
2084,128.5315
2085,128.5076
2086,128.4842
2087,128.4613
2088,128.4388
2089,128.4166
2090,128.3951
2091,128.3739
2092,128.3530
2093,128.3325
2094,128.3124
2095,128.2927
2096,128.2734
2097,128.2544
2098,128.2357
2099,128.2174
2100,128.1995
2135,127.7307
