Year,Elevation
2012,132.1976
2012,132.1887
2012,132.1804
2012,132.1714
2012,132.1628
2012,132.1539
2012,132.1452
2012,132.1363
2012,132.1274
2012,132.1188
2012,132.1098
2012,132.1012
2013,132.0923
2013,132.0831
2013,132.0748
2013,132.0656
2013,132.0566
2013,132.0474
2013,132.0385
2013,132.0293
2013,132.0201
2013,132.0112
2013,132.0020
2013,131.9931
2014,131.9839
2014,131.9791
2014,131.9747
2014,131.9699
2014,131.9652
2014,131.9604
2014,131.9557
2014,131.9509
2014,131.9460
2014,131.9414
2014,131.9365
2014,131.9319
2015,131.9270
2015,131.9195
2015,131.9127
2015,131.9052
2015,131.8979
2015,131.8903
2015,131.8830
2015,131.8755
2015,131.8680
2015,131.8607
2015,131.8532
2015,131.8459
2016,131.8383
2016,131.8308
2016,131.8238
2016,131.8163
2016,131.8090
2016,131.8015
2016,131.7943
2016,131.7867
2016,131.7792
2016,131.7720
2016,131.7645
2016,131.7572
2017,131.7497
2017,131.7432
2017,131.7373
2017,131.7309
2017,131.7246
2017,131.7181
2017,131.7118
2017,131.7054
2017,131.6989
2017,131.6926
2017,131.6861
2017,131.6799
2018,131.6734
2018,131.6652
2018,131.6578
2018,131.6496
2018,131.6416
2018,131.6335
2018,131.6255
2018,131.6173
2018,131.6091
2018,131.6012
2018,131.5930
2018,131.5851
2019,131.5905
2019,131.5831
2019,131.5764
2019,131.5689
2019,131.5618
2019,131.5543
2019,131.5471
2019,131.5397
2019,131.5323
2019,131.5251
2019,131.5177
2019,131.5105
2020,131.5031
2020,131.4957
2020,131.4887
2020,131.4812
2020,131.4740
2020,131.4665
2020,131.4593
2020,131.4518
2020,131.4443
2020,131.4371
2020,131.4296
2020,131.4224
2021,131.4149
2021,131.4074
2021,131.4006
2021,131.3930
2021,131.3857
2021,131.3781
2021,131.3708
2021,131.3633
2021,131.3557
2021,131.3484
2021,131.3408
2021,131.3335
2022,131.3260
2022,131.3183
2022,131.3114
2022,131.3038
2022,131.2964
2022,131.2887
2022,131.2813
2022,131.2737
2022,131.2660
2022,131.2586
2022,131.2510
2022,131.2436
2023,131.2359
2023,131.2282
2023,131.2212
2023,131.2135
2023,131.2060
2023,131.1982
2023,131.1908
2023,131.1830
2023,131.1753
2023,131.1678
2023,131.1600
2023,131.1525
2024,131.1448
2024,131.1371
2024,131.1300
2024,131.1223
2024,131.1149
2024,131.1073
2024,131.0998
2024,131.0922
2024,131.0845
2024,131.0771
2024,131.0695
2024,131.0620
2025,131.0544
2025,131.0471
2025,131.0406
2025,131.0333
2025,131.0263
2025,131.0191
2025,131.0121
2025,131.0048
2025,130.9976
2025,130.9906
2025,130.9833
2025,130.9763
2026,130.9691
2026,130.9625
2026,130.9566
2026,130.9500
2026,130.9437
2026,130.9371
2026,130.9308
2026,130.9242
2026,130.9176
2026,130.9113
2026,130.9047
2026,130.8984
2027,130.8918
2027,130.8863
2027,130.8814
2027,130.8759
2027,130.8705
2027,130.8650
2027,130.8597
2027,130.8542
2027,130.8487
2027,130.8434
2027,130.8379
2027,130.8325
2028,130.8270
2028,130.8224
2028,130.8181
2028,130.8135
2028,130.8091
2028,130.8045
2028,130.8000
2028,130.7954
2028,130.7908
2028,130.7864
2028,130.7818
2028,130.7774
2029,130.7728
2029,130.7686
2029,130.7649
2029,130.7607
2029,130.7567
2029,130.7526
2029,130.7486
2029,130.7445
2029,130.7403
2029,130.7363
2029,130.7322
2029,130.7282
2030,130.7240
2030,130.7200
2030,130.7165
2030,130.7125
2030,130.7086
2030,130.7047
2030,130.7008
2030,130.6968
2030,130.6928
2030,130.6890
2030,130.6850
2030,130.6812
2031,130.6772
2031,130.6732
2031,130.6696
2031,130.6656
2031,130.6617
2031,130.6577
2031,130.6539
2031,130.6499
2031,130.6459
2031,130.6420
2031,130.6380
2031,130.6342
2032,130.6302
2032,130.6261
2032,130.6223
2032,130.6183
2032,130.6144
2032,130.6103
2032,130.6064
2032,130.6024
2032,130.5983
2032,130.5944
2032,130.5903
2032,130.5864
2033,130.5824
2033,130.5782
2033,130.5745
2033,130.5703
2033,130.5663
2033,130.5622
2033,130.5582
2033,130.5540
2033,130.5499
2033,130.5459
2033,130.5417
2033,130.5377
2034,130.5335
2034,130.5293
2034,130.5254
2034,130.5212
2034,130.5171
2034,130.5128
2034,130.5087
2034,130.5044
2034,130.5002
2034,130.4960
2034,130.4918
2034,130.4877
2035,130.4834
2035,130.4790
2035,130.4750
2035,130.4706
2035,130.4664
2035,130.4620
2035,130.4577
2035,130.4534
2035,130.4490
2035,130.4447
2035,130.4403
2035,130.4361
2036,130.4317
2036,130.4272
2036,130.4230
2036,130.4186
2036,130.4143
2036,130.4098
2036,130.4055
2036,130.4010
2036,130.3966
2036,130.3922
2036,130.3878
2036,130.3835
2037,130.3790
2037,130.3743
2037,130.3700
2037,130.3653
2037,130.3607
2037,130.3560
2037,130.3514
2037,130.3467
2037,130.3420
2037,130.3374
2037,130.3327
2037,130.3281
2038,130.3234
2039,130.2579
2040,130.1801
2041,130.0907
2042,129.9948
2043,129.8974
2044,129.8025
2045,129.7118
2046,129.6267
2047,129.5479
2048,129.4741
2049,129.4047
2050,129.3399
2051,129.2784
2052,129.2196
2053,129.1629
2054,129.1091
2055,129.0574
2056,129.0076
2057,128.9595
2058,128.9132
2059,128.8685
2060,128.8252
2061,128.7833
2062,128.7428
2063,128.7035
2064,128.6652
2065,128.6278
2066,128.5913
2067,128.5554
2068,128.5196
2069,128.4836
2070,128.4473
2071,128.4109
2072,128.3743
2073,128.3375
2074,128.3011
2075,128.2650
2076,128.2294
2077,128.1941
2078,128.1595
2079,128.1255
2080,128.0919
2081,128.0588
2082,128.0263
2083,127.9942
2084,127.9628
2085,127.9318
2086,127.9014
2087,127.8715
2088,127.8421
2089,127.8132
2090,127.7849
2091,127.7571
2092,127.7298
2093,127.7029
2094,127.6767
2095,127.6510
2096,127.6258
2097,127.6010
2098,127.5767
2099,127.5528
2100,127.5293
2135,126.9130
