Year,Elevation
2012,133.9156
2012,133.9055
2012,133.8960
2012,133.8858
2012,133.8760
2012,133.8658
2012,133.8560
2012,133.8458
2012,133.8356
2012,133.8258
2012,133.8157
2012,133.8058
2013,133.7957
2013,133.7863
2013,133.7779
2013,133.7686
2013,133.7596
2013,133.7503
2013,133.7413
2013,133.7320
2013,133.7227
2013,133.7137
2013,133.7044
2013,133.6954
2014,133.6861
2014,133.6785
2014,133.6717
2014,133.6641
2014,133.6567
2014,133.6491
2014,133.6418
2014,133.6342
2014,133.6266
2014,133.6193
2014,133.6117
2014,133.6044
2015,133.5968
2015,133.5887
2015,133.5813
2015,133.5732
2015,133.5654
2015,133.5572
2015,133.5494
2015,133.5413
2015,133.5331
2015,133.5253
2015,133.5172
2015,133.5093
2016,133.5012
2016,133.4931
2016,133.4854
2016,133.4773
2016,133.4694
2016,133.4613
2016,133.4534
2016,133.4452
2016,133.4371
2016,133.4292
2016,133.4211
2016,133.4132
2017,133.4050
2017,133.3978
2017,133.3912
2017,133.3840
2017,133.3770
2017,133.3697
2017,133.3627
2017,133.3554
2017,133.3482
2017,133.3412
2017,133.3339
2017,133.3269
2018,133.3196
2018,133.3119
2018,133.3048
2018,133.2970
2018,133.2895
2018,133.2817
2018,133.2742
2018,133.2664
2018,133.2586
2018,133.2511
2018,133.2433
2018,133.2358
2019,133.2326
2019,133.2246
2019,133.2173
2019,133.2093
2019,133.2016
2019,133.1935
2019,133.1858
2019,133.1778
2019,133.1698
2019,133.1620
2019,133.1540
2019,133.1462
2020,133.1382
2020,133.1302
2020,133.1227
2020,133.1147
2020,133.1070
2020,133.0990
2020,133.0912
2020,133.0832
2020,133.0752
2020,133.0675
2020,133.0595
2020,133.0517
2021,133.0437
2021,133.0355
2021,133.0280
2021,133.0197
2021,133.0117
2021,133.0034
2021,132.9954
2021,132.9871
2021,132.9789
2021,132.9709
2021,132.9626
2021,132.9546
2022,132.9463
2022,132.9378
2022,132.9302
2022,132.9217
2022,132.9136
2022,132.9051
2022,132.8969
2022,132.8885
2022,132.8800
2022,132.8718
2022,132.8634
2022,132.8552
2023,132.8467
2023,132.8381
2023,132.8303
2023,132.8217
2023,132.8133
2023,132.8047
2023,132.7964
2023,132.7877
2023,132.7791
2023,132.7707
2023,132.7621
2023,132.7538
2024,132.7451
2024,132.7369
2024,132.7292
2024,132.7210
2024,132.7131
2024,132.7049
2024,132.6969
2024,132.6887
2024,132.6805
2024,132.6726
2024,132.6644
2024,132.6564
2025,132.6482
2025,132.6409
2025,132.6343
2025,132.6269
2025,132.6198
2025,132.6125
2025,132.6054
2025,132.5981
2025,132.5908
2025,132.5837
2025,132.5764
2025,132.5693
2026,132.5619
2026,132.5558
2026,132.5503
2026,132.5442
2026,132.5383
2026,132.5321
2026,132.5262
2026,132.5201
2026,132.5140
2026,132.5081
2026,132.5020
2026,132.4960
2027,132.4899
2027,132.4854
2027,132.4813
2027,132.4768
2027,132.4725
2027,132.4680
2027,132.4636
2027,132.4591
2027,132.4546
2027,132.4503
2027,132.4457
2027,132.4414
2028,132.4369
2028,132.4332
2028,132.4297
2028,132.4260
2028,132.4224
2028,132.4187
2028,132.4151
2028,132.4115
2028,132.4077
2028,132.4042
2028,132.4005
2028,132.3969
2029,132.3932
2029,132.3894
2029,132.3860
2029,132.3823
2029,132.3786
2029,132.3749
2029,132.3713
2029,132.3675
2029,132.3638
2029,132.3601
2029,132.3564
2029,132.3527
2030,132.3490
2030,132.3450
2030,132.3414
2030,132.3375
2030,132.3336
2030,132.3297
2030,132.3258
2030,132.3219
2030,132.3179
2030,132.3141
2030,132.3101
2030,132.3063
2031,132.3023
2031,132.2980
2031,132.2942
2031,132.2900
2031,132.2858
2031,132.2816
2031,132.2775
2031,132.2732
2031,132.2690
2031,132.2649
2031,132.2606
2031,132.2565
2032,132.2522
2032,132.2477
2032,132.2435
2032,132.2390
2032,132.2346
2032,132.2301
2032,132.2257
2032,132.2212
2032,132.2167
2032,132.2123
2032,132.2078
2032,132.2035
2033,132.1989
2033,132.1942
2033,132.1899
2033,132.1851
2033,132.1805
2033,132.1758
2033,132.1712
2033,132.1664
2033,132.1617
2033,132.1570
2033,132.1523
2033,132.1477
2034,132.1429
2034,132.1380
2034,132.1335
2034,132.1286
2034,132.1239
2034,132.1189
2034,132.1142
2034,132.1092
2034,132.1043
2034,132.0995
2034,132.0946
2034,132.0898
2035,132.0849
2035,132.0799
2035,132.0753
2035,132.0703
2035,132.0654
2035,132.0603
2035,132.0554
2035,132.0504
2035,132.0453
2035,132.0405
2035,132.0354
2035,132.0305
2036,132.0255
2036,132.0204
2036,132.0156
2036,132.0105
2036,132.0055
2036,132.0004
2036,131.9955
2036,131.9904
2036,131.9853
2036,131.9803
2036,131.9752
2036,131.9703
2037,131.9652
2037,131.9593
2037,131.9540
2037,131.9482
2037,131.9425
2037,131.9366
2037,131.9310
2037,131.9251
2037,131.9192
2037,131.9136
2037,131.9077
2037,131.9020
2038,131.8962
2039,131.7996
2040,131.6792
2041,131.5453
2042,131.4100
2043,131.2802
2044,131.1592
2045,131.0475
2046,130.9453
2047,130.8516
2048,130.7650
2049,130.6842
2050,130.6090
2051,130.5361
2052,130.4663
2053,130.3996
2054,130.3359
2055,130.2750
2056,130.2164
2057,130.1599
2058,130.1055
2059,130.0530
2060,130.0022
2061,129.9527
2062,129.9049
2063,129.8583
2064,129.8130
2065,129.7686
2066,129.7253
2067,129.6824
2068,129.6396
2069,129.5963
2070,129.5529
2071,129.5096
2072,129.4664
2073,129.4235
2074,129.3811
2075,129.3392
2076,129.2979
2077,129.2570
2078,129.2168
2079,129.1773
2080,129.1383
2081,129.0995
2082,129.0614
2083,129.0239
2084,128.9871
2085,128.9509
2086,128.9155
2087,128.8807
2088,128.8466
2089,128.8130
2090,128.7800
2091,128.7477
2092,128.7159
2093,128.6846
2094,128.6539
2095,128.6237
2096,128.5941
2097,128.5650
2098,128.5363
2099,128.5082
2100,128.4806
2135,127.7550
