Year,Elevation
2012,135.1264
2012,135.1152
2012,135.1048
2012,135.0936
2012,135.0828
2012,135.0716
2012,135.0608
2012,135.0496
2012,135.0385
2012,135.0276
2012,135.0165
2012,135.0057
2013,134.9945
2013,134.9844
2013,134.9753
2013,134.9653
2013,134.9555
2013,134.9455
2013,134.9357
2013,134.9257
2013,134.9156
2013,134.9059
2013,134.8958
2013,134.8860
2014,134.8760
2014,134.8674
2014,134.8596
2014,134.8511
2014,134.8428
2014,134.8342
2014,134.8259
2014,134.8173
2014,134.8087
2014,134.8004
2014,134.7918
2014,134.7835
2015,134.7749
2015,134.7667
2015,134.7593
2015,134.7510
2015,134.7431
2015,134.7348
2015,134.7269
2015,134.7186
2015,134.7104
2015,134.7025
2015,134.6942
2015,134.6863
2016,134.6780
2016,134.6697
2016,134.6619
2016,134.6536
2016,134.6456
2016,134.6373
2016,134.6292
2016,134.6209
2016,134.6126
2016,134.6045
2016,134.5962
2016,134.5881
2017,134.5798
2017,134.5726
2017,134.5660
2017,134.5587
2017,134.5517
2017,134.5445
2017,134.5374
2017,134.5302
2017,134.5229
2017,134.5159
2017,134.5087
2017,134.5016
2018,134.4944
2018,134.4872
2018,134.4808
2018,134.4736
2018,134.4667
2018,134.4596
2018,134.4527
2018,134.4455
2018,134.4384
2018,134.4315
2018,134.4243
2018,134.4174
2019,134.4115
2019,134.4038
2019,134.3968
2019,134.3891
2019,134.3816
2019,134.3739
2019,134.3665
2019,134.3587
2019,134.3510
2019,134.3436
2019,134.3359
2019,134.3284
2020,134.3207
2020,134.3127
2020,134.3053
2020,134.2973
2020,134.2896
2020,134.2816
2020,134.2739
2020,134.2659
2020,134.2580
2020,134.2503
2020,134.2423
2020,134.2346
2021,134.2266
2021,134.2182
2021,134.2105
2021,134.2021
2021,134.1939
2021,134.1855
2021,134.1773
2021,134.1689
2021,134.1604
2021,134.1523
2021,134.1438
2021,134.1357
2022,134.1272
2022,134.1184
2022,134.1105
2022,134.1017
2022,134.0932
2022,134.0845
2022,134.0760
2022,134.0672
2022,134.0584
2022,134.0499
2022,134.0411
2022,134.0327
2023,134.0239
2023,134.0149
2023,134.0068
2023,133.9978
2023,133.9891
2023,133.9801
2023,133.9714
2023,133.9624
2023,133.9534
2023,133.9447
2023,133.9357
2023,133.9270
2024,133.9181
2024,133.9098
2024,133.9022
2024,133.8940
2024,133.8860
2024,133.8778
2024,133.8699
2024,133.8617
2024,133.8535
2024,133.8456
2024,133.8374
2024,133.8294
2025,133.8213
2025,133.8151
2025,133.8095
2025,133.8033
2025,133.7973
2025,133.7911
2025,133.7851
2025,133.7789
2025,133.7728
2025,133.7668
2025,133.7606
2025,133.7546
2026,133.7484
2026,133.7446
2026,133.7412
2026,133.7375
2026,133.7338
2026,133.7301
2026,133.7264
2026,133.7227
2026,133.7189
2026,133.7153
2026,133.7115
2026,133.7079
2027,133.7041
2027,133.7031
2027,133.7022
2027,133.7012
2027,133.7002
2027,133.6992
2027,133.6983
2027,133.6973
2027,133.6963
2027,133.6953
2027,133.6943
2027,133.6933
2028,133.6924
2028,133.6927
2028,133.6930
2028,133.6933
2028,133.6936
2028,133.6940
2028,133.6943
2028,133.6946
2028,133.6949
2028,133.6953
2028,133.6956
2028,133.6959
2029,133.6962
2029,133.6958
2029,133.6955
2029,133.6951
2029,133.6947
2029,133.6943
2029,133.6940
2029,133.6936
2029,133.6932
2029,133.6928
2029,133.6924
2029,133.6920
2030,133.6916
2030,133.6903
2030,133.6891
2030,133.6877
2030,133.6864
2030,133.6851
2030,133.6838
2030,133.6824
2030,133.6811
2030,133.6798
2030,133.6784
2030,133.6771
2031,133.6758
2031,133.6736
2031,133.6716
2031,133.6695
2031,133.6674
2031,133.6652
2031,133.6631
2031,133.6609
2031,133.6588
2031,133.6567
2031,133.6545
2031,133.6524
2032,133.6502
2032,133.6475
2032,133.6449
2032,133.6421
2032,133.6394
2032,133.6367
2032,133.6340
2032,133.6312
2032,133.6284
2032,133.6258
2032,133.6230
2032,133.6203
2033,133.6176
2033,133.6144
2033,133.6115
2033,133.6084
2033,133.6053
2033,133.6022
2033,133.5991
2033,133.5959
2033,133.5928
2033,133.5897
2033,133.5865
2033,133.5835
2034,133.5803
2034,133.5769
2034,133.5738
2034,133.5704
2034,133.5671
2034,133.5637
2034,133.5604
2034,133.5570
2034,133.5536
2034,133.5503
2034,133.5469
2034,133.5435
2035,133.5401
2035,133.5366
2035,133.5333
2035,133.5298
2035,133.5263
2035,133.5227
2035,133.5193
2035,133.5157
2035,133.5121
2035,133.5087
2035,133.5051
2035,133.5016
2036,133.4980
2036,133.4944
2036,133.4911
2036,133.4875
2036,133.4840
2036,133.4804
2036,133.4769
2036,133.4733
2036,133.4697
2036,133.4662
2036,133.4626
2036,133.4591
2037,133.4555
2037,133.4502
2037,133.4455
2037,133.4402
2037,133.4351
2037,133.4298
2037,133.4247
2037,133.4194
2037,133.4142
2037,133.4091
2037,133.4038
2037,133.3987
2038,133.3934
2039,133.2649
2040,133.0878
2041,132.8910
2042,132.6991
2043,132.5234
2044,132.3670
2045,132.2279
2046,132.1041
2047,131.9923
2048,131.8899
2049,131.7948
2050,131.7062
2051,131.6138
2052,131.5263
2053,131.4440
2054,131.3664
2055,131.2924
2056,131.2215
2057,131.1530
2058,131.0871
2059,131.0234
2060,130.9616
2061,130.9014
2062,130.8430
2063,130.7861
2064,130.7305
2065,130.6760
2066,130.6228
2067,130.5702
2068,130.5174
2069,130.4643
2070,130.4112
2071,130.3585
2072,130.3062
2073,130.2544
2074,130.2035
2075,130.1533
2076,130.1039
2077,130.0552
2078,130.0073
2079,129.9601
2080,129.9137
2081,129.8667
2082,129.8208
2083,129.7761
2084,129.7324
2085,129.6895
2086,129.6478
2087,129.6068
2088,129.5667
2089,129.5272
2090,129.4886
2091,129.4507
2092,129.4134
2093,129.3768
2094,129.3408
2095,129.3055
2096,129.2709
2097,129.2367
2098,129.2032
2099,129.1703
2100,129.1379
2135,128.3015
