Year,Elevation
2012,136.0851
2012,136.0734
2012,136.0624
2012,136.0508
2012,136.0394
2012,136.0278
2012,136.0164
2012,136.0048
2012,135.9931
2012,135.9818
2012,135.9701
2012,135.9588
2013,135.9471
2013,135.9387
2013,135.9310
2013,135.9226
2013,135.9144
2013,135.9060
2013,135.8978
2013,135.8894
2013,135.8810
2013,135.8728
2013,135.8643
2013,135.8562
2014,135.8477
2014,135.8412
2014,135.8353
2014,135.8287
2014,135.8223
2014,135.8158
2014,135.8094
2014,135.8029
2014,135.7963
2014,135.7899
2014,135.7834
2014,135.7770
2015,135.7705
2015,135.7636
2015,135.7574
2015,135.7505
2015,135.7438
2015,135.7369
2015,135.7302
2015,135.7233
2015,135.7164
2015,135.7098
2015,135.7029
2015,135.6962
2016,135.6893
2016,135.6812
2016,135.6736
2016,135.6654
2016,135.6575
2016,135.6494
2016,135.6415
2016,135.6333
2016,135.6252
2016,135.6173
2016,135.6091
2016,135.6013
2017,135.5931
2017,135.5870
2017,135.5814
2017,135.5753
2017,135.5694
2017,135.5632
2017,135.5573
2017,135.5512
2017,135.5450
2017,135.5391
2017,135.5330
2017,135.5271
2018,135.5209
2018,135.5153
2018,135.5103
2018,135.5047
2018,135.4993
2018,135.4937
2018,135.4883
2018,135.4828
2018,135.4772
2018,135.4718
2018,135.4662
2018,135.4608
2019,135.4556
2019,135.4486
2019,135.4423
2019,135.4353
2019,135.4285
2019,135.4215
2019,135.4147
2019,135.4077
2019,135.4006
2019,135.3938
2019,135.3868
2019,135.3800
2020,135.3730
2020,135.3653
2020,135.3580
2020,135.3503
2020,135.3428
2020,135.3351
2020,135.3276
2020,135.3198
2020,135.3121
2020,135.3046
2020,135.2968
2020,135.2894
2021,135.2816
2021,135.2728
2021,135.2648
2021,135.2560
2021,135.2475
2021,135.2386
2021,135.2301
2021,135.2213
2021,135.2124
2021,135.2039
2021,135.1951
2021,135.1865
2022,135.1777
2022,135.1683
2022,135.1598
2022,135.1503
2022,135.1412
2022,135.1318
2022,135.1227
2022,135.1132
2022,135.1038
2022,135.0947
2022,135.0852
2022,135.0761
2023,135.0667
2023,135.0571
2023,135.0484
2023,135.0388
2023,135.0295
2023,135.0199
2023,135.0106
2023,135.0010
2023,134.9914
2023,134.9821
2023,134.9725
2023,134.9633
2024,134.9537
2024,134.9460
2024,134.9389
2024,134.9313
2024,134.9239
2024,134.9163
2024,134.9089
2024,134.9013
2024,134.8936
2024,134.8863
2024,134.8786
2024,134.8713
2025,134.8637
2025,134.8590
2025,134.8548
2025,134.8501
2025,134.8456
2025,134.8409
2025,134.8364
2025,134.8318
2025,134.8271
2025,134.8226
2025,134.8179
2025,134.8134
2026,134.8087
2026,134.8065
2026,134.8045
2026,134.8023
2026,134.8002
2026,134.7980
2026,134.7959
2026,134.7937
2026,134.7915
2026,134.7894
2026,134.7872
2026,134.7850
2027,134.7829
2027,134.7836
2027,134.7844
2027,134.7852
2027,134.7860
2027,134.7868
2027,134.7876
2027,134.7884
2027,134.7892
2027,134.7900
2027,134.7908
2027,134.7916
2028,134.7924
2028,134.7941
2028,134.7956
2028,134.7973
2028,134.7990
2028,134.8006
2028,134.8023
2028,134.8039
2028,134.8056
2028,134.8073
2028,134.8089
2028,134.8106
2029,134.8122
2029,134.8115
2029,134.8109
2029,134.8102
2029,134.8095
2029,134.8088
2029,134.8081
2029,134.8074
2029,134.8067
2029,134.8060
2029,134.8053
2029,134.8046
2030,134.8039
2030,134.8010
2030,134.7984
2030,134.7955
2030,134.7927
2030,134.7897
2030,134.7869
2030,134.7840
2030,134.7811
2030,134.7783
2030,134.7754
2030,134.7726
2031,134.7697
2031,134.7652
2031,134.7612
2031,134.7567
2031,134.7524
2031,134.7479
2031,134.7436
2031,134.7391
2031,134.7346
2031,134.7303
2031,134.7258
2031,134.7215
2032,134.7170
2032,134.7116
2032,134.7065
2032,134.7011
2032,134.6958
2032,134.6904
2032,134.6851
2032,134.6797
2032,134.6743
2032,134.6690
2032,134.6636
2032,134.6583
2033,134.6529
2033,134.6469
2033,134.6415
2033,134.6356
2033,134.6298
2033,134.6238
2033,134.6180
2033,134.6121
2033,134.6061
2033,134.6003
2033,134.5943
2033,134.5886
2034,134.5826
2034,134.5761
2034,134.5702
2034,134.5637
2034,134.5574
2034,134.5509
2034,134.5446
2034,134.5381
2034,134.5316
2034,134.5253
2034,134.5187
2034,134.5124
2035,134.5059
2035,134.4994
2035,134.4935
2035,134.4869
2035,134.4805
2035,134.4740
2035,134.4677
2035,134.4611
2035,134.4545
2035,134.4482
2035,134.4416
2035,134.4353
2036,134.4287
2036,134.4222
2036,134.4160
2036,134.4095
2036,134.4031
2036,134.3965
2036,134.3902
2036,134.3836
2036,134.3770
2036,134.3707
2036,134.3641
2036,134.3578
2037,134.3512
2037,134.3414
2037,134.3325
2037,134.3227
2037,134.3132
2037,134.3034
2037,134.2939
2037,134.2841
2037,134.2743
2037,134.2648
2037,134.2550
2037,134.2455
2038,134.2357
2039,133.9861
2040,133.6725
2041,133.3689
2042,133.1097
2043,132.8976
2044,132.7250
2045,132.5819
2046,132.4607
2047,132.3550
2048,132.2605
2049,132.1740
2050,132.0941
2051,131.9692
2052,131.8801
2053,131.8018
2054,131.7293
2055,131.6605
2056,131.5947
2057,131.5311
2058,131.4698
2059,131.4103
2060,131.3524
2061,131.2957
2062,131.2404
2063,131.1861
2064,131.1328
2065,131.0802
2066,131.0285
2067,130.9765
2068,130.9236
2069,130.8695
2070,130.8152
2071,130.7612
2072,130.7076
2073,130.6546
2074,130.6024
2075,130.5509
2076,130.5002
2077,130.4501
2078,130.4008
2079,130.3521
2080,130.3041
2081,130.2501
2082,130.2017
2083,130.1555
2084,130.1108
2085,130.0671
2086,130.0244
2087,129.9826
2088,129.9416
2089,129.9012
2090,129.8616
2091,129.8228
2092,129.7845
2093,129.7469
2094,129.7099
2095,129.6735
2096,129.6377
2097,129.6024
2098,129.5678
2099,129.5338
2100,129.5002
2135,128.6343
