Year,Elevation
2012,136.7581
2012,136.7431
2012,136.7291
2012,136.7142
2012,136.6997
2012,136.6848
2012,136.6703
2012,136.6553
2012,136.6404
2012,136.6259
2012,136.6110
2012,136.5965
2013,136.5815
2013,136.5738
2013,136.5667
2013,136.5590
2013,136.5515
2013,136.5437
2013,136.5362
2013,136.5284
2013,136.5206
2013,136.5131
2013,136.5053
2013,136.4978
2014,136.4900
2014,136.4844
2014,136.4794
2014,136.4737
2014,136.4683
2014,136.4627
2014,136.4573
2014,136.4517
2014,136.4461
2014,136.4406
2014,136.4350
2014,136.4296
2015,136.4240
2015,136.4177
2015,136.4119
2015,136.4056
2015,136.3995
2015,136.3931
2015,136.3870
2015,136.3806
2015,136.3743
2015,136.3682
2015,136.3618
2015,136.3557
2016,136.3493
2016,136.3398
2016,136.3309
2016,136.3213
2016,136.3121
2016,136.3026
2016,136.2933
2016,136.2838
2016,136.2742
2016,136.2650
2016,136.2555
2016,136.2462
2017,136.2367
2017,136.2317
2017,136.2271
2017,136.2221
2017,136.2172
2017,136.2122
2017,136.2073
2017,136.2023
2017,136.1973
2017,136.1924
2017,136.1874
2017,136.1825
2018,136.1775
2018,136.1742
2018,136.1712
2018,136.1679
2018,136.1647
2018,136.1615
2018,136.1583
2018,136.1550
2018,136.1517
2018,136.1485
2018,136.1452
2018,136.1420
2019,136.1421
2019,136.1359
2019,136.1303
2019,136.1240
2019,136.1180
2019,136.1118
2019,136.1058
2019,136.0995
2019,136.0933
2019,136.0873
2019,136.0811
2019,136.0750
2020,136.0688
2020,136.0616
2020,136.0548
2020,136.0475
2020,136.0405
2020,136.0332
2020,136.0262
2020,136.0189
2020,136.0116
2020,136.0046
2020,135.9973
2020,135.9903
2021,135.9830
2021,135.9738
2021,135.9656
2021,135.9564
2021,135.9475
2021,135.9384
2021,135.9295
2021,135.9203
2021,135.9111
2021,135.9023
2021,135.8931
2021,135.8842
2022,135.8751
2022,135.8650
2022,135.8559
2022,135.8457
2022,135.8360
2022,135.8259
2022,135.8161
2022,135.8060
2022,135.7959
2022,135.7861
2022,135.7760
2022,135.7662
2023,135.7561
2023,135.7463
2023,135.7374
2023,135.7276
2023,135.7181
2023,135.7083
2023,135.6988
2023,135.6890
2023,135.6792
2023,135.6697
2023,135.6599
2023,135.6504
2024,135.6406
2024,135.6353
2024,135.6304
2024,135.6252
2024,135.6201
2024,135.6148
2024,135.6097
2024,135.6045
2024,135.5993
2024,135.5942
2024,135.5889
2024,135.5838
2025,135.5786
2025,135.5773
2025,135.5761
2025,135.5747
2025,135.5734
2025,135.5721
2025,135.5708
2025,135.5694
2025,135.5681
2025,135.5668
2025,135.5655
2025,135.5642
2026,135.5628
2026,135.5645
2026,135.5661
2026,135.5678
2026,135.5695
2026,135.5712
2026,135.5729
2026,135.5746
2026,135.5764
2026,135.5780
2026,135.5798
2026,135.5815
2027,135.5832
2027,135.5878
2027,135.5920
2027,135.5966
2027,135.6011
2027,135.6057
2027,135.6102
2027,135.6148
2027,135.6195
2027,135.6240
2027,135.6286
2027,135.6331
2028,135.6377
2028,135.6434
2028,135.6487
2028,135.6544
2028,135.6600
2028,135.6657
2028,135.6712
2028,135.6769
2028,135.6826
2028,135.6881
2028,135.6938
2028,135.6994
2029,135.7050
2029,135.7061
2029,135.7071
2029,135.7082
2029,135.7092
2029,135.7103
2029,135.7113
2029,135.7124
2029,135.7135
2029,135.7146
2029,135.7157
2029,135.7167
2030,135.7178
2030,135.7159
2030,135.7142
2030,135.7124
2030,135.7105
2030,135.7087
2030,135.7069
2030,135.7050
2030,135.7031
2030,135.7013
2030,135.6995
2030,135.6976
2031,135.6958
2031,135.6923
2031,135.6892
2031,135.6857
2031,135.6823
2031,135.6788
2031,135.6754
2031,135.6720
2031,135.6685
2031,135.6651
2031,135.6616
2031,135.6582
2032,135.6548
2032,135.6504
2032,135.6464
2032,135.6420
2032,135.6379
2032,135.6335
2032,135.6293
2032,135.6250
2032,135.6207
2032,135.6165
2032,135.6122
2032,135.6080
2033,135.6036
2033,135.5989
2033,135.5946
2033,135.5898
2033,135.5852
2033,135.5805
2033,135.5759
2033,135.5711
2033,135.5664
2033,135.5618
2033,135.5570
2033,135.5524
2034,135.5477
2034,135.5427
2034,135.5383
2034,135.5333
2034,135.5285
2034,135.5236
2034,135.5188
2034,135.5139
2034,135.5089
2034,135.5042
2034,135.4992
2034,135.4944
2035,135.4895
2035,135.4845
2035,135.4799
2035,135.4749
2035,135.4700
2035,135.4650
2035,135.4601
2035,135.4551
2035,135.4501
2035,135.4452
2035,135.4402
2035,135.4353
2036,135.4303
2036,135.4253
2036,135.4207
2036,135.4158
2036,135.4111
2036,135.4062
2036,135.4014
2036,135.3965
2036,135.3916
2036,135.3868
2036,135.3819
2036,135.3772
2037,135.3722
2037,135.3611
2037,135.3510
2037,135.3399
2037,135.3291
2037,135.3180
2037,135.3072
2037,135.2961
2037,135.2849
2037,135.2741
2037,135.2630
2037,135.2522
2038,135.2411
2039,134.8701
2040,134.4503
2041,134.0862
2042,133.7997
2043,133.5771
2044,133.3999
2045,133.2535
2046,133.1292
2047,133.0198
2048,132.9209
2049,132.8295
2050,132.7445
2051,132.6564
2052,132.5705
2053,132.4889
2054,132.4114
2055,132.3371
2056,132.2654
2057,132.1959
2058,132.1285
2059,132.0629
2060,131.9987
2061,131.9357
2062,131.8739
2063,131.8130
2064,131.7531
2065,131.6937
2066,131.6353
2067,131.5764
2068,131.5163
2069,131.4550
2070,131.3939
2071,131.3330
2072,131.2727
2073,131.2131
2074,131.1545
2075,131.0967
2076,131.0397
2077,130.9835
2078,130.9281
2079,130.8735
2080,130.8196
2081,130.7625
2082,130.7090
2083,130.6574
2084,130.6073
2085,130.5581
2086,130.5101
2087,130.4631
2088,130.4169
2089,130.3714
2090,130.3270
2091,130.2832
2092,130.2402
2093,130.1979
2094,130.1563
2095,130.1155
2096,130.0753
2097,130.0356
2098,129.9967
2099,129.9585
2100,129.9208
2135,128.9660
