Year,Elevation
2012,137.2296
2012,137.2123
2012,137.1962
2012,137.1789
2012,137.1622
2012,137.1449
2012,137.1282
2012,137.1109
2012,137.0936
2012,137.0769
2012,137.0597
2012,137.0430
2013,137.0257
2013,137.0173
2013,137.0098
2013,137.0015
2013,136.9934
2013,136.9851
2013,136.9771
2013,136.9687
2013,136.9604
2013,136.9523
2013,136.9440
2013,136.9360
2014,136.9276
2014,136.9202
2014,136.9134
2014,136.9060
2014,136.8988
2014,136.8913
2014,136.8841
2014,136.8766
2014,136.8692
2014,136.8620
2014,136.8545
2014,136.8473
2015,136.8398
2015,136.8331
2015,136.8271
2015,136.8204
2015,136.8139
2015,136.8071
2015,136.8006
2015,136.7939
2015,136.7872
2015,136.7807
2015,136.7740
2015,136.7675
2016,136.7608
2016,136.7489
2016,136.7377
2016,136.7258
2016,136.7143
2016,136.7024
2016,136.6908
2016,136.6789
2016,136.6670
2016,136.6555
2016,136.6436
2016,136.6320
2017,136.6201
2017,136.6154
2017,136.6112
2017,136.6066
2017,136.6021
2017,136.5974
2017,136.5929
2017,136.5883
2017,136.5836
2017,136.5791
2017,136.5744
2017,136.5699
2018,136.5653
2018,136.5641
2018,136.5630
2018,136.5618
2018,136.5606
2018,136.5594
2018,136.5582
2018,136.5569
2018,136.5557
2018,136.5546
2018,136.5533
2018,136.5522
2019,136.5664
2019,136.5616
2019,136.5572
2019,136.5523
2019,136.5476
2019,136.5427
2019,136.5379
2019,136.5331
2019,136.5282
2019,136.5235
2019,136.5186
2019,136.5139
2020,136.5090
2020,136.5029
2020,136.4971
2020,136.4910
2020,136.4850
2020,136.4788
2020,136.4729
2020,136.4667
2020,136.4606
2020,136.4546
2020,136.4485
2020,136.4425
2021,136.4363
2021,136.4277
2021,136.4200
2021,136.4114
2021,136.4031
2021,136.3945
2021,136.3862
2021,136.3776
2021,136.3690
2021,136.3607
2021,136.3521
2021,136.3438
2022,136.3353
2022,136.3251
2022,136.3160
2022,136.3058
2022,136.2961
2022,136.2859
2022,136.2761
2022,136.2660
2022,136.2559
2022,136.2461
2022,136.2359
2022,136.2262
2023,136.2160
2023,136.2068
2023,136.1985
2023,136.1892
2023,136.1803
2023,136.1711
2023,136.1621
2023,136.1529
2023,136.1437
2023,136.1347
2023,136.1255
2023,136.1166
2024,136.1073
2024,136.1038
2024,136.1005
2024,136.0970
2024,136.0937
2024,136.0902
2024,136.0868
2024,136.0833
2024,136.0799
2024,136.0765
2024,136.0730
2024,136.0697
2025,136.0662
2025,136.0653
2025,136.0645
2025,136.0637
2025,136.0628
2025,136.0619
2025,136.0611
2025,136.0602
2025,136.0593
2025,136.0585
2025,136.0576
2025,136.0567
2026,136.0559
2026,136.0553
2026,136.0547
2026,136.0541
2026,136.0535
2026,136.0529
2026,136.0524
2026,136.0517
2026,136.0511
2026,136.0506
2026,136.0499
2026,136.0494
2027,136.0488
2027,136.0488
2027,136.0489
2027,136.0490
2027,136.0491
2027,136.0492
2027,136.0493
2027,136.0494
2027,136.0495
2027,136.0495
2027,136.0496
2027,136.0497
2028,136.0498
2028,136.0509
2028,136.0520
2028,136.0531
2028,136.0542
2028,136.0553
2028,136.0564
2028,136.0575
2028,136.0586
2028,136.0597
2028,136.0608
2028,136.0619
2029,136.0630
2029,136.0599
2029,136.0571
2029,136.0539
2029,136.0509
2029,136.0478
2029,136.0448
2029,136.0416
2029,136.0385
2029,136.0355
2029,136.0323
2029,136.0293
2030,136.0262
2030,136.0205
2030,136.0154
2030,136.0097
2030,136.0042
2030,135.9985
2030,135.9930
2030,135.9873
2030,135.9816
2030,135.9761
2030,135.9704
2030,135.9649
2031,135.9592
2031,135.9522
2031,135.9459
2031,135.9390
2031,135.9322
2031,135.9253
2031,135.9185
2031,135.9115
2031,135.9046
2031,135.8978
2031,135.8909
2031,135.8841
2032,135.8772
2032,135.8697
2032,135.8626
2032,135.8551
2032,135.8479
2032,135.8403
2032,135.8331
2032,135.8256
2032,135.8181
2032,135.8108
2032,135.8033
2032,135.7960
2033,135.7885
2033,135.7807
2033,135.7737
2033,135.7659
2033,135.7584
2033,135.7506
2033,135.7431
2033,135.7353
2033,135.7275
2033,135.7200
2033,135.7122
2033,135.7047
2034,135.6969
2034,135.6890
2034,135.6819
2034,135.6740
2034,135.6664
2034,135.6585
2034,135.6508
2034,135.6430
2034,135.6351
2034,135.6274
2034,135.6196
2034,135.6119
2035,135.6040
2035,135.5962
2035,135.5891
2035,135.5812
2035,135.5736
2035,135.5657
2035,135.5581
2035,135.5502
2035,135.5423
2035,135.5347
2035,135.5268
2035,135.5192
2036,135.5114
2036,135.5036
2036,135.4963
2036,135.4885
2036,135.4810
2036,135.4733
2036,135.4657
2036,135.4580
2036,135.4502
2036,135.4427
2036,135.4349
2036,135.4274
2037,135.4195
2037,135.4043
2037,135.3905
2037,135.3752
2037,135.3604
2037,135.3452
2037,135.3304
2037,135.3151
2037,135.2998
2037,135.2850
2037,135.2698
2037,135.2550
2038,135.2397
2039,134.7701
2040,134.3198
2041,133.9728
2042,133.7181
2043,133.5261
2044,133.3747
2045,133.2494
2046,133.1420
2047,133.0466
2048,132.9599
2049,132.8795
2050,132.8045
2051,132.7310
2052,132.6584
2053,132.5880
2054,132.5205
2055,132.4554
2056,132.3924
2057,132.3311
2058,132.2717
2059,132.2135
2060,132.1566
2061,132.1004
2062,132.0452
2063,131.9906
2064,131.9366
2065,131.8829
2066,131.8299
2067,131.7765
2068,131.7220
2069,131.6665
2070,131.6110
2071,131.5554
2072,131.5002
2073,131.4453
2074,131.3911
2075,131.3374
2076,131.2843
2077,131.2318
2078,131.1799
2079,131.1285
2080,131.0778
2081,131.0265
2082,130.9764
2083,130.9274
2084,130.8793
2085,130.8321
2086,130.7857
2087,130.7402
2088,130.6954
2089,130.6512
2090,130.6078
2091,130.5652
2092,130.5232
2093,130.4818
2094,130.4410
2095,130.4010
2096,130.3615
2097,130.3225
2098,130.2842
2099,130.2465
2100,130.2093
2135,129.2624
