Year,Elevation
2012,137.3124
2012,137.2929
2012,137.2747
2012,137.2552
2012,137.2363
2012,137.2168
2012,137.1979
2012,137.1784
2012,137.1589
2012,137.1401
2012,137.1206
2012,137.1017
2013,137.0822
2013,137.0712
2013,137.0613
2013,137.0503
2013,137.0397
2013,137.0287
2013,137.0181
2013,137.0071
2013,136.9961
2013,136.9855
2013,136.9745
2013,136.9639
2014,136.9529
2014,136.9412
2014,136.9307
2014,136.9190
2014,136.9077
2014,136.8960
2014,136.8848
2014,136.8731
2014,136.8614
2014,136.8501
2014,136.8385
2014,136.8272
2015,136.8155
2015,136.8056
2015,136.7966
2015,136.7867
2015,136.7771
2015,136.7672
2015,136.7576
2015,136.7477
2015,136.7378
2015,136.7282
2015,136.7183
2015,136.7087
2016,136.6988
2016,136.6847
2016,136.6714
2016,136.6572
2016,136.6435
2016,136.6293
2016,136.6156
2016,136.6014
2016,136.5873
2016,136.5735
2016,136.5594
2016,136.5457
2017,136.5315
2017,136.5252
2017,136.5195
2017,136.5133
2017,136.5072
2017,136.5010
2017,136.4949
2017,136.4886
2017,136.4824
2017,136.4763
2017,136.4700
2017,136.4640
2018,136.4577
2018,136.4561
2018,136.4548
2018,136.4532
2018,136.4517
2018,136.4501
2018,136.4486
2018,136.4471
2018,136.4455
2018,136.4440
2018,136.4425
2018,136.4410
2019,136.4882
2019,136.4857
2019,136.4834
2019,136.4809
2019,136.4785
2019,136.4759
2019,136.4735
2019,136.4710
2019,136.4685
2019,136.4660
2019,136.4635
2019,136.4611
2020,136.4585
2020,136.4545
2020,136.4506
2020,136.4465
2020,136.4426
2020,136.4384
2020,136.4345
2020,136.4304
2020,136.4263
2020,136.4223
2020,136.4182
2020,136.4142
2021,136.4101
2021,136.4036
2021,136.3978
2021,136.3913
2021,136.3850
2021,136.3785
2021,136.3723
2021,136.3658
2021,136.3593
2021,136.3530
2021,136.3465
2021,136.3402
2022,136.3338
2022,136.3245
2022,136.3161
2022,136.3068
2022,136.2978
2022,136.2885
2022,136.2795
2022,136.2702
2022,136.2609
2022,136.2519
2022,136.2426
2022,136.2336
2023,136.2243
2023,136.2157
2023,136.2080
2023,136.1994
2023,136.1911
2023,136.1826
2023,136.1743
2023,136.1658
2023,136.1572
2023,136.1489
2023,136.1404
2023,136.1321
2024,136.1235
2024,136.1199
2024,136.1165
2024,136.1130
2024,136.1095
2024,136.1060
2024,136.1025
2024,136.0990
2024,136.0954
2024,136.0919
2024,136.0884
2024,136.0849
2025,136.0814
2025,136.0811
2025,136.0808
2025,136.0805
2025,136.0801
2025,136.0798
2025,136.0795
2025,136.0792
2025,136.0789
2025,136.0785
2025,136.0782
2025,136.0779
2026,136.0776
2026,136.0757
2026,136.0739
2026,136.0720
2026,136.0702
2026,136.0683
2026,136.0664
2026,136.0645
2026,136.0626
2026,136.0607
2026,136.0588
2026,136.0569
2027,136.0550
2027,136.0524
2027,136.0499
2027,136.0472
2027,136.0446
2027,136.0419
2027,136.0393
2027,136.0366
2027,136.0339
2027,136.0313
2027,136.0286
2027,136.0260
2028,136.0233
2028,136.0210
2028,136.0188
2028,136.0164
2028,136.0142
2028,136.0118
2028,136.0096
2028,136.0072
2028,136.0049
2028,136.0026
2028,136.0003
2028,135.9980
2029,135.9956
2029,135.9905
2029,135.9858
2029,135.9807
2029,135.9757
2029,135.9706
2029,135.9656
2029,135.9605
2029,135.9553
2029,135.9504
2029,135.9452
2029,135.9403
2030,135.9351
2030,135.9284
2030,135.9223
2030,135.9156
2030,135.9091
2030,135.9023
2030,135.8958
2030,135.8891
2030,135.8823
2030,135.8758
2030,135.8691
2030,135.8626
2031,135.8559
2031,135.8484
2031,135.8416
2031,135.8341
2031,135.8269
2031,135.8194
2031,135.8121
2031,135.8046
2031,135.7971
2031,135.7899
2031,135.7824
2031,135.7752
2032,135.7677
2032,135.7599
2032,135.7526
2032,135.7448
2032,135.7373
2032,135.7295
2032,135.7220
2032,135.7142
2032,135.7064
2032,135.6988
2032,135.6910
2032,135.6835
2033,135.6757
2033,135.6678
2033,135.6606
2033,135.6526
2033,135.6449
2033,135.6369
2033,135.6292
2033,135.6213
2033,135.6133
2033,135.6056
2033,135.5977
2033,135.5900
2034,135.5820
2034,135.5740
2034,135.5668
2034,135.5588
2034,135.5510
2034,135.5430
2034,135.5353
2034,135.5273
2034,135.5193
2034,135.5115
2034,135.5035
2034,135.4958
2035,135.4877
2035,135.4798
2035,135.4726
2035,135.4646
2035,135.4569
2035,135.4489
2035,135.4412
2035,135.4332
2035,135.4252
2035,135.4175
2035,135.4095
2035,135.4018
2036,135.3938
2036,135.3859
2036,135.3785
2036,135.3707
2036,135.3630
2036,135.3551
2036,135.3475
2036,135.3396
2036,135.3317
2036,135.3241
2036,135.3162
2036,135.3085
2037,135.3006
2037,135.2858
2037,135.2725
2037,135.2577
2037,135.2434
2037,135.2286
2037,135.2143
2037,135.1995
2037,135.1848
2037,135.1704
2037,135.1557
2037,135.1414
2038,135.1266
2039,134.6943
2040,134.3187
2041,134.0387
2042,133.8295
2043,133.6651
2044,133.5294
2045,133.4127
2046,133.3100
2047,133.2173
2048,133.1322
2049,133.0530
2050,132.9789
2051,132.9058
2052,132.8354
2053,132.7676
2054,132.7024
2055,132.6393
2056,132.5783
2057,132.5188
2058,132.4609
2059,132.4043
2060,132.3488
2061,132.2941
2062,132.2403
2063,132.1872
2064,132.1346
2065,132.0825
2066,132.0309
2067,131.9794
2068,131.9275
2069,131.8750
2070,131.8224
2071,131.7697
2072,131.7171
2073,131.6647
2074,131.6126
2075,131.5609
2076,131.5095
2077,131.4586
2078,131.4082
2079,131.3582
2080,131.3088
2081,131.2593
2082,131.2105
2083,131.1625
2084,131.1152
2085,131.0685
2086,131.0226
2087,130.9775
2088,130.9330
2089,130.8890
2090,130.8459
2091,130.8034
2092,130.7616
2093,130.7202
2094,130.6796
2095,130.6395
2096,130.6001
2097,130.5611
2098,130.5228
2099,130.4850
2100,130.4478
2135,129.4977
