Year,Elevation
2012,137.3162
2012,137.2968
2012,137.2787
2012,137.2593
2012,137.2406
2012,137.2212
2012,137.2025
2012,137.1831
2012,137.1638
2012,137.1450
2012,137.1257
2012,137.1069
2013,137.0876
2013,137.0743
2013,137.0623
2013,137.0490
2013,137.0361
2013,137.0228
2013,137.0100
2013,136.9967
2013,136.9834
2013,136.9705
2013,136.9572
2013,136.9444
2014,136.9311
2014,136.9176
2014,136.9054
2014,136.8919
2014,136.8788
2014,136.8654
2014,136.8523
2014,136.8388
2014,136.8253
2014,136.8122
2014,136.7987
2014,136.7857
2015,136.7722
2015,136.7602
2015,136.7495
2015,136.7375
2015,136.7259
2015,136.7140
2015,136.7024
2015,136.6905
2015,136.6785
2015,136.6670
2015,136.6550
2015,136.6434
2016,136.6315
2016,136.6168
2016,136.6031
2016,136.5884
2016,136.5742
2016,136.5595
2016,136.5453
2016,136.5307
2016,136.5160
2016,136.5018
2016,136.4871
2016,136.4729
2017,136.4582
2017,136.4499
2017,136.4423
2017,136.4339
2017,136.4258
2017,136.4174
2017,136.4094
2017,136.4010
2017,136.3926
2017,136.3845
2017,136.3761
2017,136.3680
2018,136.3597
2018,136.3560
2018,136.3527
2018,136.3491
2018,136.3456
2018,136.3419
2018,136.3384
2018,136.3347
2018,136.3311
2018,136.3275
2018,136.3239
2018,136.3203
2019,136.3898
2019,136.3893
2019,136.3889
2019,136.3884
2019,136.3879
2019,136.3875
2019,136.3870
2019,136.3865
2019,136.3860
2019,136.3855
2019,136.3851
2019,136.3846
2020,136.3841
2020,136.3815
2020,136.3790
2020,136.3764
2020,136.3738
2020,136.3712
2020,136.3686
2020,136.3660
2020,136.3633
2020,136.3607
2020,136.3581
2020,136.3555
2021,136.3529
2021,136.3477
2021,136.3430
2021,136.3379
2021,136.3329
2021,136.3277
2021,136.3227
2021,136.3175
2021,136.3123
2021,136.3073
2021,136.3021
2021,136.2971
2022,136.2920
2022,136.2837
2022,136.2762
2022,136.2679
2022,136.2598
2022,136.2515
2022,136.2435
2022,136.2352
2022,136.2269
2022,136.2188
2022,136.2105
2022,136.2025
2023,136.1942
2023,136.1860
2023,136.1786
2023,136.1704
2023,136.1625
2023,136.1543
2023,136.1463
2023,136.1382
2023,136.1300
2023,136.1220
2023,136.1138
2023,136.1059
2024,136.0977
2024,136.0933
2024,136.0892
2024,136.0849
2024,136.0807
2024,136.0763
2024,136.0721
2024,136.0677
2024,136.0634
2024,136.0592
2024,136.0548
2024,136.0506
2025,136.0463
2025,136.0455
2025,136.0448
2025,136.0440
2025,136.0433
2025,136.0425
2025,136.0418
2025,136.0410
2025,136.0402
2025,136.0395
2025,136.0387
2025,136.0380
2026,136.0372
2026,136.0356
2026,136.0342
2026,136.0326
2026,136.0311
2026,136.0295
2026,136.0280
2026,136.0264
2026,136.0248
2026,136.0233
2026,136.0217
2026,136.0201
2027,136.0186
2027,136.0165
2027,136.0146
2027,136.0125
2027,136.0105
2027,136.0084
2027,136.0064
2027,136.0043
2027,136.0023
2027,136.0003
2027,135.9982
2027,135.9962
2028,135.9941
2028,135.9923
2028,135.9906
2028,135.9888
2028,135.9870
2028,135.9852
2028,135.9835
2028,135.9817
2028,135.9799
2028,135.9781
2028,135.9763
2028,135.9746
2029,135.9728
2029,135.9689
2029,135.9653
2029,135.9614
2029,135.9576
2029,135.9537
2029,135.9499
2029,135.9460
2029,135.9421
2029,135.9383
2029,135.9344
2029,135.9306
2030,135.9267
2030,135.9216
2030,135.9169
2030,135.9118
2030,135.9068
2030,135.9017
2030,135.8967
2030,135.8916
2030,135.8865
2030,135.8815
2030,135.8764
2030,135.8714
2031,135.8663
2031,135.8605
2031,135.8554
2031,135.8497
2031,135.8441
2031,135.8384
2031,135.8329
2031,135.8272
2031,135.8215
2031,135.8159
2031,135.8102
2031,135.8047
2032,135.7990
2032,135.7930
2032,135.7874
2032,135.7814
2032,135.7756
2032,135.7697
2032,135.7639
2032,135.7579
2032,135.7519
2032,135.7462
2032,135.7402
2032,135.7344
2033,135.7284
2033,135.7224
2033,135.7169
2033,135.7108
2033,135.7049
2033,135.6989
2033,135.6930
2033,135.6869
2033,135.6808
2033,135.6750
2033,135.6689
2033,135.6630
2034,135.6569
2034,135.6509
2034,135.6454
2034,135.6393
2034,135.6335
2034,135.6274
2034,135.6215
2034,135.6155
2034,135.6094
2034,135.6035
2034,135.5975
2034,135.5916
2035,135.5855
2035,135.5795
2035,135.5741
2035,135.5681
2035,135.5623
2035,135.5562
2035,135.5504
2035,135.5444
2035,135.5384
2035,135.5326
2035,135.5266
2035,135.5208
2036,135.5147
2036,135.5089
2036,135.5033
2036,135.4975
2036,135.4918
2036,135.4859
2036,135.4802
2036,135.4743
2036,135.4684
2036,135.4627
2036,135.4568
2036,135.4511
2037,135.4452
2037,135.4338
2037,135.4235
2037,135.4121
2037,135.4010
2037,135.3896
2037,135.3786
2037,135.3672
2037,135.3558
2037,135.3447
2037,135.3333
2037,135.3223
2038,135.3109
2039,134.9692
2040,134.6544
2041,134.4064
2042,134.2117
2043,134.0523
2044,133.9165
2045,133.7969
2046,133.6898
2047,133.5920
2048,133.5014
2049,133.4165
2050,133.3366
2051,133.2581
2052,133.1824
2053,133.1093
2054,133.0388
2055,132.9705
2056,132.9040
2057,132.8392
2058,132.7760
2059,132.7142
2060,132.6537
2061,132.5940
2062,132.5354
2063,132.4776
2064,132.4205
2065,132.3640
2066,132.3083
2067,132.2528
2068,132.1973
2069,132.1415
2070,132.0858
2071,132.0301
2072,131.9745
2073,131.9191
2074,131.8641
2075,131.8095
2076,131.7553
2077,131.7016
2078,131.6484
2079,131.5957
2080,131.5436
2081,131.4916
2082,131.4403
2083,131.3898
2084,131.3401
2085,131.2910
2086,131.2427
2087,131.1953
2088,131.1485
2089,131.1024
2090,131.0572
2091,131.0126
2092,130.9687
2093,130.9254
2094,130.8829
2095,130.8410
2096,130.7998
2097,130.7590
2098,130.7189
2099,130.6795
2100,130.6407
2135,129.6548
