Year,Elevation
2012,137.1777
2012,137.1585
2012,137.1406
2012,137.1214
2012,137.1028
2012,137.0836
2012,137.0650
2012,137.0458
2012,137.0266
2012,137.0080
2012,136.9888
2012,136.9702
2013,136.9510
2013,136.9377
2013,136.9257
2013,136.9124
2013,136.8996
2013,136.8863
2013,136.8734
2013,136.8601
2013,136.8468
2013,136.8339
2013,136.8206
2013,136.8078
2014,136.7945
2014,136.7810
2014,136.7689
2014,136.7554
2014,136.7424
2014,136.7289
2014,136.7159
2014,136.7025
2014,136.6890
2014,136.6760
2014,136.6626
2014,136.6495
2015,136.6361
2015,136.6240
2015,136.6132
2015,136.6011
2015,136.5895
2015,136.5774
2015,136.5658
2015,136.5537
2015,136.5417
2015,136.5301
2015,136.5180
2015,136.5064
2016,136.4943
2016,136.4796
2016,136.4658
2016,136.4510
2016,136.4367
2016,136.4220
2016,136.4077
2016,136.3929
2016,136.3782
2016,136.3639
2016,136.3492
2016,136.3349
2017,136.3201
2017,136.3116
2017,136.3038
2017,136.2953
2017,136.2870
2017,136.2785
2017,136.2702
2017,136.2616
2017,136.2531
2017,136.2448
2017,136.2362
2017,136.2280
2018,136.2194
2018,136.2156
2018,136.2122
2018,136.2085
2018,136.2048
2018,136.2011
2018,136.1974
2018,136.1937
2018,136.1899
2018,136.1863
2018,136.1825
2018,136.1789
2019,136.2389
2019,136.2383
2019,136.2377
2019,136.2370
2019,136.2364
2019,136.2357
2019,136.2351
2019,136.2345
2019,136.2338
2019,136.2332
2019,136.2325
2019,136.2319
2020,136.2313
2020,136.2285
2020,136.2259
2020,136.2231
2020,136.2204
2020,136.2176
2020,136.2149
2020,136.2121
2020,136.2094
2020,136.2066
2020,136.2039
2020,136.2012
2021,136.1983
2021,136.1929
2021,136.1880
2021,136.1825
2021,136.1772
2021,136.1718
2021,136.1665
2021,136.1610
2021,136.1556
2021,136.1503
2021,136.1448
2021,136.1396
2022,136.1341
2022,136.1256
2022,136.1179
2022,136.1094
2022,136.1012
2022,136.0927
2022,136.0844
2022,136.0759
2022,136.0674
2022,136.0592
2022,136.0507
2022,136.0425
2023,136.0340
2023,136.0255
2023,136.0179
2023,136.0095
2023,136.0013
2023,135.9929
2023,135.9847
2023,135.9763
2023,135.9679
2023,135.9597
2023,135.9513
2023,135.9431
2024,135.9347
2024,135.9300
2024,135.9257
2024,135.9211
2024,135.9166
2024,135.9120
2024,135.9076
2024,135.9030
2024,135.8983
2024,135.8939
2024,135.8893
2024,135.8848
2025,135.8802
2025,135.8789
2025,135.8777
2025,135.8764
2025,135.8751
2025,135.8737
2025,135.8725
2025,135.8711
2025,135.8698
2025,135.8685
2025,135.8672
2025,135.8659
2026,135.8646
2026,135.8621
2026,135.8598
2026,135.8574
2026,135.8550
2026,135.8525
2026,135.8501
2026,135.8476
2026,135.8451
2026,135.8427
2026,135.8402
2026,135.8378
2027,135.8353
2027,135.8320
2027,135.8291
2027,135.8257
2027,135.8225
2027,135.8192
2027,135.8160
2027,135.8127
2027,135.8094
2027,135.8062
2027,135.8029
2027,135.7997
2028,135.7964
2028,135.7930
2028,135.7898
2028,135.7865
2028,135.7832
2028,135.7799
2028,135.7766
2028,135.7733
2028,135.7699
2028,135.7666
2028,135.7633
2028,135.7600
2029,135.7567
2029,135.7512
2029,135.7462
2029,135.7407
2029,135.7354
2029,135.7299
2029,135.7246
2029,135.7191
2029,135.7136
2029,135.7083
2029,135.7028
2029,135.6975
2030,135.6920
2030,135.6851
2030,135.6789
2030,135.6720
2030,135.6654
2030,135.6585
2030,135.6519
2030,135.6450
2030,135.6381
2030,135.6315
2030,135.6246
2030,135.6179
2031,135.6111
2031,135.6035
2031,135.5966
2031,135.5891
2031,135.5817
2031,135.5742
2031,135.5668
2031,135.5592
2031,135.5517
2031,135.5443
2031,135.5368
2031,135.5294
2032,135.5219
2032,135.5140
2032,135.5066
2032,135.4987
2032,135.4911
2032,135.4832
2032,135.4756
2032,135.4678
2032,135.4599
2032,135.4523
2032,135.4444
2032,135.4368
2033,135.4289
2033,135.4209
2033,135.4136
2033,135.4056
2033,135.3978
2033,135.3898
2033,135.3820
2033,135.3740
2033,135.3660
2033,135.3582
2033,135.3501
2033,135.3424
2034,135.3344
2034,135.3263
2034,135.3190
2034,135.3109
2034,135.3031
2034,135.2950
2034,135.2872
2034,135.2792
2034,135.2711
2034,135.2633
2034,135.2552
2034,135.2474
2035,135.2393
2035,135.2313
2035,135.2240
2035,135.2160
2035,135.2082
2035,135.2002
2035,135.1924
2035,135.1843
2035,135.1763
2035,135.1685
2035,135.1605
2035,135.1527
2036,135.1446
2036,135.1367
2036,135.1292
2036,135.1213
2036,135.1136
2036,135.1056
2036,135.0979
2036,135.0900
2036,135.0820
2036,135.0743
2036,135.0664
2036,135.0587
2037,135.0507
2037,135.0374
2037,135.0254
2037,135.0122
2037,134.9994
2037,134.9861
2037,134.9733
2037,134.9600
2037,134.9468
2037,134.9340
2037,134.9207
2037,134.9079
2038,134.8946
2039,134.5329
2040,134.2000
2041,133.9418
2042,133.7444
2043,133.5871
2044,133.4563
2045,133.3433
2046,133.2435
2047,133.1533
2048,133.0704
2049,132.9932
2050,132.9209
2051,132.8501
2052,132.7818
2053,132.7158
2054,132.6523
2055,132.5908
2056,132.5312
2057,132.4729
2058,132.4163
2059,132.3608
2060,132.3064
2061,132.2527
2062,132.2000
2063,132.1478
2064,132.0963
2065,132.0451
2066,131.9945
2067,131.9440
2068,131.8933
2069,131.8420
2070,131.7907
2071,131.7393
2072,131.6879
2073,131.6364
2074,131.5854
2075,131.5345
2076,131.4840
2077,131.4338
2078,131.3841
2079,131.3347
2080,131.2859
2081,131.2371
2082,131.1889
2083,131.1414
2084,131.0945
2085,131.0483
2086,131.0027
2087,130.9579
2088,130.9137
2089,130.8701
2090,130.8272
2091,130.7850
2092,130.7433
2093,130.7022
2094,130.6618
2095,130.6219
2096,130.5827
2097,130.5439
2098,130.5058
2099,130.4682
2100,130.4311
2135,129.4836
