Year,Elevation
2012,137.3643
2012,137.3455
2012,137.3278
2012,137.3089
2012,137.2907
2012,137.2718
2012,137.2536
2012,137.2347
2012,137.2158
2012,137.1976
2012,137.1787
2012,137.1604
2013,137.1416
2013,137.1259
2013,137.1118
2013,137.0962
2013,137.0811
2013,137.0654
2013,137.0503
2013,137.0347
2013,137.0191
2013,137.0039
2013,136.9883
2013,136.9732
2014,136.9576
2014,136.9424
2014,136.9286
2014,136.9134
2014,136.8987
2014,136.8835
2014,136.8689
2014,136.8537
2014,136.8385
2014,136.8238
2014,136.8086
2014,136.7939
2015,136.7787
2015,136.7647
2015,136.7521
2015,136.7381
2015,136.7246
2015,136.7106
2015,136.6971
2015,136.6831
2015,136.6692
2015,136.6556
2015,136.6417
2015,136.6282
2016,136.6142
2016,136.5990
2016,136.5849
2016,136.5698
2016,136.5551
2016,136.5400
2016,136.5253
2016,136.5102
2016,136.4951
2016,136.4804
2016,136.4653
2016,136.4507
2017,136.4355
2017,136.4244
2017,136.4144
2017,136.4033
2017,136.3925
2017,136.3814
2017,136.3706
2017,136.3595
2017,136.3484
2017,136.3376
2017,136.3265
2017,136.3158
2018,136.3047
2018,136.2976
2018,136.2913
2018,136.2843
2018,136.2775
2018,136.2704
2018,136.2636
2018,136.2566
2018,136.2496
2018,136.2428
2018,136.2357
2018,136.2290
2019,136.3393
2019,136.3421
2019,136.3447
2019,136.3475
2019,136.3502
2019,136.3530
2019,136.3557
2019,136.3585
2019,136.3613
2019,136.3640
2019,136.3668
2019,136.3696
2020,136.3724
2020,136.3720
2020,136.3716
2020,136.3712
2020,136.3708
2020,136.3704
2020,136.3701
2020,136.3697
2020,136.3692
2020,136.3689
2020,136.3685
2020,136.3681
2021,136.3676
2021,136.3642
2021,136.3612
2021,136.3578
2021,136.3545
2021,136.3511
2021,136.3478
2021,136.3444
2021,136.3410
2021,136.3377
2021,136.3343
2021,136.3310
2022,136.3276
2022,136.3210
2022,136.3151
2022,136.3085
2022,136.3021
2022,136.2955
2022,136.2892
2022,136.2826
2022,136.2760
2022,136.2696
2022,136.2630
2022,136.2566
2023,136.2500
2023,136.2426
2023,136.2358
2023,136.2283
2023,136.2211
2023,136.2137
2023,136.2064
2023,136.1990
2023,136.1915
2023,136.1842
2023,136.1768
2023,136.1696
2024,136.1621
2024,136.1566
2024,136.1515
2024,136.1460
2024,136.1407
2024,136.1352
2024,136.1299
2024,136.1244
2024,136.1189
2024,136.1136
2024,136.1082
2024,136.1029
2025,136.0974
2025,136.0947
2025,136.0922
2025,136.0895
2025,136.0868
2025,136.0841
2025,136.0814
2025,136.0787
2025,136.0760
2025,136.0733
2025,136.0706
2025,136.0679
2026,136.0652
2026,136.0624
2026,136.0598
2026,136.0570
2026,136.0542
2026,136.0514
2026,136.0487
2026,136.0459
2026,136.0430
2026,136.0403
2026,136.0375
2026,136.0347
2027,136.0319
2027,136.0289
2027,136.0261
2027,136.0230
2027,136.0200
2027,136.0170
2027,136.0140
2027,136.0109
2027,136.0079
2027,136.0049
2027,136.0018
2027,135.9989
2028,135.9958
2028,135.9928
2028,135.9900
2028,135.9870
2028,135.9841
2028,135.9811
2028,135.9782
2028,135.9752
2028,135.9722
2028,135.9693
2028,135.9664
2028,135.9635
2029,135.9605
2029,135.9563
2029,135.9525
2029,135.9483
2029,135.9442
2029,135.9400
2029,135.9360
2029,135.9318
2029,135.9276
2029,135.9235
2029,135.9194
2029,135.9153
2030,135.9111
2030,135.9060
2030,135.9014
2030,135.8962
2030,135.8913
2030,135.8862
2030,135.8812
2030,135.8761
2030,135.8710
2030,135.8660
2030,135.8609
2030,135.8559
2031,135.8508
2031,135.8452
2031,135.8401
2031,135.8344
2031,135.8290
2031,135.8233
2031,135.8178
2031,135.8122
2031,135.8065
2031,135.8011
2031,135.7954
2031,135.7899
2032,135.7843
2032,135.7784
2032,135.7728
2032,135.7669
2032,135.7612
2032,135.7552
2032,135.7495
2032,135.7436
2032,135.7377
2032,135.7319
2032,135.7260
2032,135.7202
2033,135.7143
2033,135.7083
2033,135.7028
2033,135.6967
2033,135.6909
2033,135.6848
2033,135.6790
2033,135.6729
2033,135.6669
2033,135.6610
2033,135.6550
2033,135.6491
2034,135.6430
2034,135.6370
2034,135.6315
2034,135.6254
2034,135.6195
2034,135.6134
2034,135.6075
2034,135.6015
2034,135.5954
2034,135.5895
2034,135.5834
2034,135.5776
2035,135.5715
2035,135.5654
2035,135.5600
2035,135.5539
2035,135.5481
2035,135.5420
2035,135.5362
2035,135.5301
2035,135.5241
2035,135.5182
2035,135.5122
2035,135.5063
2036,135.5003
2036,135.4944
2036,135.4888
2036,135.4828
2036,135.4771
2036,135.4711
2036,135.4654
2036,135.4594
2036,135.4535
2036,135.4477
2036,135.4418
2036,135.4360
2037,135.4301
2037,135.4208
2037,135.4124
2037,135.4031
2037,135.3941
2037,135.3848
2037,135.3758
2037,135.3666
2037,135.3573
2037,135.3483
2037,135.3390
2037,135.3300
2038,135.3207
2039,135.0779
2040,134.8268
2041,134.6089
2042,134.4263
2043,134.2709
2044,134.1356
2045,134.0154
2046,133.9072
2047,133.8084
2048,133.7169
2049,133.6313
2050,133.5508
2051,133.4726
2052,133.3973
2053,133.3245
2054,133.2544
2055,133.1863
2056,133.1202
2057,133.0556
2058,132.9928
2059,132.9313
2060,132.8711
2061,132.8118
2062,132.7537
2063,132.6964
2064,132.6399
2065,132.5840
2066,132.5290
2067,132.4744
2068,132.4199
2069,132.3653
2070,132.3109
2071,132.2565
2072,132.2022
2073,132.1479
2074,132.0939
2075,132.0404
2076,131.9871
2077,131.9341
2078,131.8817
2079,131.8298
2080,131.7784
2081,131.7271
2082,131.6765
2083,131.6266
2084,131.5774
2085,131.5287
2086,131.4810
2087,131.4339
2088,131.3876
2089,131.3418
2090,131.2969
2091,131.2527
2092,131.2091
2093,131.1661
2094,131.1239
2095,131.0823
2096,131.0413
2097,131.0008
2098,130.9610
2099,130.9218
2100,130.8832
2135,129.8991
