Year,Elevation
2012,137.3628
2012,137.3440
2012,137.3265
2012,137.3078
2012,137.2896
2012,137.2709
2012,137.2527
2012,137.2340
2012,137.2152
2012,137.1971
2012,137.1783
2012,137.1602
2013,137.1415
2013,137.1253
2013,137.1107
2013,137.0945
2013,137.0788
2013,137.0627
2013,137.0470
2013,137.0308
2013,137.0146
2013,136.9990
2013,136.9828
2013,136.9671
2014,136.9510
2014,136.9353
2014,136.9212
2014,136.9056
2014,136.8904
2014,136.8748
2014,136.8597
2014,136.8440
2014,136.8284
2014,136.8132
2014,136.7976
2014,136.7825
2015,136.7668
2015,136.7523
2015,136.7393
2015,136.7248
2015,136.7107
2015,136.6962
2015,136.6822
2015,136.6677
2015,136.6532
2015,136.6392
2015,136.6247
2015,136.6107
2016,136.5962
2016,136.5809
2016,136.5666
2016,136.5512
2016,136.5364
2016,136.5211
2016,136.5063
2016,136.4910
2016,136.4757
2016,136.4609
2016,136.4456
2016,136.4308
2017,136.4155
2017,136.4036
2017,136.3929
2017,136.3811
2017,136.3696
2017,136.3578
2017,136.3464
2017,136.3345
2017,136.3227
2017,136.3112
2017,136.2994
2017,136.2879
2018,136.2761
2018,136.2681
2018,136.2609
2018,136.2529
2018,136.2452
2018,136.2373
2018,136.2295
2018,136.2216
2018,136.2136
2018,136.2059
2018,136.1979
2018,136.1902
2019,136.3167
2019,136.3206
2019,136.3240
2019,136.3278
2019,136.3315
2019,136.3353
2019,136.3390
2019,136.3428
2019,136.3466
2019,136.3503
2019,136.3541
2019,136.3578
2020,136.3616
2020,136.3620
2020,136.3622
2020,136.3624
2020,136.3627
2020,136.3629
2020,136.3632
2020,136.3634
2020,136.3637
2020,136.3639
2020,136.3642
2020,136.3644
2021,136.3646
2021,136.3617
2021,136.3591
2021,136.3561
2021,136.3533
2021,136.3504
2021,136.3475
2021,136.3446
2021,136.3417
2021,136.3389
2021,136.3360
2021,136.3331
2022,136.3302
2022,136.3241
2022,136.3185
2022,136.3124
2022,136.3065
2022,136.3004
2022,136.2944
2022,136.2883
2022,136.2822
2022,136.2763
2022,136.2701
2022,136.2642
2023,136.2581
2023,136.2508
2023,136.2443
2023,136.2370
2023,136.2300
2023,136.2227
2023,136.2157
2023,136.2085
2023,136.2012
2023,136.1942
2023,136.1869
2023,136.1799
2024,136.1727
2024,136.1668
2024,136.1614
2024,136.1555
2024,136.1499
2024,136.1441
2024,136.1384
2024,136.1326
2024,136.1268
2024,136.1212
2024,136.1154
2024,136.1097
2025,136.1039
2025,136.1003
2025,136.0971
2025,136.0935
2025,136.0900
2025,136.0865
2025,136.0830
2025,136.0794
2025,136.0758
2025,136.0724
2025,136.0688
2025,136.0653
2026,136.0617
2026,136.0579
2026,136.0544
2026,136.0506
2026,136.0469
2026,136.0431
2026,136.0394
2026,136.0355
2026,136.0317
2026,136.0280
2026,136.0241
2026,136.0204
2027,136.0166
2027,136.0123
2027,136.0084
2027,136.0042
2027,136.0000
2027,135.9957
2027,135.9916
2027,135.9873
2027,135.9830
2027,135.9788
2027,135.9745
2027,135.9704
2028,135.9661
2028,135.9616
2028,135.9574
2028,135.9529
2028,135.9485
2028,135.9440
2028,135.9396
2028,135.9351
2028,135.9306
2028,135.9263
2028,135.9218
2028,135.9174
2029,135.9129
2029,135.9073
2029,135.9023
2029,135.8967
2029,135.8913
2029,135.8857
2029,135.8803
2029,135.8748
2029,135.8692
2029,135.8638
2029,135.8582
2029,135.8528
2030,135.8473
2030,135.8408
2030,135.8349
2030,135.8284
2030,135.8220
2030,135.8155
2030,135.8092
2030,135.8027
2030,135.7962
2030,135.7899
2030,135.7834
2030,135.7771
2031,135.7705
2031,135.7634
2031,135.7570
2031,135.7498
2031,135.7429
2031,135.7358
2031,135.7289
2031,135.7218
2031,135.7146
2031,135.7077
2031,135.7006
2031,135.6937
2032,135.6866
2032,135.6791
2032,135.6721
2032,135.6646
2032,135.6573
2032,135.6498
2032,135.6426
2032,135.6351
2032,135.6276
2032,135.6204
2032,135.6129
2032,135.6056
2033,135.5981
2033,135.5904
2033,135.5835
2033,135.5758
2033,135.5683
2033,135.5606
2033,135.5531
2033,135.5454
2033,135.5377
2033,135.5302
2033,135.5225
2033,135.5151
2034,135.5074
2034,135.4996
2034,135.4925
2034,135.4847
2034,135.4772
2034,135.4694
2034,135.4618
2034,135.4540
2034,135.4462
2034,135.4387
2034,135.4309
2034,135.4233
2035,135.4155
2035,135.4077
2035,135.4006
2035,135.3928
2035,135.3852
2035,135.3773
2035,135.3698
2035,135.3619
2035,135.3541
2035,135.3465
2035,135.3387
2035,135.3311
2036,135.3233
2036,135.3155
2036,135.3082
2036,135.3004
2036,135.2928
2036,135.2850
2036,135.2775
2036,135.2697
2036,135.2619
2036,135.2543
2036,135.2465
2036,135.2390
2037,135.2311
2037,135.2207
2037,135.2112
2037,135.2007
2037,135.1905
2037,135.1800
2037,135.1699
2037,135.1594
2037,135.1489
2037,135.1387
2037,135.1282
2037,135.1181
2038,135.1076
2039,134.8723
2040,134.6250
2041,134.4062
2042,134.2210
2043,134.0634
2044,133.9273
2045,133.8075
2046,133.7011
2047,133.6050
2048,133.5171
2049,133.4356
2050,133.3598
2051,133.2867
2052,133.2167
2053,133.1494
2054,133.0848
2055,133.0224
2056,132.9619
2057,132.9029
2058,132.8457
2059,132.7898
2060,132.7351
2061,132.6812
2062,132.6285
2063,132.5765
2064,132.5253
2065,132.4745
2066,132.4244
2067,132.3747
2068,132.3250
2069,132.2752
2070,132.2254
2071,132.1756
2072,132.1257
2073,132.0757
2074,132.0259
2075,131.9763
2076,131.9269
2077,131.8777
2078,131.8290
2079,131.7806
2080,131.7326
2081,131.6847
2082,131.6373
2083,131.5907
2084,131.5445
2085,131.4989
2086,131.4539
2087,131.4096
2088,131.3660
2089,131.3228
2090,131.2803
2091,131.2385
2092,131.1973
2093,131.1566
2094,131.1165
2095,131.0770
2096,131.0382
2097,130.9997
2098,130.9619
2099,130.9246
2100,130.8879
2135,129.9420
