Year,Elevation
2012,121.8081
2012,121.8044
2012,121.8009
2012,121.7972
2012,121.7936
2012,121.7899
2012,121.7863
2012,121.7826
2012,121.7789
2012,121.7753
2012,121.7716
2012,121.7680
2013,121.7643
2013,121.7600
2013,121.7562
2013,121.7520
2013,121.7479
2013,121.7436
2013,121.7395
2013,121.7353
2013,121.7310
2013,121.7269
2013,121.7227
2013,121.7186
2014,121.7143
2014,121.7131
2014,121.7119
2014,121.7106
2014,121.7094
2014,121.7082
2014,121.7069
2014,121.7057
2014,121.7044
2014,121.7032
2014,121.7019
2014,121.7007
2015,121.6994
2015,121.6964
2015,121.6936
2015,121.6906
2015,121.6877
2015,121.6846
2015,121.6817
2015,121.6787
2015,121.6756
2015,121.6727
2015,121.6697
2015,121.6667
2016,121.6637
2016,121.6608
2016,121.6580
2016,121.6550
2016,121.6521
2016,121.6492
2016,121.6463
2016,121.6433
2016,121.6404
2016,121.6375
2016,121.6346
2016,121.6317
2017,121.6287
2017,121.6274
2017,121.6263
2017,121.6250
2017,121.6237
2017,121.6225
2017,121.6212
2017,121.6199
2017,121.6186
2017,121.6174
2017,121.6161
2017,121.6149
2018,121.6136
2018,121.6097
2018,121.6061
2018,121.6022
2018,121.5985
2018,121.5946
2018,121.5908
2018,121.5869
2018,121.5830
2018,121.5792
2018,121.5753
2018,121.5715
2019,121.5541
2019,121.5497
2019,121.5458
2019,121.5414
2019,121.5372
2019,121.5328
2019,121.5286
2019,121.5243
2019,121.5199
2019,121.5157
2019,121.5114
2019,121.5071
2020,121.5028
2020,121.4988
2020,121.4950
2020,121.4910
2020,121.4871
2020,121.4831
2020,121.4792
2020,121.4752
2020,121.4712
2020,121.4673
2020,121.4633
2020,121.4594
2021,121.4554
2021,121.4522
2021,121.4492
2021,121.4459
2021,121.4428
2021,121.4395
2021,121.4363
2021,121.4331
2021,121.4298
2021,121.4266
2021,121.4234
2021,121.4202
2022,121.4169
2022,121.4139
2022,121.4113
2022,121.4083
2022,121.4054
2022,121.4024
2022,121.3995
2022,121.3965
2022,121.3936
2022,121.3907
2022,121.3877
2022,121.3848
2023,121.3818
2023,121.3789
2023,121.3763
2023,121.3734
2023,121.3706
2023,121.3677
2023,121.3649
2023,121.3620
2023,121.3590
2023,121.3562
2023,121.3533
2023,121.3505
2024,121.3476
2024,121.3447
2024,121.3420
2024,121.3391
2024,121.3363
2024,121.3334
2024,121.3306
2024,121.3277
2024,121.3248
2024,121.3220
2024,121.3190
2024,121.3162
2025,121.3133
2025,121.3106
2025,121.3081
2025,121.3054
2025,121.3027
2025,121.3000
2025,121.2973
2025,121.2946
2025,121.2919
2025,121.2892
2025,121.2865
2025,121.2838
2026,121.2811
2026,121.2781
2026,121.2754
2026,121.2724
2026,121.2695
2026,121.2665
2026,121.2636
2026,121.2606
2026,121.2576
2026,121.2547
2026,121.2517
2026,121.2488
2027,121.2458
2027,121.2421
2027,121.2387
2027,121.2349
2027,121.2313
2027,121.2276
2027,121.2240
2027,121.2202
2027,121.2165
2027,121.2129
2027,121.2091
2027,121.2055
2028,121.2018
2028,121.1985
2028,121.1954
2028,121.1921
2028,121.1890
2028,121.1857
2028,121.1825
2028,121.1792
2028,121.1759
2028,121.1728
2028,121.1695
2028,121.1663
2029,121.1630
2029,121.1600
2029,121.1573
2029,121.1542
2029,121.1513
2029,121.1483
2029,121.1453
2029,121.1423
2029,121.1392
2029,121.1363
2029,121.1333
2029,121.1303
2030,121.1273
2030,121.1244
2030,121.1219
2030,121.1190
2030,121.1162
2030,121.1134
2030,121.1106
2030,121.1077
2030,121.1049
2030,121.1021
2030,121.0992
2030,121.0965
2031,121.0936
2031,121.0909
2031,121.0884
2031,121.0857
2031,121.0830
2031,121.0803
2031,121.0776
2031,121.0749
2031,121.0722
2031,121.0695
2031,121.0668
2031,121.0641
2032,121.0614
2032,121.0588
2032,121.0564
2032,121.0537
2032,121.0512
2032,121.0486
2032,121.0461
2032,121.0435
2032,121.0408
2032,121.0383
2032,121.0357
2032,121.0332
2033,121.0306
2033,121.0281
2033,121.0258
2033,121.0233
2033,121.0209
2033,121.0184
2033,121.0159
2033,121.0134
2033,121.0109
2033,121.0085
2033,121.0060
2033,121.0036
2034,121.0011
2034,120.9987
2034,120.9965
2034,120.9941
2034,120.9918
2034,120.9894
2034,120.9870
2034,120.9846
2034,120.9822
2034,120.9799
2034,120.9775
2034,120.9752
2035,120.9728
2035,120.9705
2035,120.9684
2035,120.9661
2035,120.9638
2035,120.9615
2035,120.9593
2035,120.9569
2035,120.9546
2035,120.9524
2035,120.9501
2035,120.9478
2036,120.9455
2036,120.9433
2036,120.9412
2036,120.9390
2036,120.9368
2036,120.9346
2036,120.9324
2036,120.9302
2036,120.9280
2036,120.9258
2036,120.9236
2036,120.9214
2037,120.9192
2037,120.9174
2037,120.9158
2037,120.9139
2037,120.9122
2037,120.9104
2037,120.9086
2037,120.9068
2037,120.9050
2037,120.9032
2037,120.9014
2037,120.8996
2038,120.8978
2039,120.8861
2040,120.8666
2041,120.8462
2042,120.8267
2043,120.8080
2044,120.7902
2045,120.7732
2046,120.7566
2047,120.7405
2048,120.7249
2049,120.7094
2050,120.6944
2051,120.6786
2052,120.6633
2053,120.6482
2054,120.6334
2055,120.6189
2056,120.6044
2057,120.5899
2058,120.5758
2059,120.5617
2060,120.5477
2061,120.5337
2062,120.5201
2063,120.5064
2064,120.4925
2065,120.4787
2066,120.4653
2067,120.4405
2068,120.4166
2069,120.3945
2070,120.3738
2071,120.3534
2072,120.3342
2073,120.3159
2074,120.2983
2075,120.2814
2076,120.2651
2077,120.2494
2078,120.2340
2079,120.2192
2080,120.2048
2081,120.1906
2082,120.1769
2083,120.1637
2084,120.1507
2085,120.1380
2086,120.1257
2087,120.1134
2088,120.1017
2089,120.0900
2090,120.0786
2091,120.0673
2092,120.0563
2093,120.0455
2094,120.0347
2095,120.0242
2096,120.0138
2097,120.0036
2098,119.9937
2099,119.9838
2100,119.9740
2135,119.7169
