Year,Elevation
2012,137.2108
2012,137.1922
2012,137.1749
2012,137.1564
2012,137.1385
2012,137.1199
2012,137.1020
2012,137.0835
2012,137.0650
2012,137.0471
2012,137.0285
2012,137.0106
2013,136.9921
2013,136.9744
2013,136.9585
2013,136.9408
2013,136.9237
2013,136.9061
2013,136.8890
2013,136.8713
2013,136.8537
2013,136.8366
2013,136.8189
2013,136.8018
2014,136.7841
2014,136.7670
2014,136.7516
2014,136.7345
2014,136.7179
2014,136.7008
2014,136.6842
2014,136.6671
2014,136.6500
2014,136.6334
2014,136.6163
2014,136.5998
2015,136.5827
2015,136.5664
2015,136.5518
2015,136.5356
2015,136.5199
2015,136.5037
2015,136.4880
2015,136.4718
2015,136.4555
2015,136.4398
2015,136.4236
2015,136.4079
2016,136.3917
2016,136.3755
2016,136.3604
2016,136.3442
2016,136.3286
2016,136.3124
2016,136.2968
2016,136.2806
2016,136.2644
2016,136.2487
2016,136.2326
2016,136.2169
2017,136.2007
2017,136.1868
2017,136.1741
2017,136.1602
2017,136.1466
2017,136.1326
2017,136.1191
2017,136.1051
2017,136.0911
2017,136.0776
2017,136.0636
2017,136.0501
2018,136.0361
2018,136.0253
2018,136.0155
2018,136.0047
2018,135.9942
2018,135.9834
2018,135.9729
2018,135.9621
2018,135.9513
2018,135.9408
2018,135.9300
2018,135.9195
2019,136.1192
2019,136.1261
2019,136.1323
2019,136.1392
2019,136.1458
2019,136.1527
2019,136.1594
2019,136.1662
2019,136.1731
2019,136.1798
2019,136.1866
2019,136.1933
2020,136.2002
2020,136.2022
2020,136.2041
2020,136.2061
2020,136.2080
2020,136.2100
2020,136.2119
2020,136.2139
2020,136.2159
2020,136.2178
2020,136.2198
2020,136.2217
2021,136.2236
2021,136.2218
2021,136.2202
2021,136.2184
2021,136.2167
2021,136.2149
2021,136.2131
2021,136.2113
2021,136.2095
2021,136.2078
2021,136.2060
2021,136.2042
2022,136.2024
2022,136.1974
2022,136.1928
2022,136.1878
2022,136.1830
2022,136.1779
2022,136.1731
2022,136.1681
2022,136.1630
2022,136.1582
2022,136.1531
2022,136.1483
2023,136.1433
2023,136.1365
2023,136.1304
2023,136.1236
2023,136.1170
2023,136.1103
2023,136.1037
2023,136.0969
2023,136.0901
2023,136.0836
2023,136.0768
2023,136.0703
2024,136.0635
2024,136.0569
2024,136.0508
2024,136.0442
2024,136.0378
2024,136.0313
2024,136.0249
2024,136.0183
2024,136.0118
2024,136.0054
2024,135.9989
2024,135.9925
2025,135.9859
2025,135.9808
2025,135.9762
2025,135.9711
2025,135.9661
2025,135.9610
2025,135.9561
2025,135.9510
2025,135.9459
2025,135.9409
2025,135.9358
2025,135.9308
2026,135.9257
2026,135.9209
2026,135.9165
2026,135.9117
2026,135.9070
2026,135.9022
2026,135.8975
2026,135.8927
2026,135.8878
2026,135.8832
2026,135.8783
2026,135.8737
2027,135.8688
2027,135.8639
2027,135.8594
2027,135.8544
2027,135.8496
2027,135.8446
2027,135.8398
2027,135.8348
2027,135.8299
2027,135.8251
2027,135.8201
2027,135.8153
2028,135.8103
2028,135.8051
2028,135.8002
2028,135.7949
2028,135.7898
2028,135.7846
2028,135.7795
2028,135.7743
2028,135.7690
2028,135.7639
2028,135.7587
2028,135.7536
2029,135.7484
2029,135.7425
2029,135.7372
2029,135.7313
2029,135.7255
2029,135.7197
2029,135.7139
2029,135.7080
2029,135.7021
2029,135.6964
2029,135.6905
2029,135.6848
2030,135.6789
2030,135.6723
2030,135.6663
2030,135.6597
2030,135.6533
2030,135.6467
2030,135.6403
2030,135.6337
2030,135.6271
2030,135.6207
2030,135.6141
2030,135.6077
2031,135.6011
2031,135.5939
2031,135.5875
2031,135.5803
2031,135.5734
2031,135.5663
2031,135.5593
2031,135.5522
2031,135.5450
2031,135.5381
2031,135.5310
2031,135.5241
2032,135.5169
2032,135.5094
2032,135.5024
2032,135.4949
2032,135.4877
2032,135.4802
2032,135.4729
2032,135.4654
2032,135.4579
2032,135.4507
2032,135.4432
2032,135.4360
2033,135.4285
2033,135.4208
2033,135.4138
2033,135.4061
2033,135.3986
2033,135.3909
2033,135.3834
2033,135.3757
2033,135.3680
2033,135.3606
2033,135.3528
2033,135.3454
2034,135.3377
2034,135.3299
2034,135.3228
2034,135.3150
2034,135.3075
2034,135.2997
2034,135.2922
2034,135.2844
2034,135.2766
2034,135.2690
2034,135.2612
2034,135.2537
2035,135.2459
2035,135.2381
2035,135.2310
2035,135.2231
2035,135.2156
2035,135.2077
2035,135.2001
2035,135.1923
2035,135.1845
2035,135.1769
2035,135.1691
2035,135.1615
2036,135.1537
2036,135.1459
2036,135.1385
2036,135.1308
2036,135.1232
2036,135.1154
2036,135.1078
2036,135.1000
2036,135.0922
2036,135.0847
2036,135.0769
2036,135.0693
2037,135.0615
2037,135.0524
2037,135.0441
2037,135.0350
2037,135.0262
2037,135.0170
2037,135.0082
2037,134.9990
2037,134.9899
2037,134.9811
2037,134.9719
2037,134.9631
2038,134.9539
2039,134.7850
2040,134.5916
2041,134.4045
2042,134.2365
2043,134.0885
2044,133.9584
2045,133.8429
2046,133.7399
2047,133.6467
2048,133.5614
2049,133.4822
2050,133.4085
2051,133.3376
2052,133.2698
2053,133.2046
2054,133.1419
2055,133.0811
2056,133.0222
2057,132.9647
2058,132.9088
2059,132.8541
2060,132.8006
2061,132.7479
2062,132.6963
2063,132.6455
2064,132.5954
2065,132.5457
2066,132.4968
2067,132.4482
2068,132.3998
2069,132.3514
2070,132.3030
2071,132.2546
2072,132.2060
2073,132.1573
2074,132.1087
2075,132.0602
2076,132.0118
2077,131.9637
2078,131.9158
2079,131.8683
2080,131.8211
2081,131.7739
2082,131.7274
2083,131.6816
2084,131.6362
2085,131.5913
2086,131.5471
2087,131.5034
2088,131.4604
2089,131.4178
2090,131.3759
2091,131.3347
2092,131.2940
2093,131.2538
2094,131.2142
2095,131.1752
2096,131.1368
2097,131.0988
2098,131.0615
2099,131.0246
2100,130.9883
2135,130.0511
