Year,Elevation
2012,122.5456
2012,122.5414
2012,122.5374
2012,122.5332
2012,122.5291
2012,122.5248
2012,122.5207
2012,122.5165
2012,122.5122
2012,122.5081
2012,122.5039
2012,122.4998
2013,122.4955
2013,122.4909
2013,122.4868
2013,122.4822
2013,122.4778
2013,122.4732
2013,122.4687
2013,122.4641
2013,122.4595
2013,122.4551
2013,122.4505
2013,122.4461
2014,122.4415
2014,122.4390
2014,122.4367
2014,122.4342
2014,122.4318
2014,122.4294
2014,122.4270
2014,122.4245
2014,122.4220
2014,122.4196
2014,122.4171
2014,122.4147
2015,122.4122
2015,122.4088
2015,122.4057
2015,122.4023
2015,122.3990
2015,122.3955
2015,122.3922
2015,122.3888
2015,122.3854
2015,122.3821
2015,122.3786
2015,122.3753
2016,122.3719
2016,122.3685
2016,122.3653
2016,122.3619
2016,122.3587
2016,122.3553
2016,122.3520
2016,122.3486
2016,122.3452
2016,122.3419
2016,122.3385
2016,122.3353
2017,122.3319
2017,122.3297
2017,122.3277
2017,122.3255
2017,122.3234
2017,122.3212
2017,122.3191
2017,122.3169
2017,122.3147
2017,122.3126
2017,122.3104
2017,122.3083
2018,122.3061
2018,122.3022
2018,122.2987
2018,122.2948
2018,122.2911
2018,122.2872
2018,122.2834
2018,122.2795
2018,122.2757
2018,122.2719
2018,122.2680
2018,122.2643
2019,122.2460
2019,122.2411
2019,122.2367
2019,122.2319
2019,122.2272
2019,122.2223
2019,122.2176
2019,122.2128
2019,122.2079
2019,122.2032
2019,122.1984
2019,122.1937
2020,122.1888
2020,122.1843
2020,122.1801
2020,122.1755
2020,122.1711
2020,122.1666
2020,122.1622
2020,122.1577
2020,122.1532
2020,122.1488
2020,122.1443
2020,122.1399
2021,122.1353
2021,122.1315
2021,122.1280
2021,122.1242
2021,122.1204
2021,122.1166
2021,122.1129
2021,122.1090
2021,122.1052
2021,122.1014
2021,122.0976
2021,122.0939
2022,122.0900
2022,122.0865
2022,122.0833
2022,122.0798
2022,122.0765
2022,122.0730
2022,122.0696
2022,122.0661
2022,122.0626
2022,122.0592
2022,122.0557
2022,122.0523
2023,122.0488
2023,122.0454
2023,122.0424
2023,122.0390
2023,122.0358
2023,122.0324
2023,122.0292
2023,122.0258
2023,122.0225
2023,122.0192
2023,122.0158
2023,122.0126
2024,122.0092
2024,122.0059
2024,122.0028
2024,121.9994
2024,121.9962
2024,121.9929
2024,121.9896
2024,121.9863
2024,121.9830
2024,121.9797
2024,121.9764
2024,121.9732
2025,121.9698
2025,121.9666
2025,121.9638
2025,121.9606
2025,121.9575
2025,121.9543
2025,121.9513
2025,121.9481
2025,121.9449
2025,121.9418
2025,121.9386
2025,121.9356
2026,121.9324
2026,121.9291
2026,121.9260
2026,121.9227
2026,121.9195
2026,121.9161
2026,121.9129
2026,121.9096
2026,121.9062
2026,121.9030
2026,121.8997
2026,121.8964
2027,121.8931
2027,121.8892
2027,121.8857
2027,121.8818
2027,121.8781
2027,121.8742
2027,121.8704
2027,121.8665
2027,121.8627
2027,121.8589
2027,121.8550
2027,121.8512
2028,121.8474
2028,121.8437
2028,121.8403
2028,121.8367
2028,121.8332
2028,121.8295
2028,121.8260
2028,121.8224
2028,121.8187
2028,121.8152
2028,121.8116
2028,121.8081
2029,121.8044
2029,121.8010
2029,121.7979
2029,121.7945
2029,121.7912
2029,121.7878
2029,121.7845
2029,121.7811
2029,121.7777
2029,121.7744
2029,121.7710
2029,121.7677
2030,121.7643
2030,121.7610
2030,121.7581
2030,121.7548
2030,121.7517
2030,121.7485
2030,121.7453
2030,121.7421
2030,121.7388
2030,121.7357
2030,121.7325
2030,121.7293
2031,121.7261
2031,121.7230
2031,121.7202
2031,121.7170
2031,121.7140
2031,121.7109
2031,121.7079
2031,121.7048
2031,121.7017
2031,121.6987
2031,121.6956
2031,121.6926
2032,121.6895
2032,121.6865
2032,121.6837
2032,121.6807
2032,121.6779
2032,121.6749
2032,121.6720
2032,121.6690
2032,121.6660
2032,121.6632
2032,121.6602
2032,121.6573
2033,121.6543
2033,121.6515
2033,121.6489
2033,121.6460
2033,121.6433
2033,121.6404
2033,121.6376
2033,121.6348
2033,121.6319
2033,121.6292
2033,121.6263
2033,121.6236
2034,121.6207
2034,121.6180
2034,121.6155
2034,121.6127
2034,121.6101
2034,121.6073
2034,121.6047
2034,121.6019
2034,121.5992
2034,121.5965
2034,121.5938
2034,121.5911
2035,121.5884
2035,121.5858
2035,121.5834
2035,121.5807
2035,121.5782
2035,121.5755
2035,121.5730
2035,121.5703
2035,121.5677
2035,121.5651
2035,121.5625
2035,121.5599
2036,121.5573
2036,121.5547
2036,121.5524
2036,121.5498
2036,121.5474
2036,121.5448
2036,121.5424
2036,121.5398
2036,121.5373
2036,121.5348
2036,121.5323
2036,121.5298
2037,121.5273
2037,121.5251
2037,121.5230
2037,121.5208
2037,121.5187
2037,121.5165
2037,121.5143
2037,121.5121
2037,121.5099
2037,121.5077
2037,121.5055
2037,121.5034
2038,121.5011
2039,121.4826
2040,121.4610
2041,121.4396
2042,121.4198
2043,121.4012
2044,121.3835
2045,121.3664
2046,121.3496
2047,121.3330
2048,121.3167
2049,121.3003
2050,121.2840
2051,121.2672
2052,121.2505
2053,121.2339
2054,121.2175
2055,121.2012
2056,121.1850
2057,121.1687
2058,121.1528
2059,121.1368
2060,121.1208
2061,121.1050
2062,121.0894
2063,121.0738
2064,121.0580
2065,121.0423
2066,121.0269
2067,121.0031
2068,120.9786
2069,120.9553
2070,120.9332
2071,120.9116
2072,120.8909
2073,120.8709
2074,120.8518
2075,120.8332
2076,120.8151
2077,120.7976
2078,120.7805
2079,120.7639
2080,120.7477
2081,120.7318
2082,120.7162
2083,120.7011
2084,120.6863
2085,120.6718
2086,120.6577
2087,120.6437
2088,120.6300
2089,120.6166
2090,120.6034
2091,120.5903
2092,120.5776
2093,120.5650
2094,120.5526
2095,120.5404
2096,120.5283
2097,120.5163
2098,120.5047
2099,120.4932
2100,120.4818
2135,120.1763
