Year,Elevation
2012,137.2418
2012,137.2234
2012,137.2061
2012,137.1877
2012,137.1699
2012,137.1515
2012,137.1337
2012,137.1152
2012,137.0968
2012,137.0790
2012,137.0606
2012,137.0428
2013,137.0243
2013,137.0064
2013,136.9902
2013,136.9722
2013,136.9548
2013,136.9369
2013,136.9195
2013,136.9015
2013,136.8836
2013,136.8662
2013,136.8483
2013,136.8309
2014,136.8129
2014,136.7954
2014,136.7797
2014,136.7622
2014,136.7453
2014,136.7278
2014,136.7109
2014,136.6935
2014,136.6760
2014,136.6591
2014,136.6416
2014,136.6247
2015,136.6072
2015,136.5906
2015,136.5756
2015,136.5589
2015,136.5428
2015,136.5262
2015,136.5100
2015,136.4934
2015,136.4767
2015,136.4606
2015,136.4440
2015,136.4279
2016,136.4112
2016,136.3949
2016,136.3795
2016,136.3632
2016,136.3473
2016,136.3310
2016,136.3151
2016,136.2988
2016,136.2824
2016,136.2666
2016,136.2502
2016,136.2344
2017,136.2180
2017,136.2035
2017,136.1903
2017,136.1758
2017,136.1617
2017,136.1472
2017,136.1331
2017,136.1186
2017,136.1041
2017,136.0900
2017,136.0755
2017,136.0614
2018,136.0469
2018,136.0352
2018,136.0246
2018,136.0128
2018,136.0015
2018,135.9898
2018,135.9784
2018,135.9667
2018,135.9550
2018,135.9436
2018,135.9319
2018,135.9205
2019,136.2348
2019,136.2440
2019,136.2523
2019,136.2614
2019,136.2702
2019,136.2793
2019,136.2882
2019,136.2973
2019,136.3064
2019,136.3152
2019,136.3244
2019,136.3332
2020,136.3423
2020,136.3453
2020,136.3481
2020,136.3510
2020,136.3539
2020,136.3568
2020,136.3596
2020,136.3626
2020,136.3655
2020,136.3684
2020,136.3713
2020,136.3741
2021,136.3770
2021,136.3758
2021,136.3747
2021,136.3735
2021,136.3723
2021,136.3710
2021,136.3698
2021,136.3686
2021,136.3674
2021,136.3662
2021,136.3649
2021,136.3637
2022,136.3625
2022,136.3580
2022,136.3540
2022,136.3495
2022,136.3451
2022,136.3406
2022,136.3363
2022,136.3318
2022,136.3273
2022,136.3229
2022,136.3185
2022,136.3141
2023,136.3096
2023,136.3032
2023,136.2974
2023,136.2909
2023,136.2847
2023,136.2783
2023,136.2720
2023,136.2656
2023,136.2592
2023,136.2529
2023,136.2465
2023,136.2402
2024,136.2338
2024,136.2272
2024,136.2210
2024,136.2143
2024,136.2079
2024,136.2013
2024,136.1949
2024,136.1882
2024,136.1816
2024,136.1752
2024,136.1685
2024,136.1621
2025,136.1555
2025,136.1501
2025,136.1452
2025,136.1398
2025,136.1345
2025,136.1291
2025,136.1239
2025,136.1184
2025,136.1130
2025,136.1078
2025,136.1023
2025,136.0971
2026,136.0917
2026,136.0869
2026,136.0825
2026,136.0777
2026,136.0730
2026,136.0682
2026,136.0636
2026,136.0587
2026,136.0539
2026,136.0493
2026,136.0444
2026,136.0398
2027,136.0350
2027,136.0304
2027,136.0263
2027,136.0218
2027,136.0174
2027,136.0128
2027,136.0084
2027,136.0038
2027,135.9993
2027,135.9949
2027,135.9903
2027,135.9859
2028,135.9814
2028,135.9768
2028,135.9726
2028,135.9680
2028,135.9637
2028,135.9591
2028,135.9547
2028,135.9502
2028,135.9456
2028,135.9413
2028,135.9367
2028,135.9323
2029,135.9278
2029,135.9229
2029,135.9185
2029,135.9136
2029,135.9089
2029,135.9040
2029,135.8993
2029,135.8944
2029,135.8895
2029,135.8848
2029,135.8799
2029,135.8752
2030,135.8703
2030,135.8650
2030,135.8601
2030,135.8548
2030,135.8496
2030,135.8442
2030,135.8391
2030,135.8337
2030,135.8283
2030,135.8232
2030,135.8178
2030,135.8126
2031,135.8073
2031,135.8015
2031,135.7963
2031,135.7906
2031,135.7850
2031,135.7793
2031,135.7738
2031,135.7680
2031,135.7623
2031,135.7567
2031,135.7510
2031,135.7454
2032,135.7397
2032,135.7337
2032,135.7281
2032,135.7222
2032,135.7164
2032,135.7104
2032,135.7046
2032,135.6986
2032,135.6926
2032,135.6868
2032,135.6808
2032,135.6751
2033,135.6691
2033,135.6630
2033,135.6575
2033,135.6513
2033,135.6454
2033,135.6393
2033,135.6334
2033,135.6273
2033,135.6212
2033,135.6153
2033,135.6092
2033,135.6033
2034,135.5972
2034,135.5910
2034,135.5855
2034,135.5793
2034,135.5734
2034,135.5672
2034,135.5613
2034,135.5551
2034,135.5490
2034,135.5431
2034,135.5369
2034,135.5310
2035,135.5248
2035,135.5187
2035,135.5132
2035,135.5071
2035,135.5012
2035,135.4951
2035,135.4892
2035,135.4831
2035,135.4770
2035,135.4710
2035,135.4649
2035,135.4590
2036,135.4529
2036,135.4469
2036,135.4413
2036,135.4352
2036,135.4294
2036,135.4234
2036,135.4175
2036,135.4115
2036,135.4055
2036,135.3997
2036,135.3936
2036,135.3878
2037,135.3818
2037,135.3748
2037,135.3686
2037,135.3616
2037,135.3549
2037,135.3479
2037,135.3412
2037,135.3343
2037,135.3273
2037,135.3206
2037,135.3136
2037,135.3069
2038,135.3000
2039,135.1718
2040,135.0149
2041,134.8533
2042,134.7011
2043,134.5625
2044,134.4374
2045,134.3240
2046,134.2211
2047,134.1266
2048,134.0390
2049,133.9568
2050,133.8794
2051,133.8042
2052,133.7322
2053,133.6625
2054,133.5952
2055,133.5297
2056,133.4660
2057,133.4036
2058,133.3429
2059,133.2834
2060,133.2251
2061,133.1677
2062,133.1115
2063,133.0562
2064,133.0016
2065,132.9477
2066,132.8946
2067,132.8421
2068,132.7899
2069,132.7377
2070,132.6858
2071,132.6339
2072,132.5821
2073,132.5302
2074,132.4785
2075,132.4270
2076,132.3757
2077,132.3246
2078,132.2739
2079,132.2237
2080,132.1738
2081,132.1241
2082,132.0751
2083,132.0268
2084,131.9791
2085,131.9319
2086,131.8855
2087,131.8398
2088,131.7947
2089,131.7501
2090,131.7064
2091,131.6633
2092,131.6208
2093,131.5788
2094,131.5377
2095,131.4971
2096,131.4570
2097,131.4175
2098,131.3786
2099,131.3403
2100,131.3027
2135,130.3362
