Year,Elevation
2012,121.8139
2012,121.8101
2012,121.8066
2012,121.8028
2012,121.7991
2012,121.7953
2012,121.7916
2012,121.7878
2012,121.7840
2012,121.7804
2012,121.7766
2012,121.7729
2013,121.7691
2013,121.7649
2013,121.7611
2013,121.7569
2013,121.7529
2013,121.7487
2013,121.7446
2013,121.7404
2013,121.7362
2013,121.7322
2013,121.7280
2013,121.7239
2014,121.7197
2014,121.7184
2014,121.7172
2014,121.7159
2014,121.7147
2014,121.7134
2014,121.7121
2014,121.7108
2014,121.7095
2014,121.7082
2014,121.7069
2014,121.7057
2015,121.7044
2015,121.7014
2015,121.6987
2015,121.6958
2015,121.6929
2015,121.6899
2015,121.6870
2015,121.6841
2015,121.6811
2015,121.6782
2015,121.6752
2015,121.6724
2016,121.6694
2016,121.6664
2016,121.6635
2016,121.6605
2016,121.6576
2016,121.6545
2016,121.6516
2016,121.6485
2016,121.6455
2016,121.6426
2016,121.6395
2016,121.6366
2017,121.6336
2017,121.6322
2017,121.6309
2017,121.6295
2017,121.6282
2017,121.6268
2017,121.6255
2017,121.6241
2017,121.6227
2017,121.6213
2017,121.6200
2017,121.6186
2018,121.6172
2018,121.6135
2018,121.6101
2018,121.6063
2018,121.6027
2018,121.5990
2018,121.5953
2018,121.5916
2018,121.5878
2018,121.5842
2018,121.5804
2018,121.5768
2019,121.5600
2019,121.5556
2019,121.5517
2019,121.5473
2019,121.5431
2019,121.5387
2019,121.5344
2019,121.5301
2019,121.5257
2019,121.5214
2019,121.5171
2019,121.5128
2020,121.5084
2020,121.5044
2020,121.5006
2020,121.4965
2020,121.4926
2020,121.4885
2020,121.4846
2020,121.4806
2020,121.4765
2020,121.4726
2020,121.4685
2020,121.4646
2021,121.4605
2021,121.4572
2021,121.4543
2021,121.4510
2021,121.4478
2021,121.4445
2021,121.4413
2021,121.4380
2021,121.4347
2021,121.4316
2021,121.4283
2021,121.4251
2022,121.4218
2022,121.4188
2022,121.4161
2022,121.4130
2022,121.4101
2022,121.4071
2022,121.4042
2022,121.4012
2022,121.3982
2022,121.3952
2022,121.3922
2022,121.3893
2023,121.3863
2023,121.3834
2023,121.3807
2023,121.3778
2023,121.3750
2023,121.3720
2023,121.3692
2023,121.3663
2023,121.3633
2023,121.3605
2023,121.3576
2023,121.3548
2024,121.3518
2024,121.3489
2024,121.3462
2024,121.3433
2024,121.3404
2024,121.3375
2024,121.3347
2024,121.3318
2024,121.3289
2024,121.3260
2024,121.3231
2024,121.3203
2025,121.3174
2025,121.3146
2025,121.3121
2025,121.3094
2025,121.3067
2025,121.3040
2025,121.3013
2025,121.2985
2025,121.2958
2025,121.2931
2025,121.2903
2025,121.2877
2026,121.2849
2026,121.2819
2026,121.2792
2026,121.2763
2026,121.2734
2026,121.2704
2026,121.2675
2026,121.2645
2026,121.2615
2026,121.2587
2026,121.2557
2026,121.2528
2027,121.2498
2027,121.2462
2027,121.2429
2027,121.2392
2027,121.2357
2027,121.2320
2027,121.2285
2027,121.2248
2027,121.2212
2027,121.2176
2027,121.2140
2027,121.2105
2028,121.2068
2028,121.2035
2028,121.2004
2028,121.1972
2028,121.1940
2028,121.1907
2028,121.1875
2028,121.1843
2028,121.1810
2028,121.1778
2028,121.1745
2028,121.1714
2029,121.1681
2029,121.1650
2029,121.1623
2029,121.1593
2029,121.1563
2029,121.1533
2029,121.1503
2029,121.1473
2029,121.1443
2029,121.1413
2029,121.1383
2029,121.1353
2030,121.1323
2030,121.1294
2030,121.1268
2030,121.1240
2030,121.1212
2030,121.1183
2030,121.1155
2030,121.1127
2030,121.1098
2030,121.1070
2030,121.1041
2030,121.1014
2031,121.0985
2031,121.0957
2031,121.0933
2031,121.0905
2031,121.0879
2031,121.0851
2031,121.0825
2031,121.0797
2031,121.0770
2031,121.0743
2031,121.0716
2031,121.0689
2032,121.0662
2032,121.0636
2032,121.0611
2032,121.0585
2032,121.0560
2032,121.0534
2032,121.0508
2032,121.0482
2032,121.0456
2032,121.0430
2032,121.0404
2032,121.0379
2033,121.0353
2033,121.0327
2033,121.0305
2033,121.0280
2033,121.0255
2033,121.0230
2033,121.0206
2033,121.0181
2033,121.0156
2033,121.0131
2033,121.0106
2033,121.0082
2034,121.0057
2034,121.0033
2034,121.0011
2034,120.9987
2034,120.9964
2034,120.9939
2034,120.9916
2034,120.9892
2034,120.9868
2034,120.9844
2034,120.9820
2034,120.9797
2035,120.9773
2035,120.9750
2035,120.9729
2035,120.9705
2035,120.9683
2035,120.9660
2035,120.9637
2035,120.9614
2035,120.9591
2035,120.9568
2035,120.9545
2035,120.9522
2036,120.9499
2036,120.9477
2036,120.9456
2036,120.9434
2036,120.9412
2036,120.9390
2036,120.9368
2036,120.9346
2036,120.9323
2036,120.9302
2036,120.9279
2036,120.9258
2037,120.9235
2037,120.9217
2037,120.9200
2037,120.9182
2037,120.9164
2037,120.9145
2037,120.9127
2037,120.9109
2037,120.9090
2037,120.9072
2037,120.9053
2037,120.9036
2038,120.9017
2039,120.8889
2040,120.8697
2041,120.8494
2042,120.8298
2043,120.8110
2044,120.7931
2045,120.7759
2046,120.7592
2047,120.7429
2048,120.7272
2049,120.7116
2050,120.6964
2051,120.6806
2052,120.6652
2053,120.6500
2054,120.6351
2055,120.6205
2056,120.6059
2057,120.5913
2058,120.5771
2059,120.5629
2060,120.5488
2061,120.5348
2062,120.5210
2063,120.5072
2064,120.4932
2065,120.4794
2066,120.4659
2067,120.4410
2068,120.4170
2069,120.3949
2070,120.3740
2071,120.3535
2072,120.3342
2073,120.3157
2074,120.2981
2075,120.2811
2076,120.2646
2077,120.2487
2078,120.2332
2079,120.2183
2080,120.2038
2081,120.1895
2082,120.1756
2083,120.1623
2084,120.1492
2085,120.1364
2086,120.1239
2087,120.1116
2088,120.0997
2089,120.0879
2090,120.0764
2091,120.0650
2092,120.0539
2093,120.0429
2094,120.0321
2095,120.0215
2096,120.0110
2097,120.0007
2098,119.9906
2099,119.9806
2100,119.9707
2135,119.7102
