Year,Elevation
2012,137.2372
2012,137.2188
2012,137.2015
2012,137.1831
2012,137.1653
2012,137.1469
2012,137.1290
2012,137.1106
2012,137.0922
2012,137.0744
2012,137.0560
2012,137.0382
2013,137.0197
2013,137.0018
2013,136.9855
2013,136.9676
2013,136.9502
2013,136.9322
2013,136.9148
2013,136.8968
2013,136.8789
2013,136.8615
2013,136.8435
2013,136.8261
2014,136.8081
2014,136.7906
2014,136.7749
2014,136.7574
2014,136.7404
2014,136.7230
2014,136.7060
2014,136.6886
2014,136.6711
2014,136.6542
2014,136.6367
2014,136.6198
2015,136.6023
2015,136.5856
2015,136.5705
2015,136.5539
2015,136.5377
2015,136.5211
2015,136.5049
2015,136.4883
2015,136.4716
2015,136.4554
2015,136.4388
2015,136.4227
2016,136.4060
2016,136.3896
2016,136.3743
2016,136.3579
2016,136.3420
2016,136.3257
2016,136.3098
2016,136.2934
2016,136.2771
2016,136.2612
2016,136.2448
2016,136.2290
2017,136.2126
2017,136.1980
2017,136.1849
2017,136.1703
2017,136.1562
2017,136.1417
2017,136.1276
2017,136.1131
2017,136.0985
2017,136.0844
2017,136.0699
2017,136.0558
2018,136.0412
2018,136.0295
2018,136.0189
2018,136.0071
2018,135.9957
2018,135.9840
2018,135.9726
2018,135.9608
2018,135.9491
2018,135.9377
2018,135.9259
2018,135.9146
2019,136.2325
2019,136.2418
2019,136.2501
2019,136.2592
2019,136.2681
2019,136.2773
2019,136.2862
2019,136.2953
2019,136.3045
2019,136.3134
2019,136.3226
2019,136.3314
2020,136.3406
2020,136.3437
2020,136.3464
2020,136.3494
2020,136.3522
2020,136.3552
2020,136.3580
2020,136.3610
2020,136.3640
2020,136.3668
2020,136.3698
2020,136.3726
2021,136.3755
2021,136.3743
2021,136.3732
2021,136.3720
2021,136.3708
2021,136.3695
2021,136.3683
2021,136.3671
2021,136.3659
2021,136.3647
2021,136.3635
2021,136.3623
2022,136.3610
2022,136.3566
2022,136.3525
2022,136.3480
2022,136.3437
2022,136.3392
2022,136.3348
2022,136.3304
2022,136.3259
2022,136.3215
2022,136.3170
2022,136.3127
2023,136.3082
2023,136.3018
2023,136.2960
2023,136.2895
2023,136.2833
2023,136.2769
2023,136.2706
2023,136.2642
2023,136.2578
2023,136.2515
2023,136.2451
2023,136.2389
2024,136.2325
2024,136.2258
2024,136.2195
2024,136.2128
2024,136.2064
2024,136.1997
2024,136.1933
2024,136.1866
2024,136.1799
2024,136.1734
2024,136.1668
2024,136.1603
2025,136.1536
2025,136.1480
2025,136.1430
2025,136.1374
2025,136.1320
2025,136.1264
2025,136.1210
2025,136.1154
2025,136.1098
2025,136.1044
2025,136.0988
2025,136.0934
2026,136.0878
2026,136.0826
2026,136.0779
2026,136.0727
2026,136.0676
2026,136.0624
2026,136.0574
2026,136.0522
2026,136.0470
2026,136.0419
2026,136.0367
2026,136.0317
2027,136.0265
2027,136.0213
2027,136.0166
2027,136.0114
2027,136.0063
2027,136.0011
2027,135.9961
2027,135.9909
2027,135.9857
2027,135.9807
2027,135.9754
2027,135.9704
2028,135.9652
2028,135.9598
2028,135.9547
2028,135.9492
2028,135.9440
2028,135.9385
2028,135.9333
2028,135.9278
2028,135.9224
2028,135.9171
2028,135.9117
2028,135.9064
2029,135.9010
2029,135.8950
2029,135.8897
2029,135.8837
2029,135.8780
2029,135.8720
2029,135.8663
2029,135.8603
2029,135.8544
2029,135.8486
2029,135.8427
2029,135.8369
2030,135.8310
2030,135.8245
2030,135.8185
2030,135.8120
2030,135.8057
2030,135.7991
2030,135.7928
2030,135.7862
2030,135.7797
2030,135.7734
2030,135.7668
2030,135.7605
2031,135.7539
2031,135.7469
2031,135.7405
2031,135.7335
2031,135.7267
2031,135.7196
2031,135.7128
2031,135.7057
2031,135.6987
2031,135.6919
2031,135.6848
2031,135.6780
2032,135.6710
2032,135.6636
2032,135.6567
2032,135.6493
2032,135.6421
2032,135.6348
2032,135.6276
2032,135.6202
2032,135.6128
2032,135.6057
2032,135.5983
2032,135.5911
2033,135.5837
2033,135.5761
2033,135.5692
2033,135.5616
2033,135.5543
2033,135.5466
2033,135.5393
2033,135.5317
2033,135.5240
2033,135.5167
2033,135.5091
2033,135.5017
2034,135.4941
2034,135.4864
2034,135.4794
2034,135.4717
2034,135.4643
2034,135.4566
2034,135.4491
2034,135.4415
2034,135.4338
2034,135.4263
2034,135.4186
2034,135.4112
2035,135.4035
2035,135.3957
2035,135.3887
2035,135.3810
2035,135.3735
2035,135.3657
2035,135.3582
2035,135.3505
2035,135.3427
2035,135.3352
2035,135.3275
2035,135.3200
2036,135.3122
2036,135.3045
2036,135.2973
2036,135.2896
2036,135.2821
2036,135.2744
2036,135.2669
2036,135.2591
2036,135.2514
2036,135.2439
2036,135.2362
2036,135.2287
2037,135.2210
2037,135.2124
2037,135.2046
2037,135.1959
2037,135.1876
2037,135.1790
2037,135.1706
2037,135.1620
2037,135.1534
2037,135.1450
2037,135.1364
2037,135.1280
2038,135.1194
2039,134.9735
2040,134.8016
2041,134.6278
2042,134.4666
2043,134.3218
2044,134.1930
2045,134.0781
2046,133.9754
2047,133.8823
2048,133.7971
2049,133.7182
2050,133.6448
2051,133.5739
2052,133.5066
2053,133.4419
2054,133.3796
2055,133.3193
2056,133.2608
2057,133.2038
2058,133.1483
2059,133.0940
2060,133.0410
2061,132.9887
2062,132.9376
2063,132.8873
2064,132.8376
2065,132.7885
2066,132.7401
2067,132.6920
2068,132.6442
2069,132.5965
2070,132.5488
2071,132.5010
2072,132.4531
2073,132.4051
2074,132.3571
2075,132.3093
2076,132.2615
2077,132.2140
2078,132.1667
2079,132.1197
2080,132.0730
2081,132.0264
2082,131.9804
2083,131.9351
2084,131.8902
2085,131.8459
2086,131.8021
2087,131.7589
2088,131.7163
2089,131.6741
2090,131.6327
2091,131.5918
2092,131.5516
2093,131.5117
2094,131.4726
2095,131.4339
2096,131.3960
2097,131.3583
2098,131.3213
2099,131.2849
2100,131.2489
2135,130.3191
