Year,Elevation
2012,137.1994
2012,137.1810
2012,137.1638
2012,137.1454
2012,137.1275
2012,137.1091
2012,137.0913
2012,137.0729
2012,137.0545
2012,137.0367
2012,137.0183
2012,137.0005
2013,136.9821
2013,136.9640
2013,136.9478
2013,136.9297
2013,136.9123
2013,136.8942
2013,136.8768
2013,136.8587
2013,136.8407
2013,136.8233
2013,136.8052
2013,136.7878
2014,136.7697
2014,136.7522
2014,136.7363
2014,136.7187
2014,136.7017
2014,136.6841
2014,136.6671
2014,136.6495
2014,136.6319
2014,136.6149
2014,136.5973
2014,136.5803
2015,136.5627
2015,136.5460
2015,136.5308
2015,136.5140
2015,136.4978
2015,136.4810
2015,136.4648
2015,136.4480
2015,136.4312
2015,136.4150
2015,136.3982
2015,136.3820
2016,136.3652
2016,136.3487
2016,136.3333
2016,136.3169
2016,136.3010
2016,136.2845
2016,136.2686
2016,136.2522
2016,136.2357
2016,136.2198
2016,136.2033
2016,136.1874
2017,136.1710
2017,136.1563
2017,136.1431
2017,136.1284
2017,136.1143
2017,136.0996
2017,136.0854
2017,136.0708
2017,136.0562
2017,136.0420
2017,136.0273
2017,136.0132
2018,135.9985
2018,135.9866
2018,135.9759
2018,135.9640
2018,135.9525
2018,135.9406
2018,135.9291
2018,135.9173
2018,135.9054
2018,135.8939
2018,135.8820
2018,135.8705
2019,136.2008
2019,136.2102
2019,136.2186
2019,136.2280
2019,136.2370
2019,136.2463
2019,136.2553
2019,136.2646
2019,136.2739
2019,136.2829
2019,136.2923
2019,136.3013
2020,136.3106
2020,136.3136
2020,136.3164
2020,136.3194
2020,136.3223
2020,136.3252
2020,136.3281
2020,136.3310
2020,136.3340
2020,136.3369
2020,136.3398
2020,136.3427
2021,136.3456
2021,136.3444
2021,136.3432
2021,136.3420
2021,136.3408
2021,136.3395
2021,136.3383
2021,136.3371
2021,136.3358
2021,136.3346
2021,136.3334
2021,136.3322
2022,136.3309
2022,136.3264
2022,136.3224
2022,136.3179
2022,136.3135
2022,136.3091
2022,136.3047
2022,136.3002
2022,136.2957
2022,136.2914
2022,136.2869
2022,136.2825
2023,136.2780
2023,136.2716
2023,136.2658
2023,136.2594
2023,136.2531
2023,136.2467
2023,136.2404
2023,136.2340
2023,136.2276
2023,136.2213
2023,136.2149
2023,136.2086
2024,136.2022
2024,136.1955
2024,136.1892
2024,136.1824
2024,136.1759
2024,136.1692
2024,136.1627
2024,136.1560
2024,136.1492
2024,136.1427
2024,136.1360
2024,136.1295
2025,136.1228
2025,136.1171
2025,136.1120
2025,136.1063
2025,136.1009
2025,136.0952
2025,136.0897
2025,136.0840
2025,136.0784
2025,136.0729
2025,136.0672
2025,136.0617
2026,136.0561
2026,136.0508
2026,136.0461
2026,136.0408
2026,136.0357
2026,136.0304
2026,136.0253
2026,136.0200
2026,136.0148
2026,136.0097
2026,136.0044
2026,135.9993
2027,135.9940
2027,135.9888
2027,135.9840
2027,135.9788
2027,135.9737
2027,135.9684
2027,135.9634
2027,135.9581
2027,135.9529
2027,135.9478
2027,135.9425
2027,135.9374
2028,135.9322
2028,135.9267
2028,135.9216
2028,135.9161
2028,135.9108
2028,135.9052
2028,135.8999
2028,135.8944
2028,135.8889
2028,135.8836
2028,135.8781
2028,135.8728
2029,135.8673
2029,135.8613
2029,135.8559
2029,135.8500
2029,135.8442
2029,135.8382
2029,135.8324
2029,135.8264
2029,135.8204
2029,135.8147
2029,135.8087
2029,135.8029
2030,135.7969
2030,135.7903
2030,135.7844
2030,135.7778
2030,135.7715
2030,135.7649
2030,135.7585
2030,135.7520
2030,135.7454
2030,135.7390
2030,135.7325
2030,135.7261
2031,135.7195
2031,135.7125
2031,135.7061
2031,135.6991
2031,135.6922
2031,135.6852
2031,135.6783
2031,135.6713
2031,135.6642
2031,135.6574
2031,135.6503
2031,135.6435
2032,135.6364
2032,135.6290
2032,135.6221
2032,135.6147
2032,135.6076
2032,135.6002
2032,135.5930
2032,135.5856
2032,135.5782
2032,135.5711
2032,135.5637
2032,135.5565
2033,135.5491
2033,135.5415
2033,135.5346
2033,135.5270
2033,135.5196
2033,135.5120
2033,135.5046
2033,135.4970
2033,135.4894
2033,135.4820
2033,135.4744
2033,135.4671
2034,135.4594
2034,135.4518
2034,135.4448
2034,135.4371
2034,135.4297
2034,135.4220
2034,135.4146
2034,135.4069
2034,135.3992
2034,135.3917
2034,135.3840
2034,135.3766
2035,135.3689
2035,135.3612
2035,135.3542
2035,135.3465
2035,135.3390
2035,135.3312
2035,135.3237
2035,135.3160
2035,135.3083
2035,135.3008
2035,135.2930
2035,135.2855
2036,135.2778
2036,135.2701
2036,135.2629
2036,135.2551
2036,135.2477
2036,135.2400
2036,135.2325
2036,135.2248
2036,135.2171
2036,135.2096
2036,135.2019
2036,135.1944
2037,135.1867
2037,135.1781
2037,135.1704
2037,135.1618
2037,135.1536
2037,135.1450
2037,135.1367
2037,135.1282
2037,135.1197
2037,135.1114
2037,135.1028
2037,135.0946
2038,135.0860
2039,134.9436
2040,134.7754
2041,134.6048
2042,134.4461
2043,134.3031
2044,134.1759
2045,134.0623
2046,133.9606
2047,133.8685
2048,133.7842
2049,133.7060
2050,133.6333
2051,133.5632
2052,133.4964
2053,133.4322
2054,133.3704
2055,133.3106
2056,133.2525
2057,133.1959
2058,133.1407
2059,133.0869
2060,133.0341
2061,132.9822
2062,132.9313
2063,132.8813
2064,132.8320
2065,132.7831
2066,132.7349
2067,132.6872
2068,132.6396
2069,132.5922
2070,132.5448
2071,132.4973
2072,132.4496
2073,132.4018
2074,132.3542
2075,132.3065
2076,132.2590
2077,132.2117
2078,132.1646
2079,132.1178
2080,132.0713
2081,132.0249
2082,131.9791
2083,131.9340
2084,131.8893
2085,131.8451
2086,131.8015
2087,131.7585
2088,131.7160
2089,131.6740
2090,131.6327
2091,131.5920
2092,131.5519
2093,131.5122
2094,131.4732
2095,131.4347
2096,131.3969
2097,131.3593
2098,131.3225
2099,131.2861
2100,131.2503
2135,130.3237
