Year,Elevation
2012,123.6950
2012,123.6911
2012,123.6874
2012,123.6835
2012,123.6796
2012,123.6757
2012,123.6719
2012,123.6679
2012,123.6640
2012,123.6602
2012,123.6562
2012,123.6524
2013,123.6485
2013,123.6445
2013,123.6409
2013,123.6369
2013,123.6331
2013,123.6291
2013,123.6252
2013,123.6212
2013,123.6173
2013,123.6134
2013,123.6094
2013,123.6056
2014,123.6016
2014,123.5988
2014,123.5964
2014,123.5936
2014,123.5910
2014,123.5882
2014,123.5856
2014,123.5828
2014,123.5801
2014,123.5774
2014,123.5747
2014,123.5720
2015,123.5693
2015,123.5662
2015,123.5635
2015,123.5604
2015,123.5575
2015,123.5544
2015,123.5514
2015,123.5484
2015,123.5453
2015,123.5424
2015,123.5393
2015,123.5364
2016,123.5333
2016,123.5306
2016,123.5282
2016,123.5255
2016,123.5230
2016,123.5203
2016,123.5177
2016,123.5151
2016,123.5124
2016,123.5099
2016,123.5072
2016,123.5047
2017,123.5020
2017,123.4996
2017,123.4975
2017,123.4951
2017,123.4928
2017,123.4905
2017,123.4882
2017,123.4858
2017,123.4834
2017,123.4811
2017,123.4788
2017,123.4765
2018,123.4741
2018,123.4710
2018,123.4683
2018,123.4652
2018,123.4622
2018,123.4592
2018,123.4562
2018,123.4531
2018,123.4501
2018,123.4471
2018,123.4441
2018,123.4411
2019,123.3998
2019,123.3948
2019,123.3903
2019,123.3853
2019,123.3805
2019,123.3755
2019,123.3707
2019,123.3658
2019,123.3608
2019,123.3560
2019,123.3510
2019,123.3462
2020,123.3412
2020,123.3366
2020,123.3324
2020,123.3278
2020,123.3234
2020,123.3189
2020,123.3145
2020,123.3099
2020,123.3054
2020,123.3010
2020,123.2964
2020,123.2920
2021,123.2875
2021,123.2835
2021,123.2799
2021,123.2759
2021,123.2720
2021,123.2680
2021,123.2642
2021,123.2602
2021,123.2562
2021,123.2524
2021,123.2484
2021,123.2445
2022,123.2405
2022,123.2369
2022,123.2336
2022,123.2299
2022,123.2264
2022,123.2227
2022,123.2192
2022,123.2156
2022,123.2119
2022,123.2084
2022,123.2047
2022,123.2012
2023,123.1975
2023,123.1941
2023,123.1910
2023,123.1875
2023,123.1842
2023,123.1807
2023,123.1774
2023,123.1739
2023,123.1705
2023,123.1671
2023,123.1637
2023,123.1603
2024,123.1569
2024,123.1535
2024,123.1504
2024,123.1470
2024,123.1438
2024,123.1404
2024,123.1372
2024,123.1338
2024,123.1305
2024,123.1272
2024,123.1238
2024,123.1206
2025,123.1172
2025,123.1140
2025,123.1111
2025,123.1079
2025,123.1047
2025,123.1015
2025,123.0984
2025,123.0951
2025,123.0919
2025,123.0888
2025,123.0856
2025,123.0824
2026,123.0792
2026,123.0760
2026,123.0730
2026,123.0698
2026,123.0667
2026,123.0634
2026,123.0603
2026,123.0570
2026,123.0538
2026,123.0506
2026,123.0474
2026,123.0443
2027,123.0410
2027,123.0375
2027,123.0343
2027,123.0308
2027,123.0274
2027,123.0239
2027,123.0205
2027,123.0170
2027,123.0135
2027,123.0101
2027,123.0066
2027,123.0032
2028,122.9997
2028,122.9962
2028,122.9930
2028,122.9896
2028,122.9863
2028,122.9829
2028,122.9796
2028,122.9761
2028,122.9727
2028,122.9694
2028,122.9660
2028,122.9627
2029,122.9593
2029,122.9560
2029,122.9530
2029,122.9497
2029,122.9465
2029,122.9433
2029,122.9401
2029,122.9368
2029,122.9335
2029,122.9304
2029,122.9271
2029,122.9239
2030,122.9206
2030,122.9174
2030,122.9146
2030,122.9114
2030,122.9084
2030,122.9052
2030,122.9022
2030,122.8990
2030,122.8958
2030,122.8928
2030,122.8896
2030,122.8865
2031,122.8834
2031,122.8803
2031,122.8776
2031,122.8745
2031,122.8716
2031,122.8685
2031,122.8656
2031,122.8625
2031,122.8595
2031,122.8565
2031,122.8535
2031,122.8505
2032,122.8475
2032,122.8445
2032,122.8418
2032,122.8388
2032,122.8360
2032,122.8330
2032,122.8302
2032,122.8272
2032,122.8243
2032,122.8214
2032,122.8185
2032,122.8156
2033,122.8127
2033,122.8098
2033,122.8072
2033,122.8044
2033,122.8017
2033,122.7988
2033,122.7961
2033,122.7932
2033,122.7904
2033,122.7876
2033,122.7848
2033,122.7820
2034,122.7792
2034,122.7764
2034,122.7739
2034,122.7711
2034,122.7684
2034,122.7656
2034,122.7629
2034,122.7601
2034,122.7574
2034,122.7547
2034,122.7519
2034,122.7492
2035,122.7464
2035,122.7437
2035,122.7413
2035,122.7386
2035,122.7360
2035,122.7333
2035,122.7307
2035,122.7280
2035,122.7253
2035,122.7227
2035,122.7200
2035,122.7174
2036,122.7147
2036,122.7120
2036,122.7096
2036,122.7069
2036,122.7044
2036,122.7018
2036,122.6992
2036,122.6966
2036,122.6940
2036,122.6914
2036,122.6888
2036,122.6863
2037,122.6836
2037,122.6812
2037,122.6791
2037,122.6766
2037,122.6743
2037,122.6719
2037,122.6695
2037,122.6671
2037,122.6647
2037,122.6624
2037,122.6600
2037,122.6576
2038,122.6552
2039,122.6311
2040,122.6062
2041,122.5811
2042,122.5567
2043,122.5328
2044,122.5096
2045,122.4869
2046,122.4649
2047,122.4429
2048,122.4213
2049,122.3999
2050,122.3786
2051,122.3573
2052,122.3361
2053,122.3148
2054,122.2941
2055,122.2733
2056,122.2529
2057,122.2323
2058,122.2123
2059,122.1922
2060,122.1722
2061,122.1524
2062,122.1328
2063,122.1134
2064,122.0938
2065,122.0745
2066,122.0553
2067,122.0310
2068,122.0059
2069,121.9817
2070,121.9580
2071,121.9348
2072,121.9123
2073,121.8903
2074,121.8688
2075,121.8481
2076,121.8275
2077,121.8075
2078,121.7879
2079,121.7686
2080,121.7498
2081,121.7311
2082,121.7128
2083,121.6950
2084,121.6773
2085,121.6598
2086,121.6429
2087,121.6261
2088,121.6094
2089,121.5930
2090,121.5768
2091,121.5609
2092,121.5451
2093,121.5296
2094,121.5143
2095,121.4992
2096,121.4841
2097,121.4691
2098,121.4546
2099,121.4400
2100,121.4257
2135,121.0176
