Year,Elevation
2012,125.5774
2012,125.5736
2012,125.5701
2012,125.5663
2012,125.5627
2012,125.5589
2012,125.5553
2012,125.5515
2012,125.5478
2012,125.5441
2012,125.5404
2012,125.5367
2013,125.5330
2013,125.5293
2013,125.5259
2013,125.5222
2013,125.5187
2013,125.5150
2013,125.5114
2013,125.5077
2013,125.5040
2013,125.5004
2013,125.4967
2013,125.4932
2014,125.4895
2014,125.4862
2014,125.4832
2014,125.4799
2014,125.4767
2014,125.4734
2014,125.4702
2014,125.4669
2014,125.4636
2014,125.4604
2014,125.4572
2014,125.4540
2015,125.4507
2015,125.4474
2015,125.4445
2015,125.4412
2015,125.4380
2015,125.4348
2015,125.4316
2015,125.4284
2015,125.4251
2015,125.4219
2015,125.4187
2015,125.4155
2016,125.4122
2016,125.4103
2016,125.4086
2016,125.4067
2016,125.4048
2016,125.4029
2016,125.4011
2016,125.3992
2016,125.3973
2016,125.3955
2016,125.3936
2016,125.3918
2017,125.3899
2017,125.3869
2017,125.3842
2017,125.3812
2017,125.3783
2017,125.3754
2017,125.3725
2017,125.3695
2017,125.3665
2017,125.3636
2017,125.3606
2017,125.3578
2018,125.3548
2018,125.3520
2018,125.3494
2018,125.3466
2018,125.3439
2018,125.3411
2018,125.3384
2018,125.3356
2018,125.3328
2018,125.3301
2018,125.3273
2018,125.3246
2019,125.2547
2019,125.2506
2019,125.2469
2019,125.2428
2019,125.2388
2019,125.2347
2019,125.2308
2019,125.2267
2019,125.2226
2019,125.2186
2019,125.2145
2019,125.2105
2020,125.2064
2020,125.2025
2020,125.1989
2020,125.1950
2020,125.1912
2020,125.1874
2020,125.1836
2020,125.1797
2020,125.1758
2020,125.1721
2020,125.1682
2020,125.1644
2021,125.1605
2021,125.1569
2021,125.1536
2021,125.1499
2021,125.1464
2021,125.1427
2021,125.1392
2021,125.1355
2021,125.1318
2021,125.1283
2021,125.1246
2021,125.1211
2022,125.1174
2022,125.1139
2022,125.1107
2022,125.1072
2022,125.1038
2022,125.1003
2022,125.0969
2022,125.0934
2022,125.0899
2022,125.0865
2022,125.0829
2022,125.0795
2023,125.0760
2023,125.0726
2023,125.0696
2023,125.0662
2023,125.0629
2023,125.0595
2023,125.0563
2023,125.0529
2023,125.0495
2023,125.0462
2023,125.0429
2023,125.0396
2024,125.0362
2024,125.0329
2024,125.0297
2024,125.0264
2024,125.0232
2024,125.0198
2024,125.0166
2024,125.0133
2024,125.0099
2024,125.0067
2024,125.0034
2024,125.0001
2025,124.9968
2025,124.9935
2025,124.9906
2025,124.9873
2025,124.9841
2025,124.9808
2025,124.9776
2025,124.9744
2025,124.9711
2025,124.9679
2025,124.9646
2025,124.9614
2026,124.9582
2026,124.9549
2026,124.9520
2026,124.9488
2026,124.9456
2026,124.9424
2026,124.9393
2026,124.9360
2026,124.9328
2026,124.9297
2026,124.9264
2026,124.9233
2027,124.9201
2027,124.9167
2027,124.9137
2027,124.9104
2027,124.9072
2027,124.9039
2027,124.9007
2027,124.8973
2027,124.8940
2027,124.8908
2027,124.8875
2027,124.8843
2028,124.8809
2028,124.8776
2028,124.8745
2028,124.8713
2028,124.8681
2028,124.8648
2028,124.8616
2028,124.8583
2028,124.8550
2028,124.8518
2028,124.8485
2028,124.8453
2029,124.8420
2029,124.8387
2029,124.8358
2029,124.8326
2029,124.8294
2029,124.8262
2029,124.8230
2029,124.8198
2029,124.8165
2029,124.8134
2029,124.8101
2029,124.8070
2030,124.8037
2030,124.8005
2030,124.7976
2030,124.7944
2030,124.7914
2030,124.7881
2030,124.7850
2030,124.7818
2030,124.7786
2030,124.7756
2030,124.7723
2030,124.7692
2031,124.7660
2031,124.7629
2031,124.7601
2031,124.7570
2031,124.7540
2031,124.7508
2031,124.7478
2031,124.7447
2031,124.7416
2031,124.7386
2031,124.7354
2031,124.7324
2032,124.7293
2032,124.7262
2032,124.7234
2032,124.7203
2032,124.7173
2032,124.7142
2032,124.7113
2032,124.7082
2032,124.7051
2032,124.7021
2032,124.6991
2032,124.6961
2033,124.6930
2033,124.6900
2033,124.6874
2033,124.6844
2033,124.6815
2033,124.6785
2033,124.6757
2033,124.6727
2033,124.6697
2033,124.6668
2033,124.6639
2033,124.6610
2034,124.6580
2034,124.6550
2034,124.6523
2034,124.6493
2034,124.6465
2034,124.6435
2034,124.6406
2034,124.6376
2034,124.6346
2034,124.6317
2034,124.6287
2034,124.6258
2035,124.6229
2035,124.6200
2035,124.6174
2035,124.6145
2035,124.6117
2035,124.6088
2035,124.6060
2035,124.6031
2035,124.6002
2035,124.5974
2035,124.5945
2035,124.5917
2036,124.5888
2036,124.5859
2036,124.5832
2036,124.5804
2036,124.5776
2036,124.5748
2036,124.5720
2036,124.5691
2036,124.5663
2036,124.5635
2036,124.5607
2036,124.5579
2037,124.5550
2037,124.5523
2037,124.5499
2037,124.5471
2037,124.5445
2037,124.5418
2037,124.5391
2037,124.5364
2037,124.5337
2037,124.5310
2037,124.5283
2037,124.5257
2038,124.5229
2039,124.4920
2040,124.4620
2041,124.4326
2042,124.4047
2043,124.3767
2044,124.3497
2045,124.3228
2046,124.2966
2047,124.2699
2048,124.2437
2049,124.2175
2050,124.1910
2051,124.1649
2052,124.1388
2053,124.1119
2054,124.0863
2055,124.0602
2056,124.0348
2057,124.0086
2058,123.9838
2059,123.9584
2060,123.9331
2061,123.9083
2062,123.8837
2063,123.8591
2064,123.8345
2065,123.8105
2066,123.7860
2067,123.7604
2068,123.7343
2069,123.7090
2070,123.6834
2071,123.6585
2072,123.6338
2073,123.6093
2074,123.5851
2075,123.5617
2076,123.5378
2077,123.5147
2078,123.4918
2079,123.4690
2080,123.4470
2081,123.4244
2082,123.4026
2083,123.3810
2084,123.3595
2085,123.3380
2086,123.3174
2087,123.2969
2088,123.2758
2089,123.2554
2090,123.2351
2091,123.2156
2092,123.1955
2093,123.1761
2094,123.1568
2095,123.1376
2096,123.1184
2097,123.0993
2098,123.0809
2099,123.0620
2100,123.0437
2135,122.4968
