Year,Elevation
2012,125.6309
2012,125.6273
2012,125.6239
2012,125.6203
2012,125.6168
2012,125.6132
2012,125.6097
2012,125.6061
2012,125.6025
2012,125.5990
2012,125.5954
2012,125.5919
2013,125.5883
2013,125.5848
2013,125.5816
2013,125.5781
2013,125.5746
2013,125.5711
2013,125.5677
2013,125.5642
2013,125.5607
2013,125.5572
2013,125.5537
2013,125.5503
2014,125.5468
2014,125.5436
2014,125.5408
2014,125.5377
2014,125.5346
2014,125.5315
2014,125.5285
2014,125.5253
2014,125.5222
2014,125.5192
2014,125.5160
2014,125.5130
2015,125.5099
2015,125.5068
2015,125.5040
2015,125.5008
2015,125.4978
2015,125.4947
2015,125.4917
2015,125.4886
2015,125.4855
2015,125.4825
2015,125.4794
2015,125.4764
2016,125.4733
2016,125.4716
2016,125.4701
2016,125.4684
2016,125.4668
2016,125.4652
2016,125.4636
2016,125.4620
2016,125.4603
2016,125.4587
2016,125.4571
2016,125.4555
2017,125.4538
2017,125.4510
2017,125.4484
2017,125.4455
2017,125.4427
2017,125.4398
2017,125.4370
2017,125.4342
2017,125.4313
2017,125.4285
2017,125.4256
2017,125.4228
2018,125.4200
2018,125.4173
2018,125.4149
2018,125.4123
2018,125.4097
2018,125.4071
2018,125.4045
2018,125.4019
2018,125.3992
2018,125.3967
2018,125.3940
2018,125.3914
2019,125.3177
2019,125.3138
2019,125.3102
2019,125.3063
2019,125.3025
2019,125.2986
2019,125.2948
2019,125.2908
2019,125.2869
2019,125.2831
2019,125.2792
2019,125.2753
2020,125.2714
2020,125.2677
2020,125.2642
2020,125.2605
2020,125.2569
2020,125.2531
2020,125.2495
2020,125.2458
2020,125.2421
2020,125.2385
2020,125.2347
2020,125.2311
2021,125.2274
2021,125.2239
2021,125.2207
2021,125.2172
2021,125.2137
2021,125.2102
2021,125.2068
2021,125.2033
2021,125.1998
2021,125.1963
2021,125.1928
2021,125.1894
2022,125.1859
2022,125.1825
2022,125.1794
2022,125.1760
2022,125.1727
2022,125.1693
2022,125.1660
2022,125.1626
2022,125.1592
2022,125.1559
2022,125.1525
2022,125.1492
2023,125.1458
2023,125.1426
2023,125.1396
2023,125.1363
2023,125.1332
2023,125.1299
2023,125.1267
2023,125.1235
2023,125.1202
2023,125.1170
2023,125.1137
2023,125.1106
2024,125.1073
2024,125.1041
2024,125.1010
2024,125.0978
2024,125.0947
2024,125.0914
2024,125.0883
2024,125.0851
2024,125.0818
2024,125.0787
2024,125.0755
2024,125.0723
2025,125.0691
2025,125.0659
2025,125.0630
2025,125.0598
2025,125.0568
2025,125.0536
2025,125.0505
2025,125.0473
2025,125.0441
2025,125.0410
2025,125.0378
2025,125.0348
2026,125.0316
2026,125.0284
2026,125.0256
2026,125.0225
2026,125.0194
2026,125.0163
2026,125.0132
2026,125.0101
2026,125.0070
2026,125.0039
2026,125.0008
2026,124.9978
2027,124.9946
2027,124.9914
2027,124.9885
2027,124.9853
2027,124.9821
2027,124.9789
2027,124.9758
2027,124.9726
2027,124.9694
2027,124.9662
2027,124.9630
2027,124.9599
2028,124.9567
2028,124.9535
2028,124.9505
2028,124.9473
2028,124.9442
2028,124.9410
2028,124.9379
2028,124.9347
2028,124.9315
2028,124.9284
2028,124.9252
2028,124.9221
2029,124.9189
2029,124.9158
2029,124.9129
2029,124.9098
2029,124.9067
2029,124.9036
2029,124.9005
2029,124.8974
2029,124.8942
2029,124.8912
2029,124.8880
2029,124.8850
2030,124.8818
2030,124.8787
2030,124.8759
2030,124.8728
2030,124.8698
2030,124.8667
2030,124.8637
2030,124.8606
2030,124.8575
2030,124.8544
2030,124.8513
2030,124.8483
2031,124.8452
2031,124.8422
2031,124.8394
2031,124.8364
2031,124.8335
2031,124.8305
2031,124.8275
2031,124.8245
2031,124.8215
2031,124.8185
2031,124.8155
2031,124.8126
2032,124.8095
2032,124.8065
2032,124.8037
2032,124.8008
2032,124.7979
2032,124.7949
2032,124.7920
2032,124.7890
2032,124.7860
2032,124.7831
2032,124.7801
2032,124.7772
2033,124.7742
2033,124.7713
2033,124.7687
2033,124.7658
2033,124.7630
2033,124.7601
2033,124.7573
2033,124.7544
2033,124.7515
2033,124.7487
2033,124.7458
2033,124.7430
2034,124.7401
2034,124.7372
2034,124.7346
2034,124.7316
2034,124.7288
2034,124.7259
2034,124.7231
2034,124.7201
2034,124.7172
2034,124.7144
2034,124.7115
2034,124.7086
2035,124.7057
2035,124.7029
2035,124.7003
2035,124.6975
2035,124.6948
2035,124.6919
2035,124.6892
2035,124.6863
2035,124.6835
2035,124.6808
2035,124.6779
2035,124.6752
2036,124.6724
2036,124.6696
2036,124.6669
2036,124.6641
2036,124.6614
2036,124.6586
2036,124.6559
2036,124.6531
2036,124.6503
2036,124.6476
2036,124.6448
2036,124.6421
2037,124.6393
2037,124.6366
2037,124.6342
2037,124.6315
2037,124.6289
2037,124.6262
2037,124.6237
2037,124.6210
2037,124.6183
2037,124.6157
2037,124.6130
2037,124.6105
2038,124.6078
2039,124.5772
2040,124.5473
2041,124.5176
2042,124.4892
2043,124.4605
2044,124.4328
2045,124.4052
2046,124.3784
2047,124.3509
2048,124.3242
2049,124.2974
2050,124.2705
2051,124.2440
2052,124.2175
2053,124.1902
2054,124.1644
2055,124.1380
2056,124.1123
2057,124.0858
2058,124.0608
2059,124.0352
2060,124.0096
2061,123.9846
2062,123.9598
2063,123.9351
2064,123.9103
2065,123.8861
2066,123.8615
2067,123.8358
2068,123.8097
2069,123.7845
2070,123.7589
2071,123.7340
2072,123.7094
2073,123.6850
2074,123.6608
2075,123.6374
2076,123.6135
2077,123.5904
2078,123.5675
2079,123.5447
2080,123.5227
2081,123.5001
2082,123.4783
2083,123.4566
2084,123.4351
2085,123.4135
2086,123.3929
2087,123.3723
2088,123.3511
2089,123.3306
2090,123.3103
2091,123.2907
2092,123.2705
2093,123.2510
2094,123.2316
2095,123.2123
2096,123.1930
2097,123.1738
2098,123.1553
2099,123.1363
2100,123.1179
2135,122.5648
