Year,Elevation
2012,125.4889
2012,125.4849
2012,125.4812
2012,125.4773
2012,125.4735
2012,125.4695
2012,125.4657
2012,125.4618
2012,125.4578
2012,125.4540
2012,125.4501
2012,125.4462
2013,125.4423
2013,125.4384
2013,125.4348
2013,125.4309
2013,125.4271
2013,125.4232
2013,125.4194
2013,125.4155
2013,125.4116
2013,125.4078
2013,125.4038
2013,125.4001
2014,125.3961
2014,125.3927
2014,125.3895
2014,125.3861
2014,125.3827
2014,125.3793
2014,125.3759
2014,125.3724
2014,125.3690
2014,125.3656
2014,125.3622
2014,125.3588
2015,125.3553
2015,125.3519
2015,125.3488
2015,125.3453
2015,125.3419
2015,125.3385
2015,125.3351
2015,125.3316
2015,125.3282
2015,125.3248
2015,125.3214
2015,125.3180
2016,125.3146
2016,125.3124
2016,125.3103
2016,125.3082
2016,125.3061
2016,125.3039
2016,125.3018
2016,125.2996
2016,125.2974
2016,125.2953
2016,125.2931
2016,125.2910
2017,125.2888
2017,125.2857
2017,125.2829
2017,125.2798
2017,125.2768
2017,125.2737
2017,125.2706
2017,125.2675
2017,125.2644
2017,125.2614
2017,125.2582
2017,125.2552
2018,125.2521
2018,125.2491
2018,125.2464
2018,125.2434
2018,125.2404
2018,125.2374
2018,125.2345
2018,125.2315
2018,125.2285
2018,125.2256
2018,125.2225
2018,125.2196
2019,125.1536
2019,125.1493
2019,125.1455
2019,125.1412
2019,125.1370
2019,125.1327
2019,125.1286
2019,125.1243
2019,125.1200
2019,125.1158
2019,125.1115
2019,125.1074
2020,125.1031
2020,125.0990
2020,125.0952
2020,125.0911
2020,125.0871
2020,125.0830
2020,125.0791
2020,125.0750
2020,125.0709
2020,125.0670
2020,125.0629
2020,125.0589
2021,125.0549
2021,125.0510
2021,125.0476
2021,125.0438
2021,125.0401
2021,125.0363
2021,125.0326
2021,125.0288
2021,125.0250
2021,125.0213
2021,125.0174
2021,125.0138
2022,125.0099
2022,125.0063
2022,125.0030
2022,124.9994
2022,124.9958
2022,124.9922
2022,124.9886
2022,124.9850
2022,124.9813
2022,124.9778
2022,124.9742
2022,124.9706
2023,124.9670
2023,124.9635
2023,124.9603
2023,124.9568
2023,124.9534
2023,124.9499
2023,124.9465
2023,124.9430
2023,124.9395
2023,124.9361
2023,124.9326
2023,124.9292
2024,124.9257
2024,124.9222
2024,124.9190
2024,124.9155
2024,124.9121
2024,124.9087
2024,124.9053
2024,124.9018
2024,124.8984
2024,124.8950
2024,124.8915
2024,124.8882
2025,124.8847
2025,124.8813
2025,124.8783
2025,124.8749
2025,124.8716
2025,124.8682
2025,124.8649
2025,124.8615
2025,124.8581
2025,124.8548
2025,124.8514
2025,124.8481
2026,124.8447
2026,124.8414
2026,124.8383
2026,124.8350
2026,124.8317
2026,124.8283
2026,124.8251
2026,124.8217
2026,124.8184
2026,124.8151
2026,124.8117
2026,124.8085
2027,124.8051
2027,124.8017
2027,124.7985
2027,124.7951
2027,124.7917
2027,124.7883
2027,124.7849
2027,124.7815
2027,124.7780
2027,124.7747
2027,124.7712
2027,124.7679
2028,124.7644
2028,124.7610
2028,124.7578
2028,124.7543
2028,124.7510
2028,124.7476
2028,124.7442
2028,124.7408
2028,124.7374
2028,124.7341
2028,124.7306
2028,124.7273
2029,124.7239
2029,124.7205
2029,124.7175
2029,124.7141
2029,124.7108
2029,124.7075
2029,124.7042
2029,124.7008
2029,124.6974
2029,124.6942
2029,124.6908
2029,124.6876
2030,124.6842
2030,124.6809
2030,124.6779
2030,124.6746
2030,124.6713
2030,124.6680
2030,124.6648
2030,124.6615
2030,124.6582
2030,124.6550
2030,124.6517
2030,124.6484
2031,124.6451
2031,124.6419
2031,124.6390
2031,124.6358
2031,124.6327
2031,124.6294
2031,124.6263
2031,124.6231
2031,124.6199
2031,124.6168
2031,124.6135
2031,124.6104
2032,124.6072
2032,124.6040
2032,124.6011
2032,124.5979
2032,124.5948
2032,124.5917
2032,124.5886
2032,124.5854
2032,124.5823
2032,124.5792
2032,124.5761
2032,124.5730
2033,124.5698
2033,124.5668
2033,124.5640
2033,124.5610
2033,124.5580
2033,124.5549
2033,124.5520
2033,124.5489
2033,124.5459
2033,124.5429
2033,124.5398
2033,124.5369
2034,124.5338
2034,124.5308
2034,124.5280
2034,124.5250
2034,124.5220
2034,124.5190
2034,124.5160
2034,124.5129
2034,124.5099
2034,124.5069
2034,124.5039
2034,124.5009
2035,124.4979
2035,124.4949
2035,124.4922
2035,124.4893
2035,124.4864
2035,124.4835
2035,124.4806
2035,124.4776
2035,124.4747
2035,124.4718
2035,124.4688
2035,124.4660
2036,124.4630
2036,124.4601
2036,124.4574
2036,124.4545
2036,124.4517
2036,124.4488
2036,124.4459
2036,124.4430
2036,124.4401
2036,124.4373
2036,124.4344
2036,124.4316
2037,124.4287
2037,124.4259
2037,124.4234
2037,124.4206
2037,124.4179
2037,124.4152
2037,124.4125
2037,124.4097
2037,124.4069
2037,124.4042
2037,124.4015
2037,124.3988
2038,124.3960
2039,124.3648
2040,124.3350
2041,124.3064
2042,124.2794
2043,124.2526
2044,124.2267
2045,124.2009
2046,124.1758
2047,124.1500
2048,124.1248
2049,124.0993
2050,124.0736
2051,124.0482
2052,124.0227
2053,123.9965
2054,123.9715
2055,123.9460
2056,123.9210
2057,123.8953
2058,123.8710
2059,123.8461
2060,123.8212
2061,123.7968
2062,123.7726
2063,123.7484
2064,123.7242
2065,123.7006
2066,123.6765
2067,123.6509
2068,123.6249
2069,123.5996
2070,123.5740
2071,123.5492
2072,123.5246
2073,123.5002
2074,123.4761
2075,123.4528
2076,123.4291
2077,123.4061
2078,123.3833
2079,123.3607
2080,123.3388
2081,123.3164
2082,123.2948
2083,123.2734
2084,123.2521
2085,123.2308
2086,123.2104
2087,123.1901
2088,123.1693
2089,123.1490
2090,123.1290
2091,123.1097
2092,123.0899
2093,123.0707
2094,123.0517
2095,123.0327
2096,123.0138
2097,122.9949
2098,122.9768
2099,122.9582
2100,122.9402
2135,122.4049
