0 0 145.1923340175
1826.2499635 0 142.40383299
1826.25 0 139.5174538
2191.4999635 0 139.5174538
2191.5 0 135.6043805625
2556.7499635 0 135.6043805625
2556.75 0 130.9726214925
2921.9999635 0 130.9726214925
2922 0 125.96440794
3287.2499635 0 125.96440794
3287.25 0 120.8733744
3652.4999635 0 120.8733744
3652.5 0 115.904859685
4017.7499635 0 115.904859685
4017.75 0 111.19301848
4382.9999635 0 111.19301848
4383 0 106.811088295
4748.2499635 0 106.811088295
4748.25 0 102.790554415
5478.7499635 0 99.1375770025
5478.75 0 95.8418891175
5843.9999635 0 95.8418891175
5844 0 92.8836413425
6209.2499635 0 92.8836413425
6209.25 0 90.23887748
6574.4999635 0 90.23887748
6574.5 0 87.88090349
7305 0 83.91854894
8400.749963 0 80.798083505
9131.25 0 77.3264887075
11322.749963 0 73.72073922
13148.999963 0 71.7467488025
14975.249963 0 70.43394935
16801.499963 0 67.8993839825
18992.999963 0 62.0291264925
20819.25 0 55.5653661875
23010.749963 0 50.450376455
24837 0 44.8138261475
26663.25 0 40.6023271725
28489.499963 0 37.559890485
31776.75 0 31.1909650925
35794.499963 0 26.4271047225
39447 0 22.6557152635
44195.25 0 19.65092402475
48943.5 0 17.72073921975
56248.499963 0 16.146475017
63188.249963 0 15.4209445585
66840.749963 0 15.2292950035
67936.499963 0 15.1950718685
68301.749963 0 15.18138261475
68666.999963 0 15.16769336075
69032.25 0 15.14715947975
69397.5 0 15.14031485275
70128 0 15.126625599
71954.25 0 15.085557837
73780.499963 0 15.06502395625
77067.75 0 15.03080082125
82181.249963 0 15.0239561945
86929.499963 0 15.0239561945
96425.999963 0 15.05817932925
115418.99996 0 15.14031485275
134411.99996 0 15.20719251775
153404.99996 0 15.26876009875
172398 0 15.3440093645
191391 0 15.41241778775
210384 0 15.473985369
229377 0 15.5287121075
267728.24996 0 15.638165585
305714.24996 0 15.75445990475
381686.25 0 15.9528443325
384242.99996 0 15.961670089
