0 0 0.1081848829175
730.4999635 0 0.1090305981425
1460.9999635 0 0.110433735255
1461 0 0.111353645635
1826.2499635 0 0.111353645635
1826.25 0 0.112409078525
2191.4999635 0 0.112409078525
2191.5 0 0.1135904515275
2556.7499635 0 0.1135904515275
2556.75 0 0.1148868133275
2921.9999635 0 0.1148877481175
2922 0 0.1162833675575
3287.2499635 0 0.1162833675575
3287.25 0 0.117752224505
3652.4999635 0 0.117752224505
3652.5 0 0.11926146475
4017.7499635 0 0.11926146475
4017.75 0 0.1207686516075
4382.9999635 0 0.1207686516075
4383 0 0.12222587269
4748.2499635 0 0.12222587269
4748.25 0 0.1235893223825
5113.4999635 0 0.1235893223825
5113.5 0 0.12481724846
5478.7499635 0 0.12481724846
5478.75 0 0.125884325805
5843.9999635 0 0.125884325805
5844 0 0.1267734428475
7305 0 0.12861396304
9131.249963 0 0.1284537987675
14244.749963 0 0.124762491445
18992.999963 0 0.121695716985
22645.499963 0 0.1155715263525
25932.75 0 0.10885010267
29585.249963 0 0.102813141685
32872.5 0 0.0962833675575
37255.499963 0 0.0894661190975
41273.25 0 0.0826351813825
46021.499963 0 0.07654346338
50404.5 0 0.0707871321025
55152.749963 0 0.06620807666
59535.75 0 0.0619370294325
65014.499963 0 0.058049281315
70128 0 0.0545790554425
76702.499963 0 0.0513689253925
78528.749963 0 0.0505475701575
78893.999963 0 0.050396988365
79259.249963 0 0.0502327173175
79989.749963 0 0.04993155373
82911.75 0 0.048658453115
89486.25 0 0.046536618755
96060.75 0 0.044907597535
104461.5 0 0.0434154688575
108844.49996 0 0.0428952772075
112862.25 0 0.0424640657075
121263 0 0.04196440794
129663.75 0 0.0418138261475
138064.5 0 0.0419575633125
146465.24996 0 0.042313483915
153404.99996 0 0.042765229295
159979.49996 0 0.0432922655725
166553.99996 0 0.043894592745
173128.49996 0 0.04455852156
180068.24996 0 0.045318275155
186642.74996 0 0.04607118412
193217.24996 0 0.046872005475
199791.74996 0 0.0476855561225
205635.74996 0 0.0484451853875
211479.74996 0 0.0492116581625
217323.74996 0 0.0500055049625
223167.74996 0 0.050799351765
229011.74996 0 0.051613729085
234855.74996 0 0.052434949915
246178.49996 0 0.0540637045575
257866.49996 0 0.0557882682975
269189.24996 0 0.057499145025
280877.24996 0 0.0592989873425
292199.99996 0 0.06109198615
303522.74996 0 0.0629328895075
314845.49996 0 0.0648080104
326168.24996 0 0.0667310358425
337125.74996 0 0.0686335307625
359406 0 0.07270541737
381686.25 0 0.0768936435975
384242.99996 0 0.07690622861
