0 0 11083.3127995
4748.2499635 0 10482.54620125
5478.7499635 0 10124.093087
5478.75 0 9897.80971925
5843.9999635 0 9897.80971925
5844 0 9651.266256
6209.2499635 0 9651.266256
6209.25 0 9392.60780275
6574.4999635 0 9392.60780275
6574.5 0 9129.02121825
6939.7499635 0 9129.02121825
6939.75 0 8866.18754275
7304.9999635 0 8866.18754275
7305 0 8608.07665975
7670.2499635 0 8608.07665975
7670.25 0 8357.70020525
8035.499963 0 8357.70020525
8035.5 0 8116.974675
8400.749963 0 8116.974675
8400.75 0 7887.2005475
8765.999963 0 7887.2005475
8766 0 7669.19917875
9131.249963 0 7669.19917875
9131.25 0 7463.10746075
9496.499963 0 7463.10746075
9496.5 0 7269.1307325
9861.75 0 7087.13210125
12418.5 0 6119.301848
14975.25 0 5584.18891175
29950.499963 0 4814.442163
35794.499963 0 4142.368241
41273.249963 0 3432.58042425
52230.75 0 2334.017796025
69762.75 0 1518.138261475
78163.5 0 1346.338124575
82546.499963 0 1286.04532475
86564.249963 0 1249.320603675
88755.749963 0 1234.358680275
89486.249963 0 1230.278155725
89851.499963 0 1228.237893425
90947.249963 0 1222.1171066
94964.999963 0 1207.1551832
103000.5 0 1190.152997525
242525.99996 0 1185.392385525
381686.25 0 1185.392385525
384242.99996 0 1193.0184805
