0 0 21.23505941825
2921.9999635 0 21.00079390825
3287.2499635 0 20.9189561945
3652.4999635 0 20.78439445575
3652.5 0 20.584579603
4017.7499635 0 20.584579603
4017.75 0 20.31355578375
4382.9999635 0 20.31355578375
4383 0 19.9729669405
4748.2499635 0 19.9729669405
4748.25 0 19.57055078725
5113.4999635 0 19.57055078725
5113.5 0 19.11781054075
5478.7499635 0 19.11781054075
5478.75 0 18.627823614
5843.9999635 0 18.627823614
5844 0 18.1130516085
6209.2499635 0 18.1130516085
6209.25 0 17.58499664625
6574.4999635 0 17.58499664625
6574.5 0 17.052833607
6939.7499635 0 17.052833607
6939.75 0 16.52402525675
7304.9999635 0 16.52402525675
7305 0 16.0042542095
7670.2499635 0 16.0042542095
7670.25 0 15.4975598905
8035.499963 0 15.4975598905
8035.5 0 15.00661252575
8400.749963 0 15.00661252575
8400.75 0 14.53346591375
8765.999963 0 14.53346591375
8766 0 14.0788732375
9131.249963 0 14.0788732375
9131.25 0 13.64358747425
9496.499963 0 13.64358747425
9496.5 0 13.22747180025
9861.749963 0 13.22747180025
9861.75 0 12.830252156
10226.999963 0 12.830252156
10227 0 12.4516546885
10592.249963 0 12.4516546885
10592.25 0 12.09078952775
10957.499963 0 12.09078952775
10957.5 0 11.7471772075
11322.749963 0 11.7471772075
11322.75 0 11.4201330595
11687.999963 0 11.4201330595
11688 0 11.10835646825
12053.249963 0 11.10835646825
12053.25 0 10.81191553725
12418.499963 0 10.81191553725
12418.5 0 10.5291674195
12783.749963 0 10.5291674195
12783.75 0 10.260111978
13148.999963 0 10.260111978
13149 0 10.00338001375
13514.249963 0 10.00338001375
13514.25 0 9.758971321
13879.499963 0 9.758971321
13879.5 0 9.52551683775
14244.749963 0 9.52551683775
14244.75 0 9.3030164955
14609.999963 0 9.3030164955
14610 0 9.09010109525
14975.249963 0 9.09010109525
14975.25 0 8.88745496225
15340.499963 0 8.88745496225
15340.5 0 8.69370917175
15705.749963 0 8.69370917175
15705.75 0 8.50749445575
16801.499963 0 8.160396167
16801.5 0 7.98448673275
17166.749963 0 7.98448673275
17166.75 0 7.8126051905
17897.249963 0 7.69209917875
17897.25 0 7.52370999325
18262.499963 0 7.52370999325
18262.5 0 7.3637386695
19723.499963 0 6.9856121835
20819.25 0 6.5522612595
22280.249963 0 6.265415195
23376 0 5.92174846
25202.25 0 5.54453655025
27028.5 0 5.21182251875
28124.249963 0 5.08927926075
28854.75 0 4.91470616025
29950.499963 0 4.80448514725
30681 0 4.647026215
31776.75 0 4.499151061
32507.249963 0 4.45191300475
32872.5 0 4.35949069125
33968.25 0 4.22736084875
34698.749963 0 4.185599384
35064 0 4.10276132775
35794.499963 0 4.06305373025
36159.75 0 3.9850077345
36890.249963 0 3.94735393575
37255.5 0 3.8741000685
37985.999963 0 3.83781560575
38351.25 0 3.76798494175
39081.749963 0 3.73443867225
39447 0 3.6680312115
40177.5 0 3.605046475
40542.75 0 3.574238809
40907.999963 0 3.574238809
40908 0 3.54343128
41273.249963 0 3.54343128
41273.25 0 3.5133083505
41638.5 0 3.48455448325
42003.749963 0 3.48455448325
42003.75 0 3.455800753
42368.999963 0 3.455800753
42369 0 3.42773155375
42734.249963 0 3.42773155375
42734.25 0 3.39966262825
43099.499963 0 3.39966262825
43099.5 0 3.37227816575
43464.749963 0 3.37227816575
43464.75 0 3.3455783025
43829.999963 0 3.3455783025
43830 0 3.3195631075
44195.249963 0 3.3195631075
44195.25 0 3.29354804925
44560.499963 0 3.29354804925
44560.5 0 3.267532991
44925.749963 0 3.267532991
44925.75 0 3.24357159475
45290.999963 0 3.24357159475
46021.499963 0 3.19496454475
46751.999963 0 3.14772703625
48212.999963 0 3.05872902125
49673.999963 0 2.97589315525
50769.75 0 2.8978502395
53691.749963 0 2.77462648875
56248.5 0 2.65140595475
59170.499963 0 2.55625571525
61727.25 0 2.45974045175
67206 0 2.311899383975
72684.75 0 2.196244353175
77067.749963 0 2.128505817925
81085.5 0 2.06898973305
89486.249963 0 1.986667130425
97886.99996 0 1.9313309144
105922.5 0 1.894487097225
123454.49996 0 1.858460419475
140621.24996 0 1.84501868135
174954.75 0 1.839994711125
243986.99996 0 1.8386184403
381686.25 0 1.836698094225
384242.99996 0 1.8369431896
