0 0 0.02227763305625
365.2499635 0 0.02659317363
2191.4999635 0 0.0305633031275
4748.2499635 0 0.03652732688
5844 0 0.0400212790275
6939.7499635 0 0.0417758868075
8035.499963 0 0.0444288455575
8765.999963 0 0.04622144075
9131.249963 0 0.047127662985
11322.749963 0 0.0527669114725
14610 0 0.063189836095
17897.25 0 0.0735799067375
21184.5 0 0.0839650924025
24471.75 0 0.0934982888425
26663.25 0 0.09796440794
28854.75 0 0.0999472963725
31046.249963 0 0.099739904175
33602.999963 0 0.0972251882275
36890.25 0 0.0909171800125
40177.5 0 0.08431211499
43464.75 0 0.077980835045
46752 0 0.0724093086925
49673.999963 0 0.0686858316225
52230.75 0 0.0650376454475
57709.5 0 0.059760438055
65014.499963 0 0.055338809035
71954.25 0 0.05266255989
81085.5 0 0.05126625599
90216.749963 0 0.051300479125
98982.74996 0 0.05221081451
107748.74996 0 0.053689253935
116514.74996 0 0.05550992471
125280.74996 0 0.0575359342925
135507.74996 0 0.060054757015
145734.74996 0 0.06264202601
155961.74996 0 0.0652772073925
165823.49996 0 0.0678165639975
176050.49996 0 0.070465434635
185912.25 0 0.0731006160175
196139.24996 0 0.075653661875
206001 0 0.07828199863
216228 0 0.0808966461325
226454.99996 0 0.083422313485
236681.99996 0 0.0860301163575
246543.74996 0 0.0885190197575
256770.74996 0 0.0910991705575
266632.5 0 0.093665633555
276859.49996 0 0.096136281935
286721.25 0 0.0986753693275
298774.49996 0 0.1015429639825
310462.5 0 0.1044789976525
322515.74996 0 0.1072918410975
334203.75 0 0.1101868113575
357945 0 0.1157303714325
381686.25 0 0.1210686144675
384242.99996 0 0.12108145106
