0 0 0.000281212183425
365.2499635 0 0.000281212183425
365.25 0 0.000285275838475
730.4999635 0 0.000285275838475
730.5 0 0.000289421629025
1095.7499635 0 0.000289421629025
1095.75 0 0.000293623545525
1460.9999635 0 0.000293623545525
1461 0 0.000297859000675
1826.2499635 0 0.000297859000675
1826.25 0 0.000302106776175
2191.4999635 0 0.000302106776175
2191.5 0 0.00030634976045
2556.7499635 0 0.00030634976045
2556.75 0 0.0003105708419
2921.9999635 0 0.0003105708419
2922 0 0.00031476043805
3287.2499635 0 0.00031476043805
3287.25 0 0.000318906913075
3652.4999635 0 0.000318906913075
3652.5 0 0.00032300479125
4017.7499635 0 0.00032300479125
4017.75 0 0.000327045859
4382.9999635 0 0.000327045859
4383 0 0.000331028747425
4748.2499635 0 0.000331028747425
4748.25 0 0.000334947296375
5113.4999635 0 0.000334947296375
5113.5 0 0.000338798767975
5478.7499635 0 0.000338798767975
5478.75 0 0.0003425797399
5843.9999635 0 0.0003425797399
5844 0 0.000346287474325
6209.2499635 0 0.000346287474325
6209.25 0 0.00034991101985
6574.4999635 0 0.00034991101985
6574.5 0 0.00035346338125
6939.7499635 0 0.00035346338125
6939.75 0 0.000356919917875
7304.9999635 0 0.000356919917875
7305 0 0.000360301163575
7670.2499635 0 0.000360301163575
7670.25 0 0.00036359342915
8035.499963 0 0.00036359342915
8035.5 0 0.000366810403825
8400.749963 0 0.000366810403825
8400.75 0 0.00036993839835
8765.999963 0 0.00036993839835
8766 0 0.0003729979466
9131.249963 0 0.0003729979466
9131.25 0 0.000375982203975
9496.499963 0 0.000375982203975
9496.5 0 0.000378891170425
9861.749963 0 0.000378891170425
9861.75 0 0.000381745379875
10226.999963 0 0.000381745379875
10227 0 0.000384524298425
10592.249963 0 0.000384524298425
10592.25 0 0.0003872347707
10957.499963 0 0.0003872347707
10957.5 0 0.000389890485975
11322.749963 0 0.000389890485975
11322.75 0 0.0003924845996
11687.999963 0 0.0003924845996
11688 0 0.000395003422325
12053.249963 0 0.000395003422325
12053.25 0 0.000397467488025
12418.499963 0 0.000397467488025
12418.5 0 0.00039986310745
12783.749963 0 0.00039986310745
12783.75 0 0.000402183436
13148.999963 0 0.000402183436
13149 0 0.000404449007525
13514.249963 0 0.000404449007525
13514.25 0 0.00040663928815
13879.499963 0 0.00040663928815
13879.5 0 0.0004087542779
14244.749963 0 0.0004087542779
14244.75 0 0.000410752908975
14609.999963 0 0.000410752908975
14610 0 0.000412594113625
14975.249963 0 0.000412594113625
14975.25 0 0.000414120465425
15340.499963 0 0.000414120465425
15340.5 0 0.00041514031485
15705.749963 0 0.00041514031485
15705.75 0 0.0004153798768
16070.999963 0 0.0004153798768
16071 0 0.00041457905545
16436.249963 0 0.00041457905545
16436.25 0 0.0004125119781
16801.499963 0 0.0004125119781
16801.5 0 0.0004087169484
17166.749963 0 0.0004087169484
17166.75 0 0.000404116727175
17531.999963 0 0.000404116727175
17532 0 0.000397351129375
17897.249963 0 0.000397351129375
17897.25 0 0.0003897193703
18262.499963 0 0.0003897193703
18262.5 0 0.0003784869683
18627.749963 0 0.0003784869683
18627.75 0 0.0003709087518
18992.999963 0 0.0003709087518
18993 0 0.000367195655675
19358.249963 0 0.000367195655675
19358.25 0 0.0003542915811
19723.499963 0 0.0003542915811
19723.5 0 0.000345770020525
20088.749963 0 0.000345770020525
20088.75 0 0.000337392197125
20453.999963 0 0.000337392197125
20454 0 0.0003292128679
20819.249963 0 0.0003292128679
20819.25 0 0.000321273100625
21184.499963 0 0.000321273100625
21184.5 0 0.00031359342915
21549.749963 0 0.00031359342915
21549.75 0 0.000306187542775
21914.999963 0 0.000306187542775
21915 0 0.000299069130725
22280.249963 0 0.000299069130725
22280.25 0 0.0002922313484
22645.499963 0 0.0002922313484
22645.5 0 0.000285681040375
23010.749963 0 0.000285681040375
23010.75 0 0.000279397672825
23375.999963 0 0.000279397672825
23376 0 0.0002734017796
23741.249963 0 0.0002734017796
23741.25 0 0.000267645448325
24106.499963 0 0.000267645448325
24106.5 0 0.0002621560575
24471.749963 0 0.0002621560575
24471.75 0 0.0002569062286
24836.999963 0 0.0002569062286
24837 0 0.0002518754278
25202.249963 0 0.0002518754278
25202.25 0 0.0002470704996575
25567.499963 0 0.0002470704996575
25567.5 0 0.000242470910335
25932.749963 0 0.000242470910335
25932.75 0 0.0002380766598225
26297.999963 0 0.0002380766598225
26298 0 0.00023386036961
26663.249963 0 0.00023386036961
26663.25 0 0.000229828884325
27028.499963 0 0.0002298289237425
27028.5 0 0.0002259617104725
27393.749963 0 0.0002259617104725
27393.75 0 0.00022225876827
27758.999963 0 0.00022225876827
27759 0 0.0002187064078825
28124.249963 0 0.0
384242.99996 0 0.0
