Year,Elevation
2012,134.3045
2012,134.3020
2012,134.2997
2012,134.2972
2012,134.2948
2012,134.2923
2012,134.2899
2012,134.2874
2012,134.2849
2012,134.2825
2012,134.2800
2012,134.2776
2013,134.2751
2013,134.2738
2013,134.2727
2013,134.2715
2013,134.2703
2013,134.2691
2013,134.2679
2013,134.2667
2013,134.2654
2013,134.2643
2013,134.2630
2013,134.2618
2014,134.2606
2014,134.2589
2014,134.2573
2014,134.2555
2014,134.2538
2014,134.2521
2014,134.2504
2014,134.2486
2014,134.2469
2014,134.2452
2014,134.2434
2014,134.2417
2015,134.2400
2015,134.2382
2015,134.2366
2015,134.2349
2015,134.2332
2015,134.2314
2015,134.2297
2015,134.2280
2015,134.2262
2015,134.2245
2015,134.2228
2015,134.2211
2016,134.2193
2016,134.2183
2016,134.2173
2016,134.2162
2016,134.2152
2016,134.2141
2016,134.2131
2016,134.2120
2016,134.2110
2016,134.2099
2016,134.2089
2016,134.2079
2017,134.2068
2017,134.2056
2017,134.2045
2017,134.2033
2017,134.2021
2017,134.2009
2017,134.1998
2017,134.1986
2017,134.1974
2017,134.1962
2017,134.1950
2017,134.1938
2018,134.1926
2018,134.1916
2018,134.1907
2018,134.1896
2018,134.1886
2018,134.1876
2018,134.1866
2018,134.1856
2018,134.1845
2018,134.1835
2018,134.1825
2018,134.1815
2019,134.1815
2019,134.1802
2019,134.1790
2019,134.1777
2019,134.1765
2019,134.1752
2019,134.1739
2019,134.1726
2019,134.1713
2019,134.1701
2019,134.1687
2019,134.1675
2020,134.1662
2020,134.1652
2020,134.1642
2020,134.1632
2020,134.1622
2020,134.1612
2020,134.1602
2020,134.1592
2020,134.1582
2020,134.1572
2020,134.1561
2020,134.1552
2021,134.1541
2021,134.1533
2021,134.1525
2021,134.1517
2021,134.1509
2021,134.1500
2021,134.1492
2021,134.1484
2021,134.1475
2021,134.1467
2021,134.1459
2021,134.1451
2022,134.1442
2022,134.1434
2022,134.1427
2022,134.1420
2022,134.1412
2022,134.1404
2022,134.1397
2022,134.1389
2022,134.1381
2022,134.1374
2022,134.1366
2022,134.1358
2023,134.1351
2023,134.1345
2023,134.1340
2023,134.1335
2023,134.1330
2023,134.1325
2023,134.1319
2023,134.1314
2023,134.1309
2023,134.1303
2023,134.1298
2023,134.1293
2024,134.1288
2024,134.1281
2024,134.1274
2024,134.1267
2024,134.1261
2024,134.1254
2024,134.1247
2024,134.1240
2024,134.1233
2024,134.1226
2024,134.1219
2024,134.1213
2025,134.1206
2025,134.1204
2025,134.1202
2025,134.1201
2025,134.1199
2025,134.1197
2025,134.1195
2025,134.1193
2025,134.1191
2025,134.1190
2025,134.1188
2025,134.1186
2026,134.1184
2026,134.1181
2026,134.1178
2026,134.1175
2026,134.1171
2026,134.1168
2026,134.1165
2026,134.1162
2026,134.1158
2026,134.1155
2026,134.1152
2026,134.1149
2027,134.1146
2027,134.1144
2027,134.1142
2027,134.1140
2027,134.1138
2027,134.1137
2027,134.1135
2027,134.1133
2027,134.1131
2027,134.1129
2027,134.1127
2027,134.1126
2028,134.1124
2028,134.1122
2028,134.1121
2028,134.1119
2028,134.1118
2028,134.1116
2028,134.1115
2028,134.1113
2028,134.1111
2028,134.1110
2028,134.1108
2028,134.1107
2029,134.1105
2029,134.1104
2029,134.1103
2029,134.1101
2029,134.1100
2029,134.1098
2029,134.1097
2029,134.1095
2029,134.1094
2029,134.1093
2029,134.1091
2029,134.1090
2030,134.1088
2030,134.1087
2030,134.1085
2030,134.1084
2030,134.1082
2030,134.1081
2030,134.1079
2030,134.1078
2030,134.1076
2030,134.1074
2030,134.1073
2030,134.1071
2031,134.1070
2031,134.1069
2031,134.1068
2031,134.1067
2031,134.1066
2031,134.1065
2031,134.1064
2031,134.1063
2031,134.1062
2031,134.1062
2031,134.1061
2031,134.1060
2032,134.1059
2032,134.1058
2032,134.1057
2032,134.1056
2032,134.1056
2032,134.1055
2032,134.1054
2032,134.1053
2032,134.1052
2032,134.1051
2032,134.1051
2032,134.1050
2033,134.1049
2033,134.1048
2033,134.1047
2033,134.1046
2033,134.1046
2033,134.1045
2033,134.1044
2033,134.1043
2033,134.1042
2033,134.1042
2033,134.1041
2033,134.1040
2034,134.1039
2034,134.1038
2034,134.1038
2034,134.1037
2034,134.1036
2034,134.1035
2034,134.1034
2034,134.1033
2034,134.1032
2034,134.1031
2034,134.1031
2034,134.1030
2035,134.1029
2035,134.1028
2035,134.1027
2035,134.1026
2035,134.1026
2035,134.1025
2035,134.1024
2035,134.1023
2035,134.1022
2035,134.1021
2035,134.1021
2035,134.1020
2036,134.1019
2036,134.1018
2036,134.1018
2036,134.1017
2036,134.1016
2036,134.1015
2036,134.1015
2036,134.1014
2036,134.1013
2036,134.1013
2036,134.1012
2036,134.1011
2037,134.1010
2037,134.1010
2037,134.1009
2037,134.1008
2037,134.1008
2037,134.1007
2037,134.1006
2037,134.1005
2037,134.1004
2037,134.1004
2037,134.1003
2037,134.1002
2038,134.1002
2039,134.0980
2040,134.0975
2041,134.0963
2042,134.0951
2043,134.0941
2044,134.0934
2045,134.0927
2046,134.0922
2047,134.0917
2048,134.0914
2049,134.0910
2050,134.0906
2051,134.0899
2052,134.0894
2053,134.0884
2054,134.0883
2055,134.0881
2056,134.0876
2057,134.0872
2058,134.0869
2059,134.0865
2060,134.0862
2061,134.0859
2062,134.0856
2063,134.0853
2064,134.0851
2065,134.0847
2066,134.0845
2067,134.0842
2068,134.0839
2069,134.0836
2070,134.0834
2071,134.0831
2072,134.0829
2073,134.0826
2074,134.0823
2075,134.0820
2076,134.0816
2077,134.0814
2078,134.0810
2079,134.0807
2080,134.0804
2081,134.0800
2082,134.0797
2083,134.0794
2084,134.0791
2085,134.0789
2086,134.0786
2087,134.0783
2088,134.0781
2089,134.0778
2090,134.0776
2091,134.0773
2092,134.0771
2093,134.0768
2094,134.0766
2095,134.0764
2096,134.0762
2097,134.0760
2098,134.0757
2099,134.0755
2100,134.0754
2135,134.0700
