Year,Elevation
2012,132.3941
2012,132.3851
2012,132.3766
2012,132.3676
2012,132.3588
2012,132.3498
2012,132.3410
2012,132.3320
2012,132.3230
2012,132.3142
2012,132.3052
2012,132.2964
2013,132.2874
2013,132.2783
2013,132.2701
2013,132.2610
2013,132.2522
2013,132.2431
2013,132.2343
2013,132.2252
2013,132.2161
2013,132.2073
2013,132.1982
2013,132.1893
2014,132.1803
2014,132.1747
2014,132.1697
2014,132.1641
2014,132.1587
2014,132.1531
2014,132.1478
2014,132.1422
2014,132.1366
2014,132.1312
2014,132.1257
2014,132.1203
2015,132.1147
2015,132.1073
2015,132.1006
2015,132.0932
2015,132.0861
2015,132.0787
2015,132.0715
2015,132.0642
2015,132.0568
2015,132.0496
2015,132.0422
2015,132.0351
2016,132.0277
2016,132.0202
2016,132.0132
2016,132.0056
2016,131.9984
2016,131.9909
2016,131.9836
2016,131.9761
2016,131.9686
2016,131.9613
2016,131.9538
2016,131.9465
2017,131.9390
2017,131.9324
2017,131.9264
2017,131.9198
2017,131.9133
2017,131.9067
2017,131.9003
2017,131.8936
2017,131.8870
2017,131.8806
2017,131.8739
2017,131.8675
2018,131.8609
2018,131.8529
2018,131.8458
2018,131.8378
2018,131.8301
2018,131.8222
2018,131.8145
2018,131.8066
2018,131.7986
2018,131.7909
2018,131.7830
2018,131.7753
2019,131.7784
2019,131.7709
2019,131.7641
2019,131.7567
2019,131.7494
2019,131.7419
2019,131.7347
2019,131.7272
2019,131.7197
2019,131.7125
2019,131.7050
2019,131.6978
2020,131.6903
2020,131.6826
2020,131.6755
2020,131.6679
2020,131.6605
2020,131.6529
2020,131.6455
2020,131.6379
2020,131.6302
2020,131.6228
2020,131.6152
2020,131.6078
2021,131.6002
2021,131.5924
2021,131.5854
2021,131.5776
2021,131.5701
2021,131.5623
2021,131.5547
2021,131.5470
2021,131.5392
2021,131.5316
2021,131.5238
2021,131.5163
2022,131.5085
2022,131.5006
2022,131.4935
2022,131.4856
2022,131.4779
2022,131.4700
2022,131.4623
2022,131.4544
2022,131.4465
2022,131.4389
2022,131.4309
2022,131.4233
2023,131.4154
2023,131.4073
2023,131.4001
2023,131.3921
2023,131.3843
2023,131.3763
2023,131.3685
2023,131.3605
2023,131.3525
2023,131.3447
2023,131.3367
2023,131.3289
2024,131.3209
2024,131.3129
2024,131.3055
2024,131.2976
2024,131.2899
2024,131.2820
2024,131.2743
2024,131.2664
2024,131.2585
2024,131.2508
2024,131.2429
2024,131.2352
2025,131.2273
2025,131.2198
2025,131.2131
2025,131.2056
2025,131.1984
2025,131.1910
2025,131.1838
2025,131.1763
2025,131.1689
2025,131.1616
2025,131.1542
2025,131.1470
2026,131.1395
2026,131.1328
2026,131.1268
2026,131.1201
2026,131.1137
2026,131.1070
2026,131.1005
2026,131.0938
2026,131.0872
2026,131.0807
2026,131.0740
2026,131.0676
2027,131.0609
2027,131.0554
2027,131.0504
2027,131.0449
2027,131.0396
2027,131.0341
2027,131.0288
2027,131.0233
2027,131.0178
2027,131.0125
2027,131.0070
2027,131.0016
2028,130.9962
2028,130.9916
2028,130.9874
2028,130.9828
2028,130.9784
2028,130.9739
2028,130.9695
2028,130.9649
2028,130.9604
2028,130.9560
2028,130.9515
2028,130.9471
2029,130.9425
2029,130.9384
2029,130.9347
2029,130.9306
2029,130.9266
2029,130.9225
2029,130.9185
2029,130.9144
2029,130.9103
2029,130.9063
2029,130.9022
2029,130.8982
2030,130.8941
2030,130.8901
2030,130.8864
2030,130.8824
2030,130.8786
2030,130.8746
2030,130.8707
2030,130.8667
2030,130.8627
2030,130.8589
2030,130.8549
2030,130.8510
2031,130.8470
2031,130.8429
2031,130.8393
2031,130.8352
2031,130.8313
2031,130.8273
2031,130.8233
2031,130.8193
2031,130.8152
2031,130.8113
2031,130.8073
2031,130.8034
2032,130.7993
2032,130.7952
2032,130.7913
2032,130.7872
2032,130.7832
2032,130.7790
2032,130.7750
2032,130.7709
2032,130.7668
2032,130.7628
2032,130.7586
2032,130.7546
2033,130.7505
2033,130.7462
2033,130.7424
2033,130.7381
2033,130.7340
2033,130.7297
2033,130.7256
2033,130.7214
2033,130.7171
2033,130.7130
2033,130.7087
2033,130.7046
2034,130.7003
2034,130.6960
2034,130.6920
2034,130.6876
2034,130.6834
2034,130.6790
2034,130.6747
2034,130.6704
2034,130.6660
2034,130.6617
2034,130.6573
2034,130.6531
2035,130.6487
2035,130.6442
2035,130.6401
2035,130.6356
2035,130.6312
2035,130.6267
2035,130.6223
2035,130.6178
2035,130.6133
2035,130.6089
2035,130.6043
2035,130.6000
2036,130.5954
2036,130.5908
2036,130.5865
2036,130.5820
2036,130.5775
2036,130.5729
2036,130.5685
2036,130.5639
2036,130.5593
2036,130.5549
2036,130.5503
2036,130.5459
2037,130.5413
2037,130.5364
2037,130.5320
2037,130.5271
2037,130.5224
2037,130.5175
2037,130.5128
2037,130.5079
2037,130.5030
2037,130.4983
2037,130.4934
2037,130.4887
2038,130.4838
2039,130.4154
2040,130.3339
2041,130.2406
2042,130.1410
2043,130.0406
2044,129.9433
2045,129.8508
2046,129.7644
2047,129.6846
2048,129.6101
2049,129.5403
2050,129.4750
2051,129.4131
2052,129.3539
2053,129.2968
2054,129.2424
2055,129.1901
2056,129.1396
2057,129.0908
2058,129.0438
2059,128.9984
2060,128.9544
2061,128.9117
2062,128.8706
2063,128.8305
2064,128.7914
2065,128.7531
2066,128.7158
2067,128.6790
2068,128.6423
2069,128.6052
2070,128.5677
2071,128.5301
2072,128.4922
2073,128.4542
2074,128.4165
2075,128.3793
2076,128.3424
2077,128.3060
2078,128.2703
2079,128.2351
2080,128.2006
2081,128.1664
2082,128.1328
2083,128.0997
2084,128.0674
2085,128.0355
2086,128.0041
2087,127.9733
2088,127.9430
2089,127.9132
2090,127.8841
2091,127.8554
2092,127.8273
2093,127.7997
2094,127.7726
2095,127.7461
2096,127.7202
2097,127.6947
2098,127.6697
2099,127.6451
2100,127.6209
2135,126.9869
