Year,Elevation
2012,132.4218
2012,132.4128
2012,132.4043
2012,132.3952
2012,132.3865
2012,132.3774
2012,132.3687
2012,132.3596
2012,132.3506
2012,132.3418
2012,132.3327
2012,132.3240
2013,132.3149
2013,132.3057
2013,132.2974
2013,132.2882
2013,132.2794
2013,132.2702
2013,132.2613
2013,132.2521
2013,132.2429
2013,132.2340
2013,132.2248
2013,132.2159
2014,132.2068
2014,132.2013
2014,132.1963
2014,132.1908
2014,132.1855
2014,132.1800
2014,132.1747
2014,132.1692
2014,132.1637
2014,132.1584
2014,132.1529
2014,132.1475
2015,132.1420
2015,132.1346
2015,132.1278
2015,132.1203
2015,132.1131
2015,132.1056
2015,132.0984
2015,132.0909
2015,132.0834
2015,132.0762
2015,132.0687
2015,132.0615
2016,132.0540
2016,132.0464
2016,132.0393
2016,132.0318
2016,132.0244
2016,132.0169
2016,132.0095
2016,132.0020
2016,131.9944
2016,131.9871
2016,131.9795
2016,131.9722
2017,131.9646
2017,131.9579
2017,131.9519
2017,131.9453
2017,131.9388
2017,131.9321
2017,131.9257
2017,131.9190
2017,131.9124
2017,131.9059
2017,131.8993
2017,131.8928
2018,131.8862
2018,131.8781
2018,131.8708
2018,131.8628
2018,131.8550
2018,131.8470
2018,131.8392
2018,131.8312
2018,131.8232
2018,131.8154
2018,131.8073
2018,131.7996
2019,131.8030
2019,131.7955
2019,131.7887
2019,131.7812
2019,131.7740
2019,131.7665
2019,131.7593
2019,131.7518
2019,131.7443
2019,131.7370
2019,131.7295
2019,131.7223
2020,131.7148
2020,131.7072
2020,131.7001
2020,131.6926
2020,131.6852
2020,131.6776
2020,131.6703
2020,131.6627
2020,131.6552
2020,131.6478
2020,131.6402
2020,131.6329
2021,131.6253
2021,131.6176
2021,131.6107
2021,131.6030
2021,131.5955
2021,131.5878
2021,131.5804
2021,131.5726
2021,131.5649
2021,131.5575
2021,131.5498
2021,131.5423
2022,131.5346
2022,131.5268
2022,131.5198
2022,131.5120
2022,131.5044
2022,131.4966
2022,131.4891
2022,131.4813
2022,131.4735
2022,131.4659
2022,131.4581
2022,131.4506
2023,131.4428
2023,131.4349
2023,131.4277
2023,131.4198
2023,131.4122
2023,131.4042
2023,131.3966
2023,131.3887
2023,131.3808
2023,131.3731
2023,131.3652
2023,131.3576
2024,131.3496
2024,131.3418
2024,131.3345
2024,131.3267
2024,131.3192
2024,131.3114
2024,131.3038
2024,131.2960
2024,131.2882
2024,131.2806
2024,131.2728
2024,131.2653
2025,131.2575
2025,131.2501
2025,131.2435
2025,131.2361
2025,131.2290
2025,131.2216
2025,131.2145
2025,131.2071
2025,131.1998
2025,131.1926
2025,131.1853
2025,131.1782
2026,131.1708
2026,131.1642
2026,131.1582
2026,131.1516
2026,131.1452
2026,131.1385
2026,131.1321
2026,131.1255
2026,131.1189
2026,131.1124
2026,131.1058
2026,131.0994
2027,131.0928
2027,131.0873
2027,131.0823
2027,131.0768
2027,131.0714
2027,131.0659
2027,131.0606
2027,131.0551
2027,131.0495
2027,131.0442
2027,131.0387
2027,131.0334
2028,131.0278
2028,131.0232
2028,131.0189
2028,131.0143
2028,131.0099
2028,131.0053
2028,131.0009
2028,130.9963
2028,130.9917
2028,130.9872
2028,130.9826
2028,130.9782
2029,130.9736
2029,130.9694
2029,130.9657
2029,130.9615
2029,130.9575
2029,130.9533
2029,130.9493
2029,130.9451
2029,130.9409
2029,130.9369
2029,130.9327
2029,130.9287
2030,130.9245
2030,130.9205
2030,130.9168
2030,130.9128
2030,130.9089
2030,130.9048
2030,130.9009
2030,130.8969
2030,130.8929
2030,130.8889
2030,130.8849
2030,130.8810
2031,130.8769
2031,130.8729
2031,130.8692
2031,130.8651
2031,130.8612
2031,130.8571
2031,130.8531
2031,130.8491
2031,130.8450
2031,130.8411
2031,130.8370
2031,130.8330
2032,130.8290
2032,130.8248
2032,130.8210
2032,130.8168
2032,130.8129
2032,130.8087
2032,130.8047
2032,130.8006
2032,130.7965
2032,130.7925
2032,130.7884
2032,130.7844
2033,130.7802
2033,130.7760
2033,130.7722
2033,130.7679
2033,130.7638
2033,130.7596
2033,130.7555
2033,130.7513
2033,130.7470
2033,130.7429
2033,130.7387
2033,130.7346
2034,130.7303
2034,130.7260
2034,130.7221
2034,130.7177
2034,130.7135
2034,130.7091
2034,130.7049
2034,130.7006
2034,130.6962
2034,130.6920
2034,130.6876
2034,130.6834
2035,130.6791
2035,130.6746
2035,130.6705
2035,130.6661
2035,130.6617
2035,130.6573
2035,130.6529
2035,130.6485
2035,130.6440
2035,130.6396
2035,130.6352
2035,130.6308
2036,130.6264
2036,130.6218
2036,130.6176
2036,130.6131
2036,130.6087
2036,130.6042
2036,130.5998
2036,130.5952
2036,130.5907
2036,130.5863
2036,130.5818
2036,130.5774
2037,130.5729
2037,130.5681
2037,130.5637
2037,130.5589
2037,130.5542
2037,130.5494
2037,130.5448
2037,130.5399
2037,130.5351
2037,130.5305
2037,130.5256
2037,130.5210
2038,130.5161
2039,130.4487
2040,130.3681
2041,130.2755
2042,130.1764
2043,130.0761
2044,129.9785
2045,129.8854
2046,129.7982
2047,129.7174
2048,129.6419
2049,129.5711
2050,129.5048
2051,129.4420
2052,129.3819
2053,129.3241
2054,129.2690
2055,129.2160
2056,129.1650
2057,129.1157
2058,129.0682
2059,129.0224
2060,128.9781
2061,128.9350
2062,128.8934
2063,128.8530
2064,128.8136
2065,128.7751
2066,128.7376
2067,128.7006
2068,128.6638
2069,128.6266
2070,128.5892
2071,128.5517
2072,128.5141
2073,128.4764
2074,128.4392
2075,128.4023
2076,128.3658
2077,128.3297
2078,128.2943
2079,128.2595
2080,128.2252
2081,128.1913
2082,128.1580
2083,128.1252
2084,128.0930
2085,128.0613
2086,128.0302
2087,127.9996
2088,127.9695
2089,127.9399
2090,127.9110
2091,127.8826
2092,127.8546
2093,127.8272
2094,127.8003
2095,127.7739
2096,127.7481
2097,127.7227
2098,127.6977
2099,127.6732
2100,127.6491
2135,127.0169
