Year,Elevation
2012,132.9257
2012,132.9163
2012,132.9075
2012,132.8982
2012,132.8891
2012,132.8798
2012,132.8707
2012,132.8613
2012,132.8520
2012,132.8429
2012,132.8336
2012,132.8245
2013,132.8152
2013,132.8059
2013,132.7976
2013,132.7884
2013,132.7795
2013,132.7703
2013,132.7613
2013,132.7521
2013,132.7429
2013,132.7340
2013,132.7248
2013,132.7159
2014,132.7066
2014,132.6998
2014,132.6936
2014,132.6868
2014,132.6802
2014,132.6734
2014,132.6668
2014,132.6600
2014,132.6531
2014,132.6465
2014,132.6397
2014,132.6331
2015,132.6263
2015,132.6188
2015,132.6120
2015,132.6045
2015,132.5972
2015,132.5897
2015,132.5824
2015,132.5749
2015,132.5674
2015,132.5602
2015,132.5526
2015,132.5454
2016,132.5379
2016,132.5302
2016,132.5230
2016,132.5153
2016,132.5078
2016,132.5001
2016,132.4927
2016,132.4850
2016,132.4773
2016,132.4699
2016,132.4622
2016,132.4547
2017,132.4470
2017,132.4400
2017,132.4336
2017,132.4266
2017,132.4198
2017,132.4128
2017,132.4059
2017,132.3989
2017,132.3919
2017,132.3851
2017,132.3780
2017,132.3712
2018,132.3642
2018,132.3564
2018,132.3494
2018,132.3417
2018,132.3342
2018,132.3264
2018,132.3189
2018,132.3111
2018,132.3034
2018,132.2959
2018,132.2881
2018,132.2806
2019,132.2801
2019,132.2725
2019,132.2657
2019,132.2581
2019,132.2507
2019,132.2431
2019,132.2358
2019,132.2282
2019,132.2206
2019,132.2132
2019,132.2056
2019,132.1983
2020,132.1907
2020,132.1829
2020,132.1757
2020,132.1679
2020,132.1604
2020,132.1527
2020,132.1452
2020,132.1374
2020,132.1297
2020,132.1222
2020,132.1144
2020,132.1069
2021,132.0992
2021,132.0912
2021,132.0840
2021,132.0761
2021,132.0684
2021,132.0605
2021,132.0528
2021,132.0449
2021,132.0369
2021,132.0292
2021,132.0213
2021,132.0136
2022,132.0057
2022,131.9976
2022,131.9903
2022,131.9822
2022,131.9744
2022,131.9664
2022,131.9585
2022,131.9505
2022,131.9424
2022,131.9346
2022,131.9265
2022,131.9187
2023,131.9106
2023,131.9024
2023,131.8950
2023,131.8868
2023,131.8789
2023,131.8707
2023,131.8627
2023,131.8545
2023,131.8463
2023,131.8383
2023,131.8301
2023,131.8222
2024,131.8140
2024,131.8059
2024,131.7984
2024,131.7903
2024,131.7825
2024,131.7744
2024,131.7666
2024,131.7585
2024,131.7505
2024,131.7426
2024,131.7346
2024,131.7268
2025,131.7187
2025,131.7111
2025,131.7043
2025,131.6967
2025,131.6893
2025,131.6818
2025,131.6744
2025,131.6668
2025,131.6593
2025,131.6519
2025,131.6443
2025,131.6370
2026,131.6294
2026,131.6227
2026,131.6166
2026,131.6098
2026,131.6033
2026,131.5965
2026,131.5900
2026,131.5833
2026,131.5765
2026,131.5700
2026,131.5632
2026,131.5567
2027,131.5499
2027,131.5441
2027,131.5389
2027,131.5330
2027,131.5274
2027,131.5216
2027,131.5160
2027,131.5101
2027,131.5043
2027,131.4987
2027,131.4929
2027,131.4873
2028,131.4814
2028,131.4768
2028,131.4724
2028,131.4678
2028,131.4633
2028,131.4587
2028,131.4542
2028,131.4496
2028,131.4449
2028,131.4404
2028,131.4358
2028,131.4313
2029,131.4267
2029,131.4225
2029,131.4187
2029,131.4145
2029,131.4104
2029,131.4063
2029,131.4022
2029,131.3980
2029,131.3938
2029,131.3898
2029,131.3856
2029,131.3815
2030,131.3773
2030,131.3729
2030,131.3690
2030,131.3646
2030,131.3603
2030,131.3559
2030,131.3516
2030,131.3472
2030,131.3428
2030,131.3386
2030,131.3342
2030,131.3299
2031,131.3255
2031,131.3210
2031,131.3170
2031,131.3125
2031,131.3082
2031,131.3037
2031,131.2994
2031,131.2950
2031,131.2905
2031,131.2862
2031,131.2817
2031,131.2774
2032,131.2729
2032,131.2686
2032,131.2646
2032,131.2603
2032,131.2561
2032,131.2518
2032,131.2477
2032,131.2434
2032,131.2391
2032,131.2349
2032,131.2306
2032,131.2264
2033,131.2222
2033,131.2177
2033,131.2138
2033,131.2094
2033,131.2051
2033,131.2007
2033,131.1964
2033,131.1920
2033,131.1876
2033,131.1834
2033,131.1790
2033,131.1747
2034,131.1703
2034,131.1657
2034,131.1616
2034,131.1571
2034,131.1527
2034,131.1481
2034,131.1437
2034,131.1391
2034,131.1346
2034,131.1302
2034,131.1256
2034,131.1212
2035,131.1166
2035,131.1120
2035,131.1078
2035,131.1031
2035,131.0986
2035,131.0940
2035,131.0895
2035,131.0848
2035,131.0802
2035,131.0757
2035,131.0710
2035,131.0665
2036,131.0619
2036,131.0571
2036,131.0527
2036,131.0480
2036,131.0435
2036,131.0388
2036,131.0342
2036,131.0295
2036,131.0248
2036,131.0202
2036,131.0155
2036,131.0110
2037,131.0063
2037,131.0012
2037,130.9966
2037,130.9915
2037,130.9866
2037,130.9815
2037,130.9765
2037,130.9714
2037,130.9664
2037,130.9614
2037,130.9563
2037,130.9514
2038,130.9463
2039,130.8727
2040,130.7836
2041,130.6815
2042,130.5736
2043,130.4656
2044,130.3615
2045,130.2630
2046,130.1714
2047,130.0866
2048,130.0077
2049,129.9339
2050,129.8649
2051,129.7993
2052,129.7365
2053,129.6761
2054,129.6184
2055,129.5630
2056,129.5096
2057,129.4580
2058,129.4084
2059,129.3604
2060,129.3140
2061,129.2688
2062,129.2252
2063,129.1828
2064,129.1414
2065,129.1010
2066,129.0616
2067,129.0227
2068,128.9838
2069,128.9446
2070,128.9052
2071,128.8656
2072,128.8261
2073,128.7866
2074,128.7475
2075,128.7088
2076,128.6706
2077,128.6329
2078,128.5958
2079,128.5593
2080,128.5233
2081,128.4878
2082,128.4528
2083,128.4184
2084,128.3846
2085,128.3513
2086,128.3186
2087,128.2865
2088,128.2551
2089,128.2241
2090,128.1937
2091,128.1639
2092,128.1347
2093,128.1059
2094,128.0776
2095,128.0499
2096,128.0227
2097,127.9960
2098,127.9698
2099,127.9440
2100,127.9187
2135,127.2537
