Year,Elevation
2012,133.1413
2012,133.1317
2012,133.1227
2012,133.1132
2012,133.1039
2012,133.0943
2012,133.0851
2012,133.0755
2012,133.0659
2012,133.0567
2012,133.0471
2012,133.0378
2013,133.0283
2013,133.0191
2013,133.0108
2013,133.0016
2013,132.9928
2013,132.9836
2013,132.9747
2013,132.9656
2013,132.9564
2013,132.9475
2013,132.9383
2013,132.9295
2014,132.9203
2014,132.9135
2014,132.9074
2014,132.9006
2014,132.8940
2014,132.8873
2014,132.8807
2014,132.8739
2014,132.8671
2014,132.8605
2014,132.8538
2014,132.8472
2015,132.8404
2015,132.8327
2015,132.8257
2015,132.8180
2015,132.8105
2015,132.8028
2015,132.7954
2015,132.7876
2015,132.7799
2015,132.7725
2015,132.7647
2015,132.7573
2016,132.7496
2016,132.7417
2016,132.7344
2016,132.7266
2016,132.7191
2016,132.7112
2016,132.7037
2016,132.6959
2016,132.6880
2016,132.6805
2016,132.6727
2016,132.6651
2017,132.6573
2017,132.6503
2017,132.6440
2017,132.6369
2017,132.6302
2017,132.6231
2017,132.6164
2017,132.6093
2017,132.6023
2017,132.5956
2017,132.5885
2017,132.5818
2018,132.5747
2018,132.5669
2018,132.5598
2018,132.5520
2018,132.5444
2018,132.5366
2018,132.5290
2018,132.5212
2018,132.5134
2018,132.5058
2018,132.4980
2018,132.4904
2019,132.4897
2019,132.4819
2019,132.4749
2019,132.4671
2019,132.4596
2019,132.4518
2019,132.4443
2019,132.4365
2019,132.4287
2019,132.4212
2019,132.4134
2019,132.4059
2020,132.3981
2020,132.3902
2020,132.3828
2020,132.3749
2020,132.3673
2020,132.3594
2020,132.3518
2020,132.3439
2020,132.3360
2020,132.3284
2020,132.3204
2020,132.3128
2021,132.3049
2021,132.2968
2021,132.2895
2021,132.2814
2021,132.2735
2021,132.2654
2021,132.2575
2021,132.2494
2021,132.2413
2021,132.2334
2021,132.2253
2021,132.2175
2022,132.2093
2022,132.2011
2022,132.1936
2022,132.1854
2022,132.1774
2022,132.1691
2022,132.1611
2022,132.1529
2022,132.1446
2022,132.1367
2022,132.1284
2022,132.1204
2023,132.1122
2023,132.1038
2023,132.0962
2023,132.0878
2023,132.0796
2023,132.0712
2023,132.0631
2023,132.0547
2023,132.0463
2023,132.0382
2023,132.0298
2023,132.0216
2024,132.0132
2024,132.0052
2024,131.9976
2024,131.9895
2024,131.9817
2024,131.9737
2024,131.9659
2024,131.9578
2024,131.9497
2024,131.9419
2024,131.9338
2024,131.9260
2025,131.9180
2025,131.9108
2025,131.9043
2025,131.8972
2025,131.8903
2025,131.8831
2025,131.8762
2025,131.8690
2025,131.8619
2025,131.8549
2025,131.8478
2025,131.8409
2026,131.8337
2026,131.8279
2026,131.8227
2026,131.8169
2026,131.8113
2026,131.8055
2026,131.8000
2026,131.7942
2026,131.7884
2026,131.7828
2026,131.7770
2026,131.7714
2027,131.7657
2027,131.7616
2027,131.7579
2027,131.7538
2027,131.7498
2027,131.7457
2027,131.7418
2027,131.7377
2027,131.7336
2027,131.7296
2027,131.7255
2027,131.7216
2028,131.7175
2028,131.7145
2028,131.7118
2028,131.7088
2028,131.7060
2028,131.7031
2028,131.7002
2028,131.6973
2028,131.6944
2028,131.6915
2028,131.6886
2028,131.6857
2029,131.6828
2029,131.6802
2029,131.6779
2029,131.6753
2029,131.6728
2029,131.6702
2029,131.6677
2029,131.6652
2029,131.6626
2029,131.6601
2029,131.6575
2029,131.6550
2030,131.6524
2030,131.6500
2030,131.6479
2030,131.6454
2030,131.6431
2030,131.6407
2030,131.6384
2030,131.6360
2030,131.6336
2030,131.6312
2030,131.6288
2030,131.6265
2031,131.6241
2031,131.6216
2031,131.6194
2031,131.6170
2031,131.6146
2031,131.6122
2031,131.6098
2031,131.6074
2031,131.6050
2031,131.6026
2031,131.6002
2031,131.5978
2032,131.5954
2032,131.5929
2032,131.5906
2032,131.5881
2032,131.5857
2032,131.5832
2032,131.5808
2032,131.5783
2032,131.5759
2032,131.5735
2032,131.5710
2032,131.5686
2033,131.5661
2033,131.5635
2033,131.5612
2033,131.5587
2033,131.5562
2033,131.5536
2033,131.5511
2033,131.5485
2033,131.5460
2033,131.5435
2033,131.5409
2033,131.5384
2034,131.5359
2034,131.5332
2034,131.5308
2034,131.5282
2034,131.5256
2034,131.5229
2034,131.5204
2034,131.5177
2034,131.5151
2034,131.5125
2034,131.5098
2034,131.5073
2035,131.5046
2035,131.5019
2035,131.4995
2035,131.4968
2035,131.4942
2035,131.4915
2035,131.4889
2035,131.4862
2035,131.4835
2035,131.4809
2035,131.4782
2035,131.4756
2036,131.4729
2036,131.4702
2036,131.4677
2036,131.4650
2036,131.4624
2036,131.4597
2036,131.4571
2036,131.4544
2036,131.4518
2036,131.4491
2036,131.4465
2036,131.4439
2037,131.4412
2037,131.4378
2037,131.4347
2037,131.4313
2037,131.4280
2037,131.4246
2037,131.4214
2037,131.4180
2037,131.4146
2037,131.4113
2037,131.4079
2037,131.4046
2038,131.4012
2039,131.3342
2040,131.2475
2041,131.1459
2042,131.0382
2043,130.9301
2044,130.8240
2045,130.7216
2046,130.6246
2047,130.5328
2048,130.4463
2049,130.3643
2050,130.2871
2051,130.2129
2052,130.1414
2053,130.0724
2054,130.0060
2055,129.9420
2056,129.8802
2057,129.8204
2058,129.7628
2059,129.7072
2060,129.6533
2061,129.6009
2062,129.5501
2063,129.5008
2064,129.4529
2065,129.4061
2066,129.3606
2067,129.3159
2068,129.2713
2069,129.2266
2070,129.1819
2071,129.1372
2072,129.0927
2073,129.0485
2074,129.0050
2075,128.9620
2076,128.9196
2077,128.8777
2078,128.8366
2079,128.7962
2080,128.7565
2081,128.7172
2082,128.6786
2083,128.6407
2084,128.6035
2085,128.5669
2086,128.5311
2087,128.4960
2088,128.4616
2089,128.4278
2090,128.3946
2091,128.3622
2092,128.3303
2093,128.2990
2094,128.2682
2095,128.2381
2096,128.2085
2097,128.1794
2098,128.1510
2099,128.1230
2100,128.0956
2135,127.3828
