Year,Elevation
2012,134.7861
2012,134.7754
2012,134.7654
2012,134.7548
2012,134.7445
2012,134.7338
2012,134.7235
2012,134.7128
2012,134.7021
2012,134.6918
2012,134.6812
2012,134.6709
2013,134.6602
2013,134.6509
2013,134.6425
2013,134.6332
2013,134.6243
2013,134.6150
2013,134.6060
2013,134.5967
2013,134.5874
2013,134.5784
2013,134.5692
2013,134.5602
2014,134.5509
2014,134.5428
2014,134.5355
2014,134.5274
2014,134.5195
2014,134.5114
2014,134.5036
2014,134.4955
2014,134.4874
2014,134.4795
2014,134.4714
2014,134.4636
2015,134.4555
2015,134.4472
2015,134.4397
2015,134.4314
2015,134.4234
2015,134.4151
2015,134.4071
2015,134.3988
2015,134.3905
2015,134.3825
2015,134.3742
2015,134.3662
2016,134.3579
2016,134.3496
2016,134.3418
2016,134.3334
2016,134.3253
2016,134.3170
2016,134.3089
2016,134.3005
2016,134.2922
2016,134.2841
2016,134.2757
2016,134.2677
2017,134.2593
2017,134.2521
2017,134.2456
2017,134.2384
2017,134.2315
2017,134.2243
2017,134.2173
2017,134.2101
2017,134.2029
2017,134.1960
2017,134.1888
2017,134.1818
2018,134.1746
2018,134.1672
2018,134.1605
2018,134.1531
2018,134.1459
2018,134.1385
2018,134.1313
2018,134.1239
2018,134.1165
2018,134.1094
2018,134.1020
2018,134.0948
2019,134.0896
2019,134.0816
2019,134.0744
2019,134.0664
2019,134.0587
2019,134.0507
2019,134.0430
2019,134.0350
2019,134.0271
2019,134.0193
2019,134.0114
2019,134.0037
2020,133.9957
2020,133.9877
2020,133.9802
2020,133.9722
2020,133.9644
2020,133.9564
2020,133.9486
2020,133.9406
2020,133.9326
2020,133.9248
2020,133.9168
2020,133.9090
2021,133.9010
2021,133.8926
2021,133.8849
2021,133.8765
2021,133.8683
2021,133.8599
2021,133.8517
2021,133.8433
2021,133.8348
2021,133.8266
2021,133.8182
2021,133.8100
2022,133.8016
2022,133.7929
2022,133.7850
2022,133.7763
2022,133.7679
2022,133.7592
2022,133.7508
2022,133.7421
2022,133.7334
2022,133.7250
2022,133.7163
2022,133.7079
2023,133.6992
2023,133.6903
2023,133.6823
2023,133.6734
2023,133.6648
2023,133.6559
2023,133.6473
2023,133.6385
2023,133.6296
2023,133.6210
2023,133.6121
2023,133.6035
2024,133.5946
2024,133.5865
2024,133.5789
2024,133.5709
2024,133.5630
2024,133.5549
2024,133.5471
2024,133.5390
2024,133.5309
2024,133.5231
2024,133.5150
2024,133.5072
2025,133.4991
2025,133.4929
2025,133.4873
2025,133.4811
2025,133.4751
2025,133.4689
2025,133.4628
2025,133.4566
2025,133.4504
2025,133.4444
2025,133.4382
2025,133.4322
2026,133.4260
2026,133.4220
2026,133.4184
2026,133.4144
2026,133.4105
2026,133.4065
2026,133.4026
2026,133.3986
2026,133.3946
2026,133.3907
2026,133.3867
2026,133.3828
2027,133.3788
2027,133.3773
2027,133.3760
2027,133.3746
2027,133.3731
2027,133.3717
2027,133.3703
2027,133.3688
2027,133.3673
2027,133.3659
2027,133.3644
2027,133.3630
2028,133.3616
2028,133.3611
2028,133.3607
2028,133.3603
2028,133.3599
2028,133.3595
2028,133.3590
2028,133.3586
2028,133.3582
2028,133.3578
2028,133.3573
2028,133.3569
2029,133.3565
2029,133.3553
2029,133.3543
2029,133.3531
2029,133.3520
2029,133.3508
2029,133.3497
2029,133.3486
2029,133.3474
2029,133.3463
2029,133.3451
2029,133.3440
2030,133.3428
2030,133.3410
2030,133.3394
2030,133.3376
2030,133.3358
2030,133.3340
2030,133.3323
2030,133.3304
2030,133.3286
2030,133.3269
2030,133.3251
2030,133.3233
2031,133.3215
2031,133.3191
2031,133.3169
2031,133.3145
2031,133.3122
2031,133.3098
2031,133.3075
2031,133.3051
2031,133.3027
2031,133.3004
2031,133.2980
2031,133.2956
2032,133.2932
2032,133.2904
2032,133.2878
2032,133.2849
2032,133.2822
2032,133.2794
2032,133.2766
2032,133.2738
2032,133.2710
2032,133.2682
2032,133.2654
2032,133.2626
2033,133.2598
2033,133.2567
2033,133.2539
2033,133.2507
2033,133.2477
2033,133.2446
2033,133.2416
2033,133.2384
2033,133.2353
2033,133.2323
2033,133.2291
2033,133.2261
2034,133.2230
2034,133.2197
2034,133.2167
2034,133.2133
2034,133.2101
2034,133.2068
2034,133.2036
2034,133.2003
2034,133.1970
2034,133.1938
2034,133.1904
2034,133.1872
2035,133.1839
2035,133.1805
2035,133.1774
2035,133.1739
2035,133.1706
2035,133.1671
2035,133.1638
2035,133.1604
2035,133.1569
2035,133.1536
2035,133.1501
2035,133.1468
2036,133.1434
2036,133.1399
2036,133.1367
2036,133.1332
2036,133.1299
2036,133.1264
2036,133.1231
2036,133.1197
2036,133.1162
2036,133.1129
2036,133.1094
2036,133.1061
2037,133.1026
2037,133.0975
2037,133.0929
2037,133.0878
2037,133.0829
2037,133.0778
2037,133.0728
2037,133.0677
2037,133.0626
2037,133.0577
2037,133.0526
2037,133.0477
2038,133.0426
2039,132.9208
2040,132.7614
2041,132.5862
2042,132.4147
2043,132.2559
2044,132.1122
2045,131.9824
2046,131.8651
2047,131.7578
2048,131.6588
2049,131.5664
2050,131.4799
2051,131.3917
2052,131.3080
2053,131.2286
2054,131.1532
2055,131.0811
2056,131.0118
2057,130.9449
2058,130.8804
2059,130.8181
2060,130.7577
2061,130.6988
2062,130.6418
2063,130.5862
2064,130.5320
2065,130.4789
2066,130.4271
2067,130.3758
2068,130.3245
2069,130.2728
2070,130.2214
2071,130.1702
2072,130.1195
2073,130.0693
2074,130.0199
2075,129.9713
2076,129.9234
2077,129.8761
2078,129.8296
2079,129.7839
2080,129.7389
2081,129.6936
2082,129.6493
2083,129.6060
2084,129.5636
2085,129.5220
2086,129.4814
2087,129.4417
2088,129.4026
2089,129.3642
2090,129.3267
2091,129.2898
2092,129.2536
2093,129.2179
2094,129.1830
2095,129.1487
2096,129.1150
2097,129.0818
2098,129.0492
2099,129.0172
2100,128.9858
2135,128.1720
