Year,Elevation
2012,135.9033
2012,135.8839
2012,135.8658
2012,135.8464
2012,135.8277
2012,135.8083
2012,135.7895
2012,135.7702
2012,135.7508
2012,135.7320
2012,135.7127
2012,135.6939
2013,135.6746
2013,135.6662
2013,135.6587
2013,135.6503
2013,135.6422
2013,135.6339
2013,135.6258
2013,135.6174
2013,135.6091
2013,135.6010
2013,135.5926
2013,135.5845
2014,135.5762
2014,135.5690
2014,135.5624
2014,135.5552
2014,135.5482
2014,135.5409
2014,135.5339
2014,135.5267
2014,135.5195
2014,135.5125
2014,135.5052
2014,135.4982
2015,135.4910
2015,135.4837
2015,135.4771
2015,135.4698
2015,135.4628
2015,135.4555
2015,135.4485
2015,135.4412
2015,135.4339
2015,135.4269
2015,135.4196
2015,135.4126
2016,135.4053
2016,135.3975
2016,135.3903
2016,135.3825
2016,135.3750
2016,135.3672
2016,135.3596
2016,135.3519
2016,135.3441
2016,135.3366
2016,135.3288
2016,135.3213
2017,135.3135
2017,135.2891
2017,135.2670
2017,135.2426
2017,135.2189
2017,135.1945
2017,135.1709
2017,135.1464
2017,135.1220
2017,135.0984
2017,135.0739
2017,135.0503
2018,135.0259
2018,135.0193
2018,135.0133
2018,135.0067
2018,135.0004
2018,134.9938
2018,134.9874
2018,134.9808
2018,134.9743
2018,134.9679
2018,134.9613
2018,134.9549
2019,134.9488
2019,134.9414
2019,134.9347
2019,134.9272
2019,134.9200
2019,134.9125
2019,134.9053
2019,134.8978
2019,134.8904
2019,134.8832
2019,134.8757
2019,134.8685
2020,134.8610
2020,134.8531
2020,134.8457
2020,134.8377
2020,134.8300
2020,134.8221
2020,134.8144
2020,134.8064
2020,134.7985
2020,134.7908
2020,134.7829
2020,134.7752
2021,134.7672
2021,134.7585
2021,134.7507
2021,134.7420
2021,134.7336
2021,134.7249
2021,134.7165
2021,134.7078
2021,134.6991
2021,134.6907
2021,134.6820
2021,134.6736
2022,134.6649
2022,134.6558
2022,134.6475
2022,134.6384
2022,134.6295
2022,134.6203
2022,134.6115
2022,134.6023
2022,134.5932
2022,134.5843
2022,134.5751
2022,134.5663
2023,134.5571
2023,134.5477
2023,134.5392
2023,134.5299
2023,134.5208
2023,134.5114
2023,134.5023
2023,134.4929
2023,134.4835
2023,134.4744
2023,134.4650
2023,134.4559
2024,134.4466
2024,134.4384
2024,134.4307
2024,134.4225
2024,134.4146
2024,134.4064
2024,134.3985
2024,134.3903
2024,134.3821
2024,134.3741
2024,134.3660
2024,134.3580
2025,134.3499
2025,134.3441
2025,134.3388
2025,134.3330
2025,134.3274
2025,134.3216
2025,134.3160
2025,134.3102
2025,134.3044
2025,134.2988
2025,134.2930
2025,134.2873
2026,134.2815
2026,134.2781
2026,134.2750
2026,134.2716
2026,134.2683
2026,134.2649
2026,134.2616
2026,134.2582
2026,134.2548
2026,134.2515
2026,134.2481
2026,134.2448
2027,134.2413
2027,134.2408
2027,134.2403
2027,134.2398
2027,134.2393
2027,134.2388
2027,134.2383
2027,134.2378
2027,134.2372
2027,134.2368
2027,134.2362
2027,134.2357
2028,134.2352
2028,134.2357
2028,134.2361
2028,134.2366
2028,134.2371
2028,134.2376
2028,134.2380
2028,134.2385
2028,134.2390
2028,134.2395
2028,134.2400
2028,134.2404
2029,134.2409
2029,134.2399
2029,134.2389
2029,134.2378
2029,134.2368
2029,134.2358
2029,134.2348
2029,134.2337
2029,134.2327
2029,134.2316
2029,134.2306
2029,134.2296
2030,134.2285
2030,134.2258
2030,134.2233
2030,134.2206
2030,134.2180
2030,134.2153
2030,134.2127
2030,134.2099
2030,134.2072
2030,134.2046
2030,134.2019
2030,134.1992
2031,134.1965
2031,134.1925
2031,134.1889
2031,134.1848
2031,134.1809
2031,134.1769
2031,134.1730
2031,134.1690
2031,134.1649
2031,134.1610
2031,134.1570
2031,134.1531
2032,134.1491
2032,134.1442
2032,134.1396
2032,134.1346
2032,134.1299
2032,134.1250
2032,134.1202
2032,134.1153
2032,134.1104
2032,134.1056
2032,134.1007
2032,134.0959
2033,134.0910
2033,134.0855
2033,134.0805
2033,134.0750
2033,134.0697
2033,134.0642
2033,134.0589
2033,134.0533
2033,134.0479
2033,134.0425
2033,134.0370
2033,134.0317
2034,134.0262
2034,134.0203
2034,134.0150
2034,134.0090
2034,134.0033
2034,133.9974
2034,133.9917
2034,133.9858
2034,133.9799
2034,133.9742
2034,133.9683
2034,133.9626
2035,133.9566
2035,133.9506
2035,133.9451
2035,133.9390
2035,133.9332
2035,133.9271
2035,133.9212
2035,133.9151
2035,133.9091
2035,133.9032
2035,133.8971
2035,133.8913
2036,133.8852
2036,133.8791
2036,133.8734
2036,133.8672
2036,133.8613
2036,133.8552
2036,133.8493
2036,133.8431
2036,133.8370
2036,133.8311
2036,133.8250
2036,133.8190
2037,133.8129
2037,133.8046
2037,133.7971
2037,133.7888
2037,133.7807
2037,133.7724
2037,133.7643
2037,133.7560
2037,133.7477
2037,133.7397
2037,133.7313
2037,133.7233
2038,133.7150
2039,133.5248
2040,133.2748
2041,133.0166
2042,132.7831
2043,132.5831
2044,132.4148
2045,132.2721
2046,132.1496
2047,132.0421
2048,131.9456
2049,131.8574
2050,131.7761
2051,131.6742
2052,131.5874
2053,131.5093
2054,131.4369
2055,131.3683
2056,131.3027
2057,131.2395
2058,131.1787
2059,131.1199
2060,131.0627
2061,131.0069
2062,130.9526
2063,130.8996
2064,130.8476
2065,130.7964
2066,130.7463
2067,130.6962
2068,130.6453
2069,130.5936
2070,130.5417
2071,130.4899
2072,130.4386
2073,130.3878
2074,130.3378
2075,130.2885
2076,130.2399
2077,130.1918
2078,130.1446
2079,130.0981
2080,130.0521
2081,130.0035
2082,129.9575
2083,129.9132
2084,129.8703
2085,129.8282
2086,129.7872
2087,129.7470
2088,129.7076
2089,129.6688
2090,129.6308
2091,129.5934
2092,129.5567
2093,129.5205
2094,129.4850
2095,129.4501
2096,129.4158
2097,129.3820
2098,129.3487
2099,129.3161
2100,129.2839
2135,128.4495
