Year,Elevation
2012,136.5334
2012,136.5201
2012,136.5077
2012,136.4945
2012,136.4816
2012,136.4684
2012,136.4556
2012,136.4423
2012,136.4290
2012,136.4162
2012,136.4029
2012,136.3901
2013,136.3768
2013,136.3688
2013,136.3615
2013,136.3534
2013,136.3456
2013,136.3375
2013,136.3297
2013,136.3216
2013,136.3136
2013,136.3058
2013,136.2977
2013,136.2899
2014,136.2818
2014,136.2760
2014,136.2708
2014,136.2650
2014,136.2594
2014,136.2537
2014,136.2481
2014,136.2423
2014,136.2365
2014,136.2309
2014,136.2251
2014,136.2196
2015,136.2138
2015,136.2074
2015,136.2017
2015,136.1953
2015,136.1892
2015,136.1829
2015,136.1767
2015,136.1704
2015,136.1640
2015,136.1579
2015,136.1515
2015,136.1454
2016,136.1390
2016,136.1304
2016,136.1223
2016,136.1136
2016,136.1052
2016,136.0965
2016,136.0882
2016,136.0795
2016,136.0708
2016,136.0624
2016,136.0538
2016,136.0454
2017,136.0367
2017,136.0312
2017,136.0263
2017,136.0208
2017,136.0155
2017,136.0101
2017,136.0048
2017,135.9993
2017,135.9938
2017,135.9885
2017,135.9830
2017,135.9778
2018,135.9723
2018,135.9681
2018,135.9643
2018,135.9601
2018,135.9560
2018,135.9518
2018,135.9477
2018,135.9435
2018,135.9393
2018,135.9352
2018,135.9310
2018,135.9270
2019,135.9239
2019,135.9175
2019,135.9117
2019,135.9052
2019,135.8990
2019,135.8925
2019,135.8863
2019,135.8798
2019,135.8733
2019,135.8671
2019,135.8606
2019,135.8544
2020,135.8479
2020,135.8405
2020,135.8334
2020,135.8259
2020,135.8187
2020,135.8112
2020,135.8039
2020,135.7964
2020,135.7889
2020,135.7817
2020,135.7742
2020,135.7669
2021,135.7594
2021,135.7503
2021,135.7421
2021,135.7330
2021,135.7242
2021,135.7151
2021,135.7063
2021,135.6972
2021,135.6881
2021,135.6793
2021,135.6702
2021,135.6614
2022,135.6523
2022,135.6424
2022,135.6335
2022,135.6236
2022,135.6141
2022,135.6042
2022,135.5947
2022,135.5848
2022,135.5749
2022,135.5654
2022,135.5555
2022,135.5459
2023,135.5361
2023,135.5262
2023,135.5172
2023,135.5073
2023,135.4977
2023,135.4877
2023,135.4781
2023,135.4682
2023,135.4583
2023,135.4487
2023,135.4388
2023,135.4292
2024,135.4192
2024,135.4128
2024,135.4069
2024,135.4005
2024,135.3944
2024,135.3880
2024,135.3819
2024,135.3755
2024,135.3692
2024,135.3630
2024,135.3567
2024,135.3505
2025,135.3442
2025,135.3418
2025,135.3396
2025,135.3372
2025,135.3349
2025,135.3325
2025,135.3302
2025,135.3277
2025,135.3253
2025,135.3230
2025,135.3206
2025,135.3183
2026,135.3158
2026,135.3168
2026,135.3177
2026,135.3186
2026,135.3195
2026,135.3205
2026,135.3214
2026,135.3224
2026,135.3233
2026,135.3243
2026,135.3252
2026,135.3261
2027,135.3271
2027,135.3314
2027,135.3353
2027,135.3396
2027,135.3437
2027,135.3480
2027,135.3522
2027,135.3565
2027,135.3608
2027,135.3649
2027,135.3692
2027,135.3734
2028,135.3777
2028,135.3831
2028,135.3883
2028,135.3938
2028,135.3991
2028,135.4045
2028,135.4098
2028,135.4153
2028,135.4208
2028,135.4261
2028,135.4316
2028,135.4369
2029,135.4423
2029,135.4440
2029,135.4455
2029,135.4472
2029,135.4488
2029,135.4505
2029,135.4521
2029,135.4538
2029,135.4555
2029,135.4571
2029,135.4588
2029,135.4604
2030,135.4621
2030,135.4609
2030,135.4598
2030,135.4586
2030,135.4575
2030,135.4563
2030,135.4551
2030,135.4539
2030,135.4527
2030,135.4516
2030,135.4504
2030,135.4493
2031,135.4481
2031,135.4452
2031,135.4426
2031,135.4397
2031,135.4369
2031,135.4340
2031,135.4312
2031,135.4283
2031,135.4254
2031,135.4226
2031,135.4197
2031,135.4169
2032,135.4140
2032,135.4101
2032,135.4065
2032,135.4027
2032,135.3990
2032,135.3951
2032,135.3914
2032,135.3876
2032,135.3837
2032,135.3800
2032,135.3762
2032,135.3724
2033,135.3686
2033,135.3642
2033,135.3603
2033,135.3560
2033,135.3518
2033,135.3474
2033,135.3432
2033,135.3389
2033,135.3345
2033,135.3303
2033,135.3260
2033,135.3218
2034,135.3174
2034,135.3128
2034,135.3087
2034,135.3041
2034,135.2996
2034,135.2950
2034,135.2906
2034,135.2860
2034,135.2814
2034,135.2770
2034,135.2724
2034,135.2679
2035,135.2633
2035,135.2586
2035,135.2543
2035,135.2496
2035,135.2450
2035,135.2402
2035,135.2357
2035,135.2309
2035,135.2262
2035,135.2216
2035,135.2168
2035,135.2123
2036,135.2075
2036,135.2029
2036,135.1985
2036,135.1939
2036,135.1894
2036,135.1847
2036,135.1802
2036,135.1756
2036,135.1709
2036,135.1664
2036,135.1617
2036,135.1572
2037,135.1525
2037,135.1428
2037,135.1341
2037,135.1244
2037,135.1150
2037,135.1052
2037,135.0959
2037,135.0861
2037,135.0764
2037,135.0670
2037,135.0573
2037,135.0479
2038,135.0382
2039,134.7246
2040,134.3431
2041,133.9925
2042,133.7060
2043,133.4784
2044,133.2958
2045,133.1448
2046,133.0169
2047,132.9046
2048,132.8036
2049,132.7106
2050,132.6243
2051,132.5052
2052,132.4128
2053,132.3288
2054,132.2499
2055,132.1746
2056,132.1021
2057,132.0319
2058,131.9640
2059,131.8980
2060,131.8335
2061,131.7702
2062,131.7084
2063,131.6476
2064,131.5877
2065,131.5285
2066,131.4703
2067,131.4118
2068,131.3521
2069,131.2914
2070,131.2307
2071,131.1702
2072,131.1104
2073,131.0512
2074,130.9931
2075,130.9358
2076,130.8794
2077,130.8237
2078,130.7689
2079,130.7149
2080,130.6616
2081,130.6027
2082,130.5493
2083,130.4983
2084,130.4489
2085,130.4005
2086,130.3534
2087,130.3071
2088,130.2618
2089,130.2172
2090,130.1735
2091,130.1306
2092,130.0885
2093,130.0470
2094,130.0063
2095,129.9662
2096,129.9269
2097,129.8880
2098,129.8499
2099,129.8125
2100,129.7756
2135,128.8382
