Year,Elevation
2012,121.8480
2012,121.8450
2012,121.8422
2012,121.8391
2012,121.8362
2012,121.8332
2012,121.8303
2012,121.8273
2012,121.8243
2012,121.8213
2012,121.8183
2012,121.8154
2013,121.8124
2013,121.8080
2013,121.8039
2013,121.7995
2013,121.7952
2013,121.7908
2013,121.7865
2013,121.7821
2013,121.7776
2013,121.7733
2013,121.7689
2013,121.7646
2014,121.7602
2014,121.7589
2014,121.7578
2014,121.7566
2014,121.7554
2014,121.7542
2014,121.7530
2014,121.7518
2014,121.7506
2014,121.7494
2014,121.7482
2014,121.7470
2015,121.7457
2015,121.7423
2015,121.7393
2015,121.7359
2015,121.7326
2015,121.7292
2015,121.7259
2015,121.7225
2015,121.7191
2015,121.7158
2015,121.7124
2015,121.7091
2016,121.7057
2016,121.7035
2016,121.7014
2016,121.6992
2016,121.6970
2016,121.6948
2016,121.6926
2016,121.6903
2016,121.6881
2016,121.6859
2016,121.6837
2016,121.6815
2017,121.6793
2017,121.6786
2017,121.6780
2017,121.6773
2017,121.6766
2017,121.6759
2017,121.6753
2017,121.6746
2017,121.6739
2017,121.6732
2017,121.6725
2017,121.6719
2018,121.6712
2018,121.6664
2018,121.6620
2018,121.6572
2018,121.6526
2018,121.6478
2018,121.6431
2018,121.6383
2018,121.6335
2018,121.6288
2018,121.6240
2018,121.6193
2019,121.5974
2019,121.5933
2019,121.5897
2019,121.5856
2019,121.5816
2019,121.5776
2019,121.5736
2019,121.5696
2019,121.5655
2019,121.5616
2019,121.5575
2019,121.5536
2020,121.5495
2020,121.5458
2020,121.5424
2020,121.5387
2020,121.5352
2020,121.5315
2020,121.5279
2020,121.5243
2020,121.5206
2020,121.5170
2020,121.5134
2020,121.5098
2021,121.5061
2021,121.5030
2021,121.5001
2021,121.4970
2021,121.4939
2021,121.4908
2021,121.4877
2021,121.4846
2021,121.4814
2021,121.4784
2021,121.4752
2021,121.4722
2022,121.4690
2022,121.4662
2022,121.4637
2022,121.4609
2022,121.4581
2022,121.4553
2022,121.4526
2022,121.4498
2022,121.4470
2022,121.4443
2022,121.4415
2022,121.4388
2023,121.4359
2023,121.4332
2023,121.4307
2023,121.4279
2023,121.4252
2023,121.4224
2023,121.4197
2023,121.4170
2023,121.4142
2023,121.4115
2023,121.4087
2023,121.4060
2024,121.4033
2024,121.4005
2024,121.3978
2024,121.3950
2024,121.3923
2024,121.3895
2024,121.3867
2024,121.3839
2024,121.3811
2024,121.3784
2024,121.3755
2024,121.3728
2025,121.3700
2025,121.3674
2025,121.3651
2025,121.3625
2025,121.3600
2025,121.3574
2025,121.3549
2025,121.3523
2025,121.3497
2025,121.3472
2025,121.3446
2025,121.3421
2026,121.3395
2026,121.3366
2026,121.3340
2026,121.3310
2026,121.3282
2026,121.3253
2026,121.3225
2026,121.3195
2026,121.3166
2026,121.3138
2026,121.3108
2026,121.3080
2027,121.3051
2027,121.3013
2027,121.2979
2027,121.2941
2027,121.2905
2027,121.2867
2027,121.2830
2027,121.2793
2027,121.2755
2027,121.2718
2027,121.2681
2027,121.2644
2028,121.2606
2028,121.2574
2028,121.2545
2028,121.2513
2028,121.2483
2028,121.2451
2028,121.2420
2028,121.2389
2028,121.2357
2028,121.2326
2028,121.2295
2028,121.2264
2029,121.2233
2029,121.2204
2029,121.2179
2029,121.2151
2029,121.2123
2029,121.2095
2029,121.2068
2029,121.2040
2029,121.2011
2029,121.1984
2029,121.1956
2029,121.1929
2030,121.1900
2030,121.1875
2030,121.1851
2030,121.1825
2030,121.1800
2030,121.1775
2030,121.1750
2030,121.1724
2030,121.1698
2030,121.1673
2030,121.1647
2030,121.1622
2031,121.1596
2031,121.1572
2031,121.1550
2031,121.1525
2031,121.1502
2031,121.1477
2031,121.1453
2031,121.1429
2031,121.1405
2031,121.1381
2031,121.1356
2031,121.1333
2032,121.1308
2032,121.1285
2032,121.1263
2032,121.1240
2032,121.1218
2032,121.1195
2032,121.1172
2032,121.1149
2032,121.1126
2032,121.1103
2032,121.1080
2032,121.1058
2033,121.1034
2033,121.1012
2033,121.0992
2033,121.0970
2033,121.0948
2033,121.0926
2033,121.0904
2033,121.0882
2033,121.0859
2033,121.0838
2033,121.0815
2033,121.0794
2034,121.0771
2034,121.0750
2034,121.0731
2034,121.0709
2034,121.0688
2034,121.0667
2034,121.0646
2034,121.0625
2034,121.0603
2034,121.0583
2034,121.0561
2034,121.0540
2035,121.0519
2035,121.0498
2035,121.0479
2035,121.0459
2035,121.0439
2035,121.0418
2035,121.0398
2035,121.0377
2035,121.0356
2035,121.0336
2035,121.0315
2035,121.0295
2036,121.0274
2036,121.0254
2036,121.0236
2036,121.0216
2036,121.0196
2036,121.0176
2036,121.0157
2036,121.0137
2036,121.0117
2036,121.0098
2036,121.0078
2036,121.0059
2037,121.0039
2037,121.0022
2037,121.0007
2037,120.9991
2037,120.9975
2037,120.9959
2037,120.9943
2037,120.9926
2037,120.9910
2037,120.9894
2037,120.9878
2037,120.9862
2038,120.9845
2039,120.9729
2040,120.9508
2041,120.9289
2042,120.9087
2043,120.8898
2044,120.8720
2045,120.8549
2046,120.8383
2047,120.8221
2048,120.8064
2049,120.7907
2050,120.7755
2051,120.7592
2052,120.7437
2053,120.7285
2054,120.7136
2055,120.6990
2056,120.6843
2057,120.6698
2058,120.6557
2059,120.6416
2060,120.6276
2061,120.6138
2062,120.6002
2063,120.5866
2064,120.5728
2065,120.5592
2066,120.5461
2067,120.5232
2068,120.5007
2069,120.4797
2070,120.4601
2071,120.4408
2072,120.4226
2073,120.4053
2074,120.3886
2075,120.3726
2076,120.3570
2077,120.3421
2078,120.3274
2079,120.3133
2080,120.2996
2081,120.2860
2082,120.2729
2083,120.2604
2084,120.2479
2085,120.2359
2086,120.2242
2087,120.2124
2088,120.2013
2089,120.1902
2090,120.1793
2091,120.1685
2092,120.1581
2093,120.1478
2094,120.1376
2095,120.1276
2096,120.1178
2097,120.1080
2098,120.0987
2099,120.0893
2100,120.0800
2135,119.8385
