Year,Elevation
2012,137.2855
2012,137.2675
2012,137.2507
2012,137.2327
2012,137.2154
2012,137.1974
2012,137.1800
2012,137.1621
2012,137.1441
2012,137.1267
2012,137.1088
2012,137.0914
2013,137.0734
2013,137.0651
2013,137.0575
2013,137.0491
2013,137.0410
2013,137.0327
2013,137.0246
2013,137.0162
2013,137.0078
2013,136.9997
2013,136.9913
2013,136.9832
2014,136.9749
2014,136.9667
2014,136.9593
2014,136.9512
2014,136.9432
2014,136.9351
2014,136.9272
2014,136.9190
2014,136.9108
2014,136.9029
2014,136.8947
2014,136.8868
2015,136.8786
2015,136.8717
2015,136.8654
2015,136.8584
2015,136.8516
2015,136.8446
2015,136.8379
2015,136.8309
2015,136.8239
2015,136.8171
2015,136.8101
2015,136.8034
2016,136.7964
2016,136.7838
2016,136.7721
2016,136.7596
2016,136.7474
2016,136.7349
2016,136.7227
2016,136.7102
2016,136.6976
2016,136.6855
2016,136.6729
2016,136.6608
2017,136.6483
2017,136.6437
2017,136.6397
2017,136.6351
2017,136.6308
2017,136.6263
2017,136.6219
2017,136.6174
2017,136.6129
2017,136.6085
2017,136.6040
2017,136.5996
2018,136.5951
2018,136.5943
2018,136.5936
2018,136.5928
2018,136.5920
2018,136.5912
2018,136.5904
2018,136.5896
2018,136.5888
2018,136.5880
2018,136.5872
2018,136.5865
2019,136.6061
2019,136.6015
2019,136.5974
2019,136.5927
2019,136.5882
2019,136.5836
2019,136.5791
2019,136.5745
2019,136.5698
2019,136.5654
2019,136.5607
2019,136.5562
2020,136.5516
2020,136.5458
2020,136.5403
2020,136.5345
2020,136.5288
2020,136.5229
2020,136.5173
2020,136.5114
2020,136.5056
2020,136.5000
2020,136.4941
2020,136.4884
2021,136.4826
2021,136.4743
2021,136.4667
2021,136.4584
2021,136.4503
2021,136.4420
2021,136.4340
2021,136.4256
2021,136.4173
2021,136.4093
2021,136.4009
2021,136.3929
2022,136.3846
2022,136.3745
2022,136.3654
2022,136.3553
2022,136.3456
2022,136.3355
2022,136.3258
2022,136.3157
2022,136.3056
2022,136.2959
2022,136.2858
2022,136.2761
2023,136.2660
2023,136.2570
2023,136.2488
2023,136.2398
2023,136.2310
2023,136.2220
2023,136.2132
2023,136.2042
2023,136.1952
2023,136.1864
2023,136.1774
2023,136.1686
2024,136.1596
2024,136.1567
2024,136.1541
2024,136.1513
2024,136.1486
2024,136.1458
2024,136.1431
2024,136.1402
2024,136.1374
2024,136.1347
2024,136.1319
2024,136.1292
2025,136.1264
2025,136.1269
2025,136.1273
2025,136.1277
2025,136.1281
2025,136.1286
2025,136.1290
2025,136.1294
2025,136.1299
2025,136.1303
2025,136.1307
2025,136.1311
2026,136.1316
2026,136.1326
2026,136.1334
2026,136.1344
2026,136.1354
2026,136.1364
2026,136.1373
2026,136.1383
2026,136.1393
2026,136.1403
2026,136.1412
2026,136.1422
2027,136.1432
2027,136.1447
2027,136.1462
2027,136.1477
2027,136.1492
2027,136.1508
2027,136.1523
2027,136.1539
2027,136.1555
2027,136.1570
2027,136.1586
2027,136.1601
2028,136.1617
2028,136.1645
2028,136.1671
2028,136.1700
2028,136.1727
2028,136.1756
2028,136.1783
2028,136.1812
2028,136.1840
2028,136.1868
2028,136.1896
2028,136.1924
2029,136.1952
2029,136.1934
2029,136.1919
2029,136.1901
2029,136.1885
2029,136.1867
2029,136.1850
2029,136.1833
2029,136.1816
2029,136.1799
2029,136.1782
2029,136.1765
2030,136.1747
2030,136.1707
2030,136.1671
2030,136.1631
2030,136.1592
2030,136.1552
2030,136.1513
2030,136.1472
2030,136.1432
2030,136.1393
2030,136.1353
2030,136.1314
2031,136.1274
2031,136.1223
2031,136.1177
2031,136.1127
2031,136.1078
2031,136.1027
2031,136.0978
2031,136.0927
2031,136.0877
2031,136.0827
2031,136.0777
2031,136.0728
2032,136.0677
2032,136.0622
2032,136.0570
2032,136.0515
2032,136.0462
2032,136.0406
2032,136.0353
2032,136.0298
2032,136.0243
2032,136.0189
2032,136.0134
2032,136.0081
2033,136.0025
2033,135.9968
2033,135.9917
2033,135.9860
2033,135.9805
2033,135.9748
2033,135.9693
2033,135.9635
2033,135.9578
2033,135.9523
2033,135.9466
2033,135.9411
2034,135.9354
2034,135.9297
2034,135.9245
2034,135.9188
2034,135.9132
2034,135.9075
2034,135.9019
2034,135.8962
2034,135.8905
2034,135.8849
2034,135.8792
2034,135.8737
2035,135.8679
2035,135.8622
2035,135.8571
2035,135.8514
2035,135.8459
2035,135.8402
2035,135.8347
2035,135.8290
2035,135.8233
2035,135.8178
2035,135.8121
2035,135.8065
2036,135.8009
2036,135.7953
2036,135.7901
2036,135.7846
2036,135.7792
2036,135.7737
2036,135.7683
2036,135.7627
2036,135.7572
2036,135.7518
2036,135.7463
2036,135.7409
2037,135.7353
2037,135.7214
2037,135.7088
2037,135.6950
2037,135.6815
2037,135.6676
2037,135.6542
2037,135.6403
2037,135.6264
2037,135.6130
2037,135.5991
2037,135.5857
2038,135.5718
2039,135.0994
2040,134.6606
2041,134.3262
2042,134.0784
2043,133.8879
2044,133.7341
2045,133.6037
2046,133.4898
2047,133.3874
2048,133.2934
2049,133.2057
2050,133.1235
2051,133.0424
2052,132.9633
2053,132.8866
2054,132.8129
2055,132.7416
2056,132.6725
2057,132.6053
2058,132.5399
2059,132.4760
2060,132.4133
2061,132.3516
2062,132.2910
2063,132.2311
2064,132.1719
2065,132.1132
2066,132.0554
2067,131.9973
2068,131.9386
2069,131.8790
2070,131.8195
2071,131.7601
2072,131.7011
2073,131.6426
2074,131.5848
2075,131.5276
2076,131.4711
2077,131.4152
2078,131.3600
2079,131.3054
2080,131.2516
2081,131.1975
2082,131.1446
2083,131.0926
2084,131.0417
2085,130.9916
2086,130.9425
2087,130.8942
2088,130.8468
2089,130.8000
2090,130.7542
2091,130.7092
2092,130.6648
2093,130.6211
2094,130.5782
2095,130.5359
2096,130.4943
2097,130.4533
2098,130.4130
2099,130.3733
2100,130.3343
2135,129.3467
