Year,Elevation
2012,137.2954
2012,137.2773
2012,137.2604
2012,137.2424
2012,137.2249
2012,137.2068
2012,137.1893
2012,137.1712
2012,137.1531
2012,137.1356
2012,137.1176
2012,137.1001
2013,137.0820
2013,137.0735
2013,137.0658
2013,137.0574
2013,137.0491
2013,137.0407
2013,137.0324
2013,137.0240
2013,137.0155
2013,137.0073
2013,136.9988
2013,136.9906
2014,136.9821
2014,136.9738
2014,136.9662
2014,136.9579
2014,136.9499
2014,136.9416
2014,136.9335
2014,136.9252
2014,136.9169
2014,136.9088
2014,136.9005
2014,136.8925
2015,136.8841
2015,136.8771
2015,136.8707
2015,136.8636
2015,136.8568
2015,136.8498
2015,136.8429
2015,136.8359
2015,136.8288
2015,136.8220
2015,136.8149
2015,136.8081
2016,136.8010
2016,136.7884
2016,136.7766
2016,136.7639
2016,136.7517
2016,136.7391
2016,136.7269
2016,136.7142
2016,136.7016
2016,136.6894
2016,136.6767
2016,136.6645
2017,136.6519
2017,136.6474
2017,136.6432
2017,136.6387
2017,136.6343
2017,136.6298
2017,136.6254
2017,136.6208
2017,136.6163
2017,136.6119
2017,136.6074
2017,136.6030
2018,136.5984
2018,136.5977
2018,136.5970
2018,136.5962
2018,136.5955
2018,136.5947
2018,136.5940
2018,136.5932
2018,136.5924
2018,136.5917
2018,136.5909
2018,136.5902
2019,136.6108
2019,136.6063
2019,136.6022
2019,136.5976
2019,136.5932
2019,136.5886
2019,136.5842
2019,136.5797
2019,136.5751
2019,136.5707
2019,136.5661
2019,136.5617
2020,136.5572
2020,136.5514
2020,136.5460
2020,136.5402
2020,136.5346
2020,136.5289
2020,136.5233
2020,136.5175
2020,136.5117
2020,136.5061
2020,136.5003
2020,136.4947
2021,136.4889
2021,136.4807
2021,136.4732
2021,136.4650
2021,136.4570
2021,136.4487
2021,136.4407
2021,136.4325
2021,136.4242
2021,136.4162
2021,136.4080
2021,136.4000
2022,136.3917
2022,136.3817
2022,136.3726
2022,136.3626
2022,136.3528
2022,136.3428
2022,136.3331
2022,136.3230
2022,136.3130
2022,136.3033
2022,136.2932
2022,136.2835
2023,136.2735
2023,136.2645
2023,136.2563
2023,136.2473
2023,136.2386
2023,136.2296
2023,136.2209
2023,136.2119
2023,136.2029
2023,136.1942
2023,136.1852
2023,136.1765
2024,136.1674
2024,136.1643
2024,136.1614
2024,136.1584
2024,136.1554
2024,136.1524
2024,136.1494
2024,136.1464
2024,136.1433
2024,136.1404
2024,136.1373
2024,136.1344
2025,136.1313
2025,136.1308
2025,136.1304
2025,136.1299
2025,136.1294
2025,136.1290
2025,136.1285
2025,136.1280
2025,136.1275
2025,136.1270
2025,136.1265
2025,136.1261
2026,136.1256
2026,136.1247
2026,136.1239
2026,136.1230
2026,136.1221
2026,136.1212
2026,136.1203
2026,136.1194
2026,136.1185
2026,136.1176
2026,136.1167
2026,136.1158
2027,136.1149
2027,136.1142
2027,136.1135
2027,136.1127
2027,136.1120
2027,136.1113
2027,136.1105
2027,136.1098
2027,136.1090
2027,136.1083
2027,136.1076
2027,136.1068
2028,136.1061
2028,136.1063
2028,136.1066
2028,136.1068
2028,136.1071
2028,136.1073
2028,136.1076
2028,136.1078
2028,136.1081
2028,136.1083
2028,136.1086
2028,136.1088
2029,136.1090
2029,136.1052
2029,136.1018
2029,136.0980
2029,136.0943
2029,136.0905
2029,136.0868
2029,136.0830
2029,136.0792
2029,136.0755
2029,136.0717
2029,136.0680
2030,136.0642
2030,136.0581
2030,136.0526
2030,136.0465
2030,136.0406
2030,136.0345
2030,136.0285
2030,136.0224
2030,136.0163
2030,136.0104
2030,136.0043
2030,135.9984
2031,135.9923
2031,135.9851
2031,135.9786
2031,135.9714
2031,135.9644
2031,135.9573
2031,135.9503
2031,135.9431
2031,135.9359
2031,135.9289
2031,135.9217
2031,135.9147
2032,135.9076
2032,135.8999
2032,135.8928
2032,135.8851
2032,135.8777
2032,135.8701
2032,135.8627
2032,135.8550
2032,135.8474
2032,135.8400
2032,135.8324
2032,135.8250
2033,135.8173
2033,135.8094
2033,135.8023
2033,135.7945
2033,135.7869
2033,135.7790
2033,135.7714
2033,135.7635
2033,135.7556
2033,135.7480
2033,135.7402
2033,135.7325
2034,135.7247
2034,135.7167
2034,135.7095
2034,135.7016
2034,135.6939
2034,135.6859
2034,135.6783
2034,135.6703
2034,135.6624
2034,135.6547
2034,135.6467
2034,135.6390
2035,135.6311
2035,135.6232
2035,135.6160
2035,135.6081
2035,135.6004
2035,135.5925
2035,135.5848
2035,135.5769
2035,135.5690
2035,135.5613
2035,135.5533
2035,135.5457
2036,135.5378
2036,135.5299
2036,135.5226
2036,135.5148
2036,135.5072
2036,135.4994
2036,135.4918
2036,135.4840
2036,135.4762
2036,135.4686
2036,135.4608
2036,135.4532
2037,135.4453
2037,135.4296
2037,135.4154
2037,135.3997
2037,135.3845
2037,135.3688
2037,135.3536
2037,135.3379
2037,135.3222
2037,135.3070
2037,135.2913
2037,135.2761
2038,135.2604
2039,134.7763
2040,134.3355
2041,134.0047
2042,133.7631
2043,133.5798
2044,133.4337
2045,133.3113
2046,133.2054
2047,133.1109
2048,133.0246
2049,132.9445
2050,132.8696
2051,132.7956
2052,132.7235
2053,132.6537
2054,132.5867
2055,132.5221
2056,132.4595
2057,132.3986
2058,132.3395
2059,132.2817
2060,132.2251
2061,132.1692
2062,132.1142
2063,132.0598
2064,132.0061
2065,131.9527
2066,131.8999
2067,131.8468
2068,131.7929
2069,131.7381
2070,131.6832
2071,131.6282
2072,131.5736
2073,131.5192
2074,131.4655
2075,131.4121
2076,131.3594
2077,131.3072
2078,131.2556
2079,131.2045
2080,131.1540
2081,131.1032
2082,131.0534
2083,131.0046
2084,130.9566
2085,130.9094
2086,130.8630
2087,130.8174
2088,130.7726
2089,130.7284
2090,130.6850
2091,130.6423
2092,130.6002
2093,130.5587
2094,130.5179
2095,130.4777
2096,130.4381
2097,130.3990
2098,130.3606
2099,130.3228
2100,130.2855
2135,129.3355
