Year,Elevation
2012,137.3082
2012,137.2898
2012,137.2726
2012,137.2542
2012,137.2364
2012,137.2180
2012,137.2003
2012,137.1819
2012,137.1635
2012,137.1457
2012,137.1274
2012,137.1096
2013,137.0912
2013,137.0827
2013,137.0750
2013,137.0665
2013,137.0583
2013,137.0498
2013,137.0416
2013,137.0331
2013,137.0246
2013,137.0163
2013,137.0078
2013,136.9996
2014,136.9911
2014,136.9826
2014,136.9749
2014,136.9663
2014,136.9581
2014,136.9496
2014,136.9413
2014,136.9328
2014,136.9242
2014,136.9160
2014,136.9074
2014,136.8992
2015,136.8906
2015,136.8835
2015,136.8770
2015,136.8699
2015,136.8629
2015,136.8558
2015,136.8488
2015,136.8417
2015,136.8345
2015,136.8276
2015,136.8204
2015,136.8135
2016,136.8063
2016,136.7935
2016,136.7815
2016,136.7686
2016,136.7562
2016,136.7433
2016,136.7309
2016,136.7180
2016,136.7052
2016,136.6927
2016,136.6799
2016,136.6674
2017,136.6546
2017,136.6501
2017,136.6460
2017,136.6415
2017,136.6372
2017,136.6327
2017,136.6283
2017,136.6239
2017,136.6194
2017,136.6150
2017,136.6105
2017,136.6062
2018,136.6017
2018,136.6010
2018,136.6005
2018,136.5998
2018,136.5992
2018,136.5985
2018,136.5979
2018,136.5973
2018,136.5966
2018,136.5960
2018,136.5954
2018,136.5947
2019,136.6175
2019,136.6131
2019,136.6090
2019,136.6045
2019,136.6002
2019,136.5957
2019,136.5914
2019,136.5869
2019,136.5824
2019,136.5780
2019,136.5736
2019,136.5692
2020,136.5647
2020,136.5591
2020,136.5538
2020,136.5481
2020,136.5426
2020,136.5370
2020,136.5315
2020,136.5258
2020,136.5201
2020,136.5146
2020,136.5090
2020,136.5035
2021,136.4978
2021,136.4896
2021,136.4823
2021,136.4741
2021,136.4662
2021,136.4581
2021,136.4502
2021,136.4420
2021,136.4339
2021,136.4259
2021,136.4178
2021,136.4099
2022,136.4017
2022,136.3917
2022,136.3827
2022,136.3727
2022,136.3629
2022,136.3529
2022,136.3432
2022,136.3332
2022,136.3232
2022,136.3135
2022,136.3035
2022,136.2937
2023,136.2837
2023,136.2748
2023,136.2667
2023,136.2578
2023,136.2491
2023,136.2402
2023,136.2315
2023,136.2226
2023,136.2137
2023,136.2050
2023,136.1961
2023,136.1874
2024,136.1785
2024,136.1754
2024,136.1727
2024,136.1698
2024,136.1669
2024,136.1640
2024,136.1611
2024,136.1582
2024,136.1553
2024,136.1525
2024,136.1495
2024,136.1467
2025,136.1438
2025,136.1434
2025,136.1431
2025,136.1427
2025,136.1423
2025,136.1420
2025,136.1416
2025,136.1413
2025,136.1409
2025,136.1405
2025,136.1402
2025,136.1398
2026,136.1394
2026,136.1384
2026,136.1375
2026,136.1365
2026,136.1356
2026,136.1346
2026,136.1336
2026,136.1326
2026,136.1316
2026,136.1306
2026,136.1296
2026,136.1287
2027,136.1277
2027,136.1267
2027,136.1258
2027,136.1248
2027,136.1239
2027,136.1229
2027,136.1219
2027,136.1210
2027,136.1200
2027,136.1190
2027,136.1180
2027,136.1171
2028,136.1161
2028,136.1161
2028,136.1161
2028,136.1161
2028,136.1161
2028,136.1161
2028,136.1161
2028,136.1161
2028,136.1161
2028,136.1161
2028,136.1161
2028,136.1161
2029,136.1160
2029,136.1120
2029,136.1084
2029,136.1044
2029,136.1005
2029,136.0965
2029,136.0926
2029,136.0886
2029,136.0846
2029,136.0807
2029,136.0767
2029,136.0728
2030,136.0688
2030,136.0625
2030,136.0569
2030,136.0507
2030,136.0447
2030,136.0385
2030,136.0325
2030,136.0262
2030,136.0200
2030,136.0140
2030,136.0078
2030,136.0018
2031,135.9955
2031,135.9883
2031,135.9817
2031,135.9745
2031,135.9674
2031,135.9602
2031,135.9531
2031,135.9459
2031,135.9386
2031,135.9316
2031,135.9243
2031,135.9173
2032,135.9100
2032,135.9023
2032,135.8952
2032,135.8875
2032,135.8801
2032,135.8724
2032,135.8649
2032,135.8573
2032,135.8496
2032,135.8422
2032,135.8345
2032,135.8271
2033,135.8194
2033,135.8115
2033,135.8044
2033,135.7965
2033,135.7888
2033,135.7809
2033,135.7733
2033,135.7654
2033,135.7575
2033,135.7499
2033,135.7420
2033,135.7343
2034,135.7264
2034,135.7185
2034,135.7113
2034,135.7033
2034,135.6956
2034,135.6876
2034,135.6799
2034,135.6720
2034,135.6640
2034,135.6563
2034,135.6483
2034,135.6406
2035,135.6327
2035,135.6247
2035,135.6176
2035,135.6096
2035,135.6019
2035,135.5940
2035,135.5863
2035,135.5784
2035,135.5704
2035,135.5628
2035,135.5548
2035,135.5471
2036,135.5392
2036,135.5314
2036,135.5240
2036,135.5162
2036,135.5086
2036,135.5008
2036,135.4932
2036,135.4854
2036,135.4775
2036,135.4699
2036,135.4621
2036,135.4545
2037,135.4466
2037,135.4308
2037,135.4165
2037,135.4007
2037,135.3853
2037,135.3695
2037,135.3542
2037,135.3384
2037,135.3225
2037,135.3072
2037,135.2914
2037,135.2761
2038,135.2602
2039,134.7720
2040,134.3349
2041,134.0095
2042,133.7721
2043,133.5916
2044,133.4470
2045,133.3255
2046,133.2201
2047,133.1259
2048,133.0398
2049,132.9597
2050,132.8849
2051,132.8109
2052,132.7390
2053,132.6694
2054,132.6026
2055,132.5381
2056,132.4757
2057,132.4149
2058,132.3559
2059,132.2982
2060,132.2416
2061,132.1858
2062,132.1309
2063,132.0767
2064,132.0230
2065,131.9697
2066,131.9171
2067,131.8641
2068,131.8103
2069,131.7557
2070,131.7010
2071,131.6462
2072,131.5918
2073,131.5376
2074,131.4840
2075,131.4308
2076,131.3782
2077,131.3261
2078,131.2746
2079,131.2236
2080,131.1732
2081,131.1225
2082,131.0728
2083,131.0240
2084,130.9761
2085,130.9289
2086,130.8826
2087,130.8370
2088,130.7922
2089,130.7479
2090,130.7045
2091,130.6618
2092,130.6197
2093,130.5782
2094,130.5374
2095,130.4972
2096,130.4576
2097,130.4185
2098,130.3801
2099,130.3422
2100,130.3050
2135,129.3545
