Year,Elevation
2012,137.3241
2012,137.3047
2012,137.2866
2012,137.2673
2012,137.2486
2012,137.2292
2012,137.2105
2012,137.1911
2012,137.1718
2012,137.1531
2012,137.1337
2012,137.1150
2013,137.0957
2013,137.0864
2013,137.0780
2013,137.0687
2013,137.0597
2013,137.0504
2013,137.0414
2013,137.0322
2013,137.0229
2013,137.0139
2013,137.0046
2013,136.9956
2014,136.9863
2014,136.9762
2014,136.9670
2014,136.9569
2014,136.9471
2014,136.9369
2014,136.9271
2014,136.9169
2014,136.9068
2014,136.8970
2014,136.8868
2014,136.8770
2015,136.8669
2015,136.8585
2015,136.8510
2015,136.8426
2015,136.8345
2015,136.8261
2015,136.8181
2015,136.8097
2015,136.8013
2015,136.7932
2015,136.7849
2015,136.7768
2016,136.7684
2016,136.7547
2016,136.7419
2016,136.7282
2016,136.7149
2016,136.7012
2016,136.6879
2016,136.6742
2016,136.6605
2016,136.6472
2016,136.6335
2016,136.6203
2017,136.6066
2017,136.6015
2017,136.5970
2017,136.5920
2017,136.5872
2017,136.5822
2017,136.5773
2017,136.5724
2017,136.5674
2017,136.5625
2017,136.5575
2017,136.5527
2018,136.5477
2018,136.5470
2018,136.5464
2018,136.5458
2018,136.5452
2018,136.5445
2018,136.5439
2018,136.5432
2018,136.5426
2018,136.5419
2018,136.5413
2018,136.5406
2019,136.5757
2019,136.5721
2019,136.5688
2019,136.5651
2019,136.5615
2019,136.5578
2019,136.5543
2019,136.5506
2019,136.5469
2019,136.5434
2019,136.5397
2019,136.5361
2020,136.5324
2020,136.5275
2020,136.5229
2020,136.5179
2020,136.5131
2020,136.5082
2020,136.5034
2020,136.4985
2020,136.4935
2020,136.4887
2020,136.4838
2020,136.4790
2021,136.4740
2021,136.4667
2021,136.4600
2021,136.4526
2021,136.4455
2021,136.4381
2021,136.4310
2021,136.4236
2021,136.4163
2021,136.4091
2021,136.4017
2021,136.3946
2022,136.3872
2022,136.3775
2022,136.3687
2022,136.3589
2022,136.3494
2022,136.3397
2022,136.3302
2022,136.3205
2022,136.3107
2022,136.3012
2022,136.2915
2022,136.2820
2023,136.2723
2023,136.2635
2023,136.2557
2023,136.2470
2023,136.2385
2023,136.2298
2023,136.2214
2023,136.2127
2023,136.2040
2023,136.1956
2023,136.1869
2023,136.1784
2024,136.1697
2024,136.1669
2024,136.1643
2024,136.1616
2024,136.1590
2024,136.1562
2024,136.1536
2024,136.1508
2024,136.1481
2024,136.1455
2024,136.1427
2024,136.1401
2025,136.1374
2025,136.1381
2025,136.1388
2025,136.1395
2025,136.1402
2025,136.1410
2025,136.1417
2025,136.1424
2025,136.1432
2025,136.1439
2025,136.1446
2025,136.1453
2026,136.1461
2026,136.1461
2026,136.1462
2026,136.1463
2026,136.1463
2026,136.1464
2026,136.1465
2026,136.1466
2026,136.1466
2026,136.1467
2026,136.1468
2026,136.1469
2027,136.1469
2027,136.1468
2027,136.1467
2027,136.1465
2027,136.1464
2027,136.1462
2027,136.1461
2027,136.1460
2027,136.1458
2027,136.1457
2027,136.1455
2027,136.1454
2028,136.1453
2028,136.1461
2028,136.1469
2028,136.1477
2028,136.1485
2028,136.1493
2028,136.1501
2028,136.1509
2028,136.1517
2028,136.1526
2028,136.1534
2028,136.1542
2029,136.1550
2029,136.1520
2029,136.1493
2029,136.1463
2029,136.1435
2029,136.1405
2029,136.1376
2029,136.1347
2029,136.1317
2029,136.1288
2029,136.1258
2029,136.1230
2030,136.1200
2030,136.1153
2030,136.1110
2030,136.1063
2030,136.1017
2030,136.0969
2030,136.0924
2030,136.0876
2030,136.0829
2030,136.0783
2030,136.0736
2030,136.0690
2031,136.0643
2031,136.0588
2031,136.0538
2031,136.0483
2031,136.0430
2031,136.0375
2031,136.0322
2031,136.0267
2031,136.0211
2031,136.0158
2031,136.0103
2031,136.0050
2032,135.9995
2032,135.9937
2032,135.9882
2032,135.9824
2032,135.9768
2032,135.9710
2032,135.9653
2032,135.9595
2032,135.9537
2032,135.9481
2032,135.9422
2032,135.9366
2033,135.9308
2033,135.9249
2033,135.9195
2033,135.9136
2033,135.9078
2033,135.9019
2033,135.8962
2033,135.8902
2033,135.8843
2033,135.8786
2033,135.8726
2033,135.8669
2034,135.8610
2034,135.8550
2034,135.8497
2034,135.8438
2034,135.8380
2034,135.8321
2034,135.8264
2034,135.8204
2034,135.8145
2034,135.8088
2034,135.8029
2034,135.7971
2035,135.7912
2035,135.7854
2035,135.7801
2035,135.7742
2035,135.7685
2035,135.7627
2035,135.7570
2035,135.7511
2035,135.7453
2035,135.7396
2035,135.7337
2035,135.7280
2036,135.7222
2036,135.7165
2036,135.7111
2036,135.7054
2036,135.6999
2036,135.6941
2036,135.6886
2036,135.6829
2036,135.6772
2036,135.6716
2036,135.6659
2036,135.6604
2037,135.6546
2037,135.6407
2037,135.6281
2037,135.6142
2037,135.6007
2037,135.5867
2037,135.5732
2037,135.5593
2037,135.5454
2037,135.5319
2037,135.5180
2037,135.5045
2038,135.4905
2039,135.0271
2040,134.6246
2041,134.3261
2042,134.1042
2043,133.9304
2044,133.7869
2045,133.6630
2046,133.5533
2047,133.4538
2048,133.3619
2049,133.2758
2050,133.1949
2051,133.1148
2052,133.0373
2053,132.9624
2054,132.8902
2055,132.8204
2056,132.7526
2057,132.6865
2058,132.6221
2059,132.5592
2060,132.4975
2061,132.4367
2062,132.3769
2063,132.3179
2064,132.2596
2065,132.2018
2066,132.1447
2067,132.0877
2068,132.0303
2069,131.9722
2070,131.9143
2071,131.8564
2072,131.7987
2073,131.7414
2074,131.6847
2075,131.6285
2076,131.5729
2077,131.5178
2078,131.4634
2079,131.4096
2080,131.3564
2081,131.3032
2082,131.2509
2083,131.1995
2084,131.1490
2085,131.0991
2086,131.0503
2087,131.0022
2088,130.9550
2089,130.9084
2090,130.8627
2091,130.8177
2092,130.7735
2093,130.7298
2094,130.6870
2095,130.6448
2096,130.6032
2097,130.5622
2098,130.5219
2099,130.4822
2100,130.4432
2135,129.4546
