Year,Elevation
2012,137.3203
2012,137.3009
2012,137.2827
2012,137.2632
2012,137.2444
2012,137.2249
2012,137.2061
2012,137.1866
2012,137.1672
2012,137.1484
2012,137.1289
2012,137.1101
2013,137.0906
2013,137.0806
2013,137.0716
2013,137.0616
2013,137.0520
2013,137.0420
2013,137.0323
2013,137.0223
2013,137.0123
2013,137.0026
2013,136.9926
2013,136.9830
2014,136.9730
2014,136.9622
2014,136.9524
2014,136.9416
2014,136.9311
2014,136.9203
2014,136.9098
2014,136.8989
2014,136.8881
2014,136.8776
2014,136.8668
2014,136.8563
2015,136.8455
2015,136.8365
2015,136.8283
2015,136.8193
2015,136.8106
2015,136.8015
2015,136.7928
2015,136.7838
2015,136.7747
2015,136.7660
2015,136.7570
2015,136.7483
2016,136.7392
2016,136.7253
2016,136.7122
2016,136.6983
2016,136.6848
2016,136.6709
2016,136.6574
2016,136.6435
2016,136.6295
2016,136.6160
2016,136.6021
2016,136.5886
2017,136.5747
2017,136.5692
2017,136.5642
2017,136.5587
2017,136.5534
2017,136.5479
2017,136.5426
2017,136.5371
2017,136.5316
2017,136.5263
2017,136.5208
2017,136.5154
2018,136.5099
2018,136.5090
2018,136.5081
2018,136.5071
2018,136.5062
2018,136.5052
2018,136.5043
2018,136.5033
2018,136.5023
2018,136.5014
2018,136.5004
2018,136.4995
2019,136.5398
2019,136.5366
2019,136.5337
2019,136.5305
2019,136.5274
2019,136.5242
2019,136.5211
2019,136.5179
2019,136.5146
2019,136.5115
2019,136.5083
2019,136.5052
2020,136.5020
2020,136.4974
2020,136.4931
2020,136.4885
2020,136.4841
2020,136.4795
2020,136.4751
2020,136.4705
2020,136.4659
2020,136.4614
2020,136.4568
2020,136.4524
2021,136.4478
2021,136.4408
2021,136.4345
2021,136.4275
2021,136.4207
2021,136.4137
2021,136.4070
2021,136.4000
2021,136.3930
2021,136.3862
2021,136.3792
2021,136.3725
2022,136.3655
2022,136.3559
2022,136.3472
2022,136.3376
2022,136.3284
2022,136.3188
2022,136.3095
2022,136.2999
2022,136.2903
2022,136.2811
2022,136.2715
2022,136.2622
2023,136.2526
2023,136.2440
2023,136.2362
2023,136.2275
2023,136.2192
2023,136.2105
2023,136.2022
2023,136.1935
2023,136.1849
2023,136.1765
2023,136.1679
2023,136.1595
2024,136.1509
2024,136.1476
2024,136.1446
2024,136.1414
2024,136.1383
2024,136.1351
2024,136.1320
2024,136.1288
2024,136.1256
2024,136.1225
2024,136.1193
2024,136.1162
2025,136.1131
2025,136.1129
2025,136.1128
2025,136.1127
2025,136.1126
2025,136.1124
2025,136.1123
2025,136.1122
2025,136.1121
2025,136.1120
2025,136.1118
2025,136.1117
2026,136.1116
2026,136.1099
2026,136.1084
2026,136.1067
2026,136.1051
2026,136.1035
2026,136.1019
2026,136.1002
2026,136.0985
2026,136.0969
2026,136.0952
2026,136.0936
2027,136.0920
2027,136.0896
2027,136.0875
2027,136.0852
2027,136.0829
2027,136.0806
2027,136.0784
2027,136.0760
2027,136.0737
2027,136.0714
2027,136.0691
2027,136.0668
2028,136.0645
2028,136.0627
2028,136.0611
2028,136.0593
2028,136.0575
2028,136.0558
2028,136.0540
2028,136.0522
2028,136.0505
2028,136.0487
2028,136.0470
2028,136.0452
2029,136.0434
2029,136.0385
2029,136.0340
2029,136.0290
2029,136.0242
2029,136.0193
2029,136.0145
2029,136.0095
2029,136.0046
2029,135.9998
2029,135.9948
2029,135.9900
2030,135.9851
2030,135.9784
2030,135.9724
2030,135.9657
2030,135.9592
2030,135.9526
2030,135.9461
2030,135.9394
2030,135.9328
2030,135.9263
2030,135.9196
2030,135.9132
2031,135.9065
2031,135.8990
2031,135.8923
2031,135.8848
2031,135.8776
2031,135.8701
2031,135.8628
2031,135.8554
2031,135.8479
2031,135.8407
2031,135.8332
2031,135.8259
2032,135.8185
2032,135.8107
2032,135.8034
2032,135.7956
2032,135.7881
2032,135.7803
2032,135.7727
2032,135.7649
2032,135.7572
2032,135.7496
2032,135.7418
2032,135.7343
2033,135.7265
2033,135.7185
2033,135.7113
2033,135.7034
2033,135.6957
2033,135.6877
2033,135.6800
2033,135.6721
2033,135.6641
2033,135.6564
2033,135.6484
2033,135.6407
2034,135.6328
2034,135.6248
2034,135.6175
2034,135.6095
2034,135.6018
2034,135.5938
2034,135.5860
2034,135.5780
2034,135.5700
2034,135.5623
2034,135.5542
2034,135.5465
2035,135.5385
2035,135.5305
2035,135.5233
2035,135.5153
2035,135.5076
2035,135.4996
2035,135.4919
2035,135.4839
2035,135.4759
2035,135.4682
2035,135.4602
2035,135.4525
2036,135.4445
2036,135.4366
2036,135.4293
2036,135.4214
2036,135.4138
2036,135.4059
2036,135.3982
2036,135.3904
2036,135.3825
2036,135.3748
2036,135.3670
2036,135.3593
2037,135.3514
2037,135.3360
2037,135.3222
2037,135.3068
2037,135.2920
2037,135.2766
2037,135.2618
2037,135.2464
2037,135.2311
2037,135.2162
2037,135.2009
2037,135.1860
2038,135.1707
2039,134.7116
2040,134.3172
2041,134.0264
2042,133.8115
2043,133.6442
2044,133.5071
2045,133.3897
2046,133.2867
2047,133.1938
2048,133.1086
2049,133.0293
2050,132.9551
2051,132.8817
2052,132.8109
2053,132.7427
2054,132.6771
2055,132.6138
2056,132.5524
2057,132.4926
2058,132.4345
2059,132.3776
2060,132.3219
2061,132.2669
2062,132.2129
2063,132.1594
2064,132.1066
2065,132.0542
2066,132.0023
2067,131.9504
2068,131.8980
2069,131.8449
2070,131.7919
2071,131.7386
2072,131.6855
2073,131.6326
2074,131.5802
2075,131.5280
2076,131.4764
2077,131.4252
2078,131.3745
2079,131.3242
2080,131.2745
2081,131.2248
2082,131.1758
2083,131.1276
2084,131.0801
2085,131.0332
2086,130.9872
2087,130.9419
2088,130.8973
2089,130.8533
2090,130.8101
2091,130.7675
2092,130.7256
2093,130.6841
2094,130.6434
2095,130.6033
2096,130.5639
2097,130.5248
2098,130.4864
2099,130.4486
2100,130.4114
2135,129.4608
