Year,Elevation
2012,137.3140
2012,137.2945
2012,137.2762
2012,137.2567
2012,137.2379
2012,137.2184
2012,137.1995
2012,137.1800
2012,137.1605
2012,137.1417
2012,137.1222
2012,137.1033
2013,137.0838
2013,137.0730
2013,137.0633
2013,137.0525
2013,137.0420
2013,137.0312
2013,137.0208
2013,137.0100
2013,136.9992
2013,136.9888
2013,136.9780
2013,136.9676
2014,136.9568
2014,136.9453
2014,136.9349
2014,136.9234
2014,136.9122
2014,136.9007
2014,136.8896
2014,136.8781
2014,136.8666
2014,136.8555
2014,136.8440
2014,136.8329
2015,136.8214
2015,136.8116
2015,136.8028
2015,136.7931
2015,136.7837
2015,136.7739
2015,136.7645
2015,136.7548
2015,136.7451
2015,136.7356
2015,136.7259
2015,136.7165
2016,136.7068
2016,136.6926
2016,136.6794
2016,136.6653
2016,136.6516
2016,136.6375
2016,136.6238
2016,136.6097
2016,136.5956
2016,136.5819
2016,136.5678
2016,136.5541
2017,136.5400
2017,136.5339
2017,136.5283
2017,136.5222
2017,136.5163
2017,136.5102
2017,136.5043
2017,136.4982
2017,136.4921
2017,136.4862
2017,136.4801
2017,136.4742
2018,136.4681
2018,136.4667
2018,136.4654
2018,136.4640
2018,136.4626
2018,136.4612
2018,136.4598
2018,136.4584
2018,136.4570
2018,136.4556
2018,136.4542
2018,136.4528
2019,136.4985
2019,136.4958
2019,136.4934
2019,136.4908
2019,136.4882
2019,136.4855
2019,136.4830
2019,136.4803
2019,136.4776
2019,136.4750
2019,136.4724
2019,136.4698
2020,136.4671
2020,136.4630
2020,136.4590
2020,136.4548
2020,136.4507
2020,136.4465
2020,136.4425
2020,136.4383
2020,136.4341
2020,136.4300
2020,136.4258
2020,136.4217
2021,136.4175
2021,136.4109
2021,136.4050
2021,136.3984
2021,136.3920
2021,136.3854
2021,136.3790
2021,136.3724
2021,136.3659
2021,136.3595
2021,136.3529
2021,136.3465
2022,136.3399
2022,136.3306
2022,136.3221
2022,136.3128
2022,136.3037
2022,136.2943
2022,136.2853
2022,136.2759
2022,136.2666
2022,136.2575
2022,136.2481
2022,136.2391
2023,136.2297
2023,136.2211
2023,136.2134
2023,136.2048
2023,136.1965
2023,136.1879
2023,136.1796
2023,136.1711
2023,136.1625
2023,136.1542
2023,136.1456
2023,136.1373
2024,136.1287
2024,136.1252
2024,136.1219
2024,136.1184
2024,136.1150
2024,136.1115
2024,136.1082
2024,136.1047
2024,136.1012
2024,136.0978
2024,136.0943
2024,136.0909
2025,136.0875
2025,136.0872
2025,136.0870
2025,136.0867
2025,136.0864
2025,136.0862
2025,136.0859
2025,136.0856
2025,136.0853
2025,136.0851
2025,136.0848
2025,136.0845
2026,136.0843
2026,136.0824
2026,136.0807
2026,136.0789
2026,136.0771
2026,136.0752
2026,136.0734
2026,136.0715
2026,136.0697
2026,136.0679
2026,136.0660
2026,136.0642
2027,136.0623
2027,136.0597
2027,136.0574
2027,136.0547
2027,136.0522
2027,136.0496
2027,136.0470
2027,136.0444
2027,136.0417
2027,136.0392
2027,136.0366
2027,136.0340
2028,136.0314
2028,136.0292
2028,136.0271
2028,136.0248
2028,136.0227
2028,136.0204
2028,136.0183
2028,136.0161
2028,136.0138
2028,136.0117
2028,136.0094
2028,136.0072
2029,136.0050
2029,135.9999
2029,135.9953
2029,135.9902
2029,135.9852
2029,135.9801
2029,135.9752
2029,135.9701
2029,135.9650
2029,135.9600
2029,135.9549
2029,135.9500
2030,135.9449
2030,135.9381
2030,135.9321
2030,135.9254
2030,135.9188
2030,135.9121
2030,135.9056
2030,135.8989
2030,135.8922
2030,135.8857
2030,135.8789
2030,135.8724
2031,135.8657
2031,135.8582
2031,135.8515
2031,135.8440
2031,135.8367
2031,135.8292
2031,135.8220
2031,135.8145
2031,135.8070
2031,135.7998
2031,135.7923
2031,135.7850
2032,135.7775
2032,135.7698
2032,135.7625
2032,135.7547
2032,135.7471
2032,135.7393
2032,135.7318
2032,135.7240
2032,135.7162
2032,135.7087
2032,135.7009
2032,135.6933
2033,135.6856
2033,135.6776
2033,135.6704
2033,135.6624
2033,135.6548
2033,135.6468
2033,135.6391
2033,135.6311
2033,135.6232
2033,135.6155
2033,135.6075
2033,135.5998
2034,135.5918
2034,135.5838
2034,135.5766
2034,135.5686
2034,135.5609
2034,135.5528
2034,135.5451
2034,135.5371
2034,135.5291
2034,135.5213
2034,135.5133
2034,135.5056
2035,135.4976
2035,135.4896
2035,135.4824
2035,135.4744
2035,135.4667
2035,135.4587
2035,135.4510
2035,135.4430
2035,135.4350
2035,135.4273
2035,135.4193
2035,135.4116
2036,135.4036
2036,135.3957
2036,135.3883
2036,135.3804
2036,135.3728
2036,135.3649
2036,135.3573
2036,135.3494
2036,135.3415
2036,135.3339
2036,135.3260
2036,135.3183
2037,135.3104
2037,135.2955
2037,135.2820
2037,135.2672
2037,135.2527
2037,135.2378
2037,135.2234
2037,135.2085
2037,135.1936
2037,135.1792
2037,135.1643
2037,135.1499
2038,135.1350
2039,134.6971
2040,134.3175
2041,134.0354
2042,133.8250
2043,133.6601
2044,133.5241
2045,133.4073
2046,133.3045
2047,133.2118
2048,133.1268
2049,133.0475
2050,132.9734
2051,132.9003
2052,132.8298
2053,132.7619
2054,132.6966
2055,132.6335
2056,132.5724
2057,132.5128
2058,132.4549
2059,132.3983
2060,132.3428
2061,132.2880
2062,132.2342
2063,132.1810
2064,132.1284
2065,132.0762
2066,132.0246
2067,131.9730
2068,131.9210
2069,131.8683
2070,131.8157
2071,131.7629
2072,131.7102
2073,131.6576
2074,131.6055
2075,131.5536
2076,131.5023
2077,131.4513
2078,131.4008
2079,131.3508
2080,131.3013
2081,131.2518
2082,131.2030
2083,131.1549
2084,131.1076
2085,131.0609
2086,131.0150
2087,130.9697
2088,130.9252
2089,130.8813
2090,130.8381
2091,130.7956
2092,130.7537
2093,130.7124
2094,130.6717
2095,130.6316
2096,130.5923
2097,130.5532
2098,130.5149
2099,130.4771
2100,130.4399
2135,129.4897
