Year,Elevation
2012,121.8967
2012,121.8931
2012,121.8897
2012,121.8861
2012,121.8826
2012,121.8790
2012,121.8755
2012,121.8718
2012,121.8682
2012,121.8647
2012,121.8611
2012,121.8576
2013,121.8540
2013,121.8497
2013,121.8457
2013,121.8414
2013,121.8372
2013,121.8329
2013,121.8287
2013,121.8244
2013,121.8200
2013,121.8159
2013,121.8115
2013,121.8073
2014,121.8030
2014,121.8014
2014,121.7999
2014,121.7983
2014,121.7967
2014,121.7951
2014,121.7935
2014,121.7919
2014,121.7903
2014,121.7887
2014,121.7871
2014,121.7855
2015,121.7839
2015,121.7808
2015,121.7780
2015,121.7750
2015,121.7720
2015,121.7689
2015,121.7659
2015,121.7629
2015,121.7598
2015,121.7568
2015,121.7538
2015,121.7508
2016,121.7477
2016,121.7449
2016,121.7423
2016,121.7395
2016,121.7368
2016,121.7340
2016,121.7313
2016,121.7285
2016,121.7257
2016,121.7229
2016,121.7201
2016,121.7174
2017,121.7146
2017,121.7133
2017,121.7122
2017,121.7109
2017,121.7097
2017,121.7084
2017,121.7071
2017,121.7058
2017,121.7046
2017,121.7033
2017,121.7020
2017,121.7008
2018,121.6995
2018,121.6955
2018,121.6919
2018,121.6879
2018,121.6841
2018,121.6801
2018,121.6762
2018,121.6722
2018,121.6683
2018,121.6644
2018,121.6604
2018,121.6565
2019,121.6387
2019,121.6343
2019,121.6304
2019,121.6260
2019,121.6217
2019,121.6173
2019,121.6130
2019,121.6086
2019,121.6042
2019,121.6000
2019,121.5956
2019,121.5913
2020,121.5869
2020,121.5829
2020,121.5792
2020,121.5752
2020,121.5713
2020,121.5673
2020,121.5634
2020,121.5594
2020,121.5554
2020,121.5516
2020,121.5476
2020,121.5437
2021,121.5397
2021,121.5363
2021,121.5333
2021,121.5299
2021,121.5267
2021,121.5233
2021,121.5201
2021,121.5167
2021,121.5134
2021,121.5101
2021,121.5067
2021,121.5035
2022,121.5001
2022,121.4971
2022,121.4944
2022,121.4914
2022,121.4885
2022,121.4855
2022,121.4826
2022,121.4796
2022,121.4766
2022,121.4737
2022,121.4707
2022,121.4678
2023,121.4648
2023,121.4619
2023,121.4593
2023,121.4563
2023,121.4535
2023,121.4506
2023,121.4478
2023,121.4449
2023,121.4420
2023,121.4392
2023,121.4363
2023,121.4334
2024,121.4305
2024,121.4276
2024,121.4249
2024,121.4219
2024,121.4191
2024,121.4162
2024,121.4133
2024,121.4104
2024,121.4075
2024,121.4046
2024,121.4017
2024,121.3989
2025,121.3959
2025,121.3932
2025,121.3907
2025,121.3880
2025,121.3853
2025,121.3825
2025,121.3799
2025,121.3771
2025,121.3744
2025,121.3717
2025,121.3690
2025,121.3663
2026,121.3635
2026,121.3605
2026,121.3577
2026,121.3547
2026,121.3518
2026,121.3487
2026,121.3458
2026,121.3427
2026,121.3397
2026,121.3367
2026,121.3337
2026,121.3307
2027,121.3277
2027,121.3238
2027,121.3204
2027,121.3165
2027,121.3128
2027,121.3089
2027,121.3052
2027,121.3013
2027,121.2974
2027,121.2937
2027,121.2898
2027,121.2861
2028,121.2822
2028,121.2789
2028,121.2757
2028,121.2723
2028,121.2691
2028,121.2657
2028,121.2624
2028,121.2591
2028,121.2557
2028,121.2524
2028,121.2491
2028,121.2458
2029,121.2424
2029,121.2393
2029,121.2365
2029,121.2335
2029,121.2305
2029,121.2274
2029,121.2244
2029,121.2213
2029,121.2182
2029,121.2152
2029,121.2121
2029,121.2091
2030,121.2060
2030,121.2031
2030,121.2005
2030,121.1976
2030,121.1948
2030,121.1919
2030,121.1890
2030,121.1861
2030,121.1832
2030,121.1804
2030,121.1775
2030,121.1747
2031,121.1718
2031,121.1690
2031,121.1665
2031,121.1637
2031,121.1610
2031,121.1583
2031,121.1556
2031,121.1528
2031,121.1500
2031,121.1473
2031,121.1446
2031,121.1419
2032,121.1391
2032,121.1365
2032,121.1340
2032,121.1313
2032,121.1288
2032,121.1261
2032,121.1236
2032,121.1209
2032,121.1183
2032,121.1157
2032,121.1131
2032,121.1105
2033,121.1078
2033,121.1053
2033,121.1030
2033,121.1005
2033,121.0980
2033,121.0955
2033,121.0930
2033,121.0905
2033,121.0879
2033,121.0855
2033,121.0829
2033,121.0805
2034,121.0779
2034,121.0755
2034,121.0733
2034,121.0709
2034,121.0685
2034,121.0661
2034,121.0637
2034,121.0613
2034,121.0588
2034,121.0565
2034,121.0541
2034,121.0517
2035,121.0493
2035,121.0469
2035,121.0448
2035,121.0424
2035,121.0402
2035,121.0378
2035,121.0356
2035,121.0332
2035,121.0309
2035,121.0286
2035,121.0262
2035,121.0240
2036,121.0216
2036,121.0194
2036,121.0173
2036,121.0150
2036,121.0128
2036,121.0106
2036,121.0084
2036,121.0061
2036,121.0039
2036,121.0017
2036,120.9995
2036,120.9973
2037,120.9950
2037,120.9932
2037,120.9915
2037,120.9897
2037,120.9879
2037,120.9861
2037,120.9843
2037,120.9824
2037,120.9806
2037,120.9788
2037,120.9770
2037,120.9752
2038,120.9733
2039,120.9613
2040,120.9414
2041,120.9206
2042,120.9010
2043,120.8825
2044,120.8650
2045,120.8482
2046,120.8319
2047,120.8160
2048,120.8006
2049,120.7853
2050,120.7704
2051,120.7546
2052,120.7393
2053,120.7243
2054,120.7095
2055,120.6950
2056,120.6805
2057,120.6660
2058,120.6519
2059,120.6377
2060,120.6237
2061,120.6097
2062,120.5959
2063,120.5823
2064,120.5681
2065,120.5543
2066,120.5408
2067,120.5175
2068,120.4936
2069,120.4714
2070,120.4506
2071,120.4303
2072,120.4111
2073,120.3928
2074,120.3753
2075,120.3584
2076,120.3421
2077,120.3264
2078,120.3111
2079,120.2963
2080,120.2819
2081,120.2677
2082,120.2540
2083,120.2408
2084,120.2278
2085,120.2151
2086,120.2028
2087,120.1906
2088,120.1788
2089,120.1672
2090,120.1557
2091,120.1444
2092,120.1334
2093,120.1226
2094,120.1119
2095,120.1014
2096,120.0910
2097,120.0808
2098,120.0708
2099,120.0610
2100,120.0511
2135,119.7952
