Year,Elevation
2012,121.8958
2012,121.8922
2012,121.8888
2012,121.8852
2012,121.8817
2012,121.8781
2012,121.8746
2012,121.8709
2012,121.8673
2012,121.8638
2012,121.8602
2012,121.8567
2013,121.8531
2013,121.8487
2013,121.8448
2013,121.8405
2013,121.8363
2013,121.8320
2013,121.8278
2013,121.8234
2013,121.8191
2013,121.8149
2013,121.8106
2013,121.8064
2014,121.8021
2014,121.8005
2014,121.7990
2014,121.7974
2014,121.7958
2014,121.7942
2014,121.7926
2014,121.7910
2014,121.7894
2014,121.7878
2014,121.7862
2014,121.7847
2015,121.7830
2015,121.7800
2015,121.7772
2015,121.7741
2015,121.7712
2015,121.7681
2015,121.7651
2015,121.7620
2015,121.7590
2015,121.7560
2015,121.7529
2015,121.7500
2016,121.7469
2016,121.7441
2016,121.7415
2016,121.7386
2016,121.7359
2016,121.7331
2016,121.7304
2016,121.7276
2016,121.7248
2016,121.7221
2016,121.7192
2016,121.7165
2017,121.7137
2017,121.7124
2017,121.7113
2017,121.7100
2017,121.7087
2017,121.7074
2017,121.7062
2017,121.7049
2017,121.7036
2017,121.7024
2017,121.7011
2017,121.6998
2018,121.6985
2018,121.6946
2018,121.6910
2018,121.6870
2018,121.6831
2018,121.6791
2018,121.6753
2018,121.6713
2018,121.6673
2018,121.6635
2018,121.6595
2018,121.6556
2019,121.6378
2019,121.6334
2019,121.6294
2019,121.6250
2019,121.6208
2019,121.6164
2019,121.6121
2019,121.6077
2019,121.6033
2019,121.5991
2019,121.5947
2019,121.5904
2020,121.5860
2020,121.5820
2020,121.5783
2020,121.5743
2020,121.5704
2020,121.5664
2020,121.5625
2020,121.5585
2020,121.5545
2020,121.5506
2020,121.5466
2020,121.5427
2021,121.5387
2021,121.5354
2021,121.5324
2021,121.5290
2021,121.5257
2021,121.5224
2021,121.5191
2021,121.5158
2021,121.5124
2021,121.5092
2021,121.5058
2021,121.5026
2022,121.4992
2022,121.4962
2022,121.4935
2022,121.4905
2022,121.4876
2022,121.4846
2022,121.4817
2022,121.4787
2022,121.4757
2022,121.4728
2022,121.4698
2022,121.4669
2023,121.4638
2023,121.4609
2023,121.4583
2023,121.4554
2023,121.4526
2023,121.4497
2023,121.4469
2023,121.4440
2023,121.4410
2023,121.4382
2023,121.4353
2023,121.4325
2024,121.4296
2024,121.4267
2024,121.4239
2024,121.4210
2024,121.4182
2024,121.4152
2024,121.4124
2024,121.4095
2024,121.4065
2024,121.4037
2024,121.4008
2024,121.3979
2025,121.3950
2025,121.3923
2025,121.3898
2025,121.3870
2025,121.3843
2025,121.3816
2025,121.3789
2025,121.3762
2025,121.3734
2025,121.3708
2025,121.3680
2025,121.3653
2026,121.3626
2026,121.3595
2026,121.3568
2026,121.3537
2026,121.3508
2026,121.3478
2026,121.3448
2026,121.3418
2026,121.3387
2026,121.3358
2026,121.3327
2026,121.3298
2027,121.3267
2027,121.3229
2027,121.3194
2027,121.3155
2027,121.3118
2027,121.3079
2027,121.3042
2027,121.3004
2027,121.2965
2027,121.2928
2027,121.2889
2027,121.2852
2028,121.2813
2028,121.2779
2028,121.2748
2028,121.2714
2028,121.2681
2028,121.2648
2028,121.2615
2028,121.2581
2028,121.2548
2028,121.2515
2028,121.2481
2028,121.2449
2029,121.2415
2029,121.2384
2029,121.2356
2029,121.2325
2029,121.2295
2029,121.2264
2029,121.2234
2029,121.2204
2029,121.2173
2029,121.2143
2029,121.2112
2029,121.2082
2030,121.2051
2030,121.2022
2030,121.1996
2030,121.1966
2030,121.1938
2030,121.1909
2030,121.1881
2030,121.1852
2030,121.1823
2030,121.1795
2030,121.1766
2030,121.1738
2031,121.1709
2031,121.1681
2031,121.1656
2031,121.1628
2031,121.1601
2031,121.1573
2031,121.1547
2031,121.1519
2031,121.1491
2031,121.1464
2031,121.1437
2031,121.1410
2032,121.1382
2032,121.1355
2032,121.1331
2032,121.1304
2032,121.1279
2032,121.1252
2032,121.1226
2032,121.1200
2032,121.1173
2032,121.1148
2032,121.1121
2032,121.1096
2033,121.1069
2033,121.1044
2033,121.1021
2033,121.0996
2033,121.0971
2033,121.0946
2033,121.0921
2033,121.0896
2033,121.0870
2033,121.0846
2033,121.0820
2033,121.0796
2034,121.0770
2034,121.0746
2034,121.0724
2034,121.0699
2034,121.0676
2034,121.0651
2034,121.0628
2034,121.0604
2034,121.0579
2034,121.0556
2034,121.0531
2034,121.0508
2035,121.0483
2035,121.0460
2035,121.0439
2035,121.0415
2035,121.0392
2035,121.0369
2035,121.0346
2035,121.0323
2035,121.0299
2035,121.0277
2035,121.0253
2035,121.0230
2036,121.0207
2036,121.0184
2036,121.0163
2036,121.0141
2036,121.0119
2036,121.0097
2036,121.0075
2036,121.0052
2036,121.0030
2036,121.0008
2036,120.9985
2036,120.9964
2037,120.9941
2037,120.9923
2037,120.9906
2037,120.9888
2037,120.9870
2037,120.9851
2037,120.9834
2037,120.9815
2037,120.9797
2037,120.9779
2037,120.9760
2037,120.9743
2038,120.9724
2039,120.9604
2040,120.9405
2041,120.9197
2042,120.9001
2043,120.8816
2044,120.8641
2045,120.8473
2046,120.8310
2047,120.8152
2048,120.7997
2049,120.7844
2050,120.7695
2051,120.7537
2052,120.7384
2053,120.7234
2054,120.7086
2055,120.6941
2056,120.6796
2057,120.6651
2058,120.6509
2059,120.6368
2060,120.6227
2061,120.6087
2062,120.5950
2063,120.5813
2064,120.5672
2065,120.5534
2066,120.5399
2067,120.5165
2068,120.4926
2069,120.4704
2070,120.4496
2071,120.4293
2072,120.4100
2073,120.3917
2074,120.3742
2075,120.3573
2076,120.3410
2077,120.3253
2078,120.3100
2079,120.2952
2080,120.2808
2081,120.2666
2082,120.2529
2083,120.2397
2084,120.2267
2085,120.2140
2086,120.2017
2087,120.1895
2088,120.1777
2089,120.1660
2090,120.1546
2091,120.1433
2092,120.1323
2093,120.1215
2094,120.1107
2095,120.1002
2096,120.0899
2097,120.0796
2098,120.0697
2099,120.0598
2100,120.0500
2135,119.7940
