Year,Elevation
2012,121.8075
2012,121.8039
2012,121.8007
2012,121.7971
2012,121.7937
2012,121.7902
2012,121.7868
2012,121.7832
2012,121.7797
2012,121.7763
2012,121.7728
2012,121.7694
2013,121.7659
2013,121.7615
2013,121.7576
2013,121.7533
2013,121.7491
2013,121.7448
2013,121.7406
2013,121.7363
2013,121.7320
2013,121.7278
2013,121.7235
2013,121.7193
2014,121.7150
2014,121.7138
2014,121.7127
2014,121.7116
2014,121.7104
2014,121.7092
2014,121.7081
2014,121.7069
2014,121.7057
2014,121.7046
2014,121.7034
2014,121.7022
2015,121.7011
2015,121.6979
2015,121.6951
2015,121.6919
2015,121.6889
2015,121.6857
2015,121.6827
2015,121.6795
2015,121.6764
2015,121.6733
2015,121.6702
2015,121.6671
2016,121.6640
2016,121.6612
2016,121.6586
2016,121.6558
2016,121.6531
2016,121.6503
2016,121.6476
2016,121.6448
2016,121.6420
2016,121.6393
2016,121.6365
2016,121.6338
2017,121.6310
2017,121.6300
2017,121.6290
2017,121.6279
2017,121.6268
2017,121.6258
2017,121.6247
2017,121.6236
2017,121.6225
2017,121.6215
2017,121.6204
2017,121.6193
2018,121.6183
2018,121.6141
2018,121.6103
2018,121.6061
2018,121.6020
2018,121.5978
2018,121.5937
2018,121.5895
2018,121.5853
2018,121.5813
2018,121.5770
2018,121.5730
2019,121.5539
2019,121.5496
2019,121.5457
2019,121.5414
2019,121.5373
2019,121.5330
2019,121.5289
2019,121.5246
2019,121.5203
2019,121.5161
2019,121.5118
2019,121.5077
2020,121.5034
2020,121.4995
2020,121.4958
2020,121.4919
2020,121.4882
2020,121.4843
2020,121.4805
2020,121.4766
2020,121.4727
2020,121.4689
2020,121.4650
2020,121.4612
2021,121.4573
2021,121.4541
2021,121.4511
2021,121.4479
2021,121.4448
2021,121.4416
2021,121.4384
2021,121.4352
2021,121.4320
2021,121.4289
2021,121.4256
2021,121.4225
2022,121.4193
2022,121.4164
2022,121.4137
2022,121.4108
2022,121.4080
2022,121.4051
2022,121.4022
2022,121.3993
2022,121.3964
2022,121.3936
2022,121.3906
2022,121.3878
2023,121.3849
2023,121.3820
2023,121.3795
2023,121.3766
2023,121.3739
2023,121.3710
2023,121.3682
2023,121.3654
2023,121.3625
2023,121.3598
2023,121.3569
2023,121.3542
2024,121.3513
2024,121.3484
2024,121.3457
2024,121.3429
2024,121.3401
2024,121.3372
2024,121.3344
2024,121.3315
2024,121.3287
2024,121.3259
2024,121.3230
2024,121.3202
2025,121.3173
2025,121.3146
2025,121.3122
2025,121.3095
2025,121.3069
2025,121.3042
2025,121.3016
2025,121.2989
2025,121.2962
2025,121.2936
2025,121.2909
2025,121.2883
2026,121.2856
2026,121.2826
2026,121.2799
2026,121.2768
2026,121.2739
2026,121.2709
2026,121.2680
2026,121.2649
2026,121.2619
2026,121.2590
2026,121.2560
2026,121.2531
2027,121.2500
2027,121.2462
2027,121.2426
2027,121.2388
2027,121.2350
2027,121.2311
2027,121.2274
2027,121.2235
2027,121.2196
2027,121.2158
2027,121.2119
2027,121.2082
2028,121.2043
2028,121.2010
2028,121.1980
2028,121.1947
2028,121.1915
2028,121.1883
2028,121.1851
2028,121.1818
2028,121.1786
2028,121.1754
2028,121.1721
2028,121.1690
2029,121.1657
2029,121.1627
2029,121.1600
2029,121.1570
2029,121.1541
2029,121.1510
2029,121.1481
2029,121.1451
2029,121.1421
2029,121.1392
2029,121.1362
2029,121.1333
2030,121.1303
2030,121.1274
2030,121.1249
2030,121.1220
2030,121.1193
2030,121.1164
2030,121.1137
2030,121.1109
2030,121.1080
2030,121.1053
2030,121.1024
2030,121.0997
2031,121.0969
2031,121.0942
2031,121.0917
2031,121.0890
2031,121.0864
2031,121.0837
2031,121.0810
2031,121.0783
2031,121.0756
2031,121.0730
2031,121.0703
2031,121.0676
2032,121.0649
2032,121.0623
2032,121.0599
2032,121.0573
2032,121.0548
2032,121.0522
2032,121.0497
2032,121.0471
2032,121.0446
2032,121.0421
2032,121.0395
2032,121.0370
2033,121.0344
2033,121.0319
2033,121.0296
2033,121.0272
2033,121.0248
2033,121.0223
2033,121.0199
2033,121.0174
2033,121.0149
2033,121.0125
2033,121.0100
2033,121.0076
2034,121.0051
2034,121.0027
2034,121.0006
2034,120.9982
2034,120.9959
2034,120.9935
2034,120.9912
2034,120.9888
2034,120.9865
2034,120.9841
2034,120.9818
2034,120.9795
2035,120.9771
2035,120.9748
2035,120.9727
2035,120.9704
2035,120.9682
2035,120.9659
2035,120.9637
2035,120.9614
2035,120.9591
2035,120.9568
2035,120.9545
2035,120.9523
2036,120.9500
2036,120.9478
2036,120.9457
2036,120.9435
2036,120.9414
2036,120.9392
2036,120.9371
2036,120.9349
2036,120.9326
2036,120.9305
2036,120.9283
2036,120.9262
2037,120.9240
2037,120.9222
2037,120.9206
2037,120.9189
2037,120.9172
2037,120.9155
2037,120.9138
2037,120.9120
2037,120.9103
2037,120.9086
2037,120.9069
2037,120.9052
2038,120.9034
2039,120.8936
2040,120.8736
2041,120.8530
2042,120.8335
2043,120.8149
2044,120.7974
2045,120.7805
2046,120.7641
2047,120.7482
2048,120.7328
2049,120.7175
2050,120.7026
2051,120.6868
2052,120.6717
2053,120.6567
2054,120.6421
2055,120.6277
2056,120.6133
2057,120.5990
2058,120.5850
2059,120.5710
2060,120.5571
2061,120.5433
2062,120.5298
2063,120.5163
2064,120.5023
2065,120.4888
2066,120.4755
2067,120.4509
2068,120.4271
2069,120.4052
2070,120.3847
2071,120.3646
2072,120.3456
2073,120.3275
2074,120.3103
2075,120.2936
2076,120.2775
2077,120.2620
2078,120.2469
2079,120.2323
2080,120.2181
2081,120.2041
2082,120.1906
2083,120.1776
2084,120.1647
2085,120.1523
2086,120.1401
2087,120.1281
2088,120.1165
2089,120.1050
2090,120.0937
2091,120.0826
2092,120.0718
2093,120.0612
2094,120.0506
2095,120.0402
2096,120.0300
2097,120.0199
2098,120.0101
2099,120.0004
2100,119.9907
2135,119.7387
