Year,Elevation
2012,137.2090
2012,137.1906
2012,137.1734
2012,137.1550
2012,137.1372
2012,137.1187
2012,137.1009
2012,137.0825
2012,137.0641
2012,137.0463
2012,137.0279
2012,137.0101
2013,136.9917
2013,136.9736
2013,136.9574
2013,136.9393
2013,136.9219
2013,136.9039
2013,136.8864
2013,136.8684
2013,136.8504
2013,136.8329
2013,136.8149
2013,136.7975
2014,136.7794
2014,136.7619
2014,136.7460
2014,136.7285
2014,136.7115
2014,136.6939
2014,136.6769
2014,136.6593
2014,136.6418
2014,136.6248
2014,136.6072
2014,136.5902
2015,136.5727
2015,136.5559
2015,136.5408
2015,136.5240
2015,136.5078
2015,136.4911
2015,136.4749
2015,136.4581
2015,136.4413
2015,136.4251
2015,136.4084
2015,136.3922
2016,136.3754
2016,136.3590
2016,136.3436
2016,136.3271
2016,136.3112
2016,136.2948
2016,136.2789
2016,136.2624
2016,136.2460
2016,136.2301
2016,136.2137
2016,136.1977
2017,136.1813
2017,136.1667
2017,136.1535
2017,136.1388
2017,136.1247
2017,136.1101
2017,136.0959
2017,136.0813
2017,136.0667
2017,136.0525
2017,136.0379
2017,136.0237
2018,136.0091
2018,135.9972
2018,135.9865
2018,135.9747
2018,135.9632
2018,135.9513
2018,135.9398
2018,135.9280
2018,135.9161
2018,135.9046
2018,135.8928
2018,135.8813
2019,136.2099
2019,136.2193
2019,136.2276
2019,136.2369
2019,136.2459
2019,136.2552
2019,136.2642
2019,136.2735
2019,136.2828
2019,136.2917
2019,136.3010
2019,136.3100
2020,136.3193
2020,136.3224
2020,136.3251
2020,136.3281
2020,136.3309
2020,136.3339
2020,136.3368
2020,136.3397
2020,136.3427
2020,136.3455
2020,136.3485
2020,136.3514
2021,136.3543
2021,136.3530
2021,136.3519
2021,136.3507
2021,136.3495
2021,136.3482
2021,136.3470
2021,136.3458
2021,136.3445
2021,136.3433
2021,136.3421
2021,136.3409
2022,136.3396
2022,136.3351
2022,136.3311
2022,136.3266
2022,136.3223
2022,136.3178
2022,136.3134
2022,136.3089
2022,136.3044
2022,136.3001
2022,136.2956
2022,136.2913
2023,136.2868
2023,136.2803
2023,136.2745
2023,136.2681
2023,136.2618
2023,136.2554
2023,136.2491
2023,136.2427
2023,136.2363
2023,136.2300
2023,136.2236
2023,136.2173
2024,136.2109
2024,136.2042
2024,136.1979
2024,136.1912
2024,136.1847
2024,136.1780
2024,136.1715
2024,136.1647
2024,136.1580
2024,136.1515
2024,136.1448
2024,136.1383
2025,136.1316
2025,136.1260
2025,136.1208
2025,136.1152
2025,136.1097
2025,136.1041
2025,136.0986
2025,136.0930
2025,136.0873
2025,136.0818
2025,136.0762
2025,136.0707
2026,136.0651
2026,136.0598
2026,136.0551
2026,136.0498
2026,136.0447
2026,136.0395
2026,136.0344
2026,136.0291
2026,136.0238
2026,136.0188
2026,136.0135
2026,136.0084
2027,136.0032
2027,135.9979
2027,135.9932
2027,135.9879
2027,135.9828
2027,135.9776
2027,135.9725
2027,135.9673
2027,135.9620
2027,135.9570
2027,135.9517
2027,135.9466
2028,135.9414
2028,135.9359
2028,135.9308
2028,135.9253
2028,135.9200
2028,135.9145
2028,135.9092
2028,135.9037
2028,135.8983
2028,135.8929
2028,135.8875
2028,135.8822
2029,135.8767
2029,135.8707
2029,135.8653
2029,135.8593
2029,135.8535
2029,135.8476
2029,135.8418
2029,135.8358
2029,135.8298
2029,135.8241
2029,135.8181
2029,135.8123
2030,135.8063
2030,135.7998
2030,135.7938
2030,135.7873
2030,135.7809
2030,135.7744
2030,135.7680
2030,135.7614
2030,135.7549
2030,135.7485
2030,135.7419
2030,135.7356
2031,135.7290
2031,135.7220
2031,135.7156
2031,135.7085
2031,135.7017
2031,135.6946
2031,135.6878
2031,135.6808
2031,135.6737
2031,135.6669
2031,135.6598
2031,135.6530
2032,135.6459
2032,135.6385
2032,135.6316
2032,135.6242
2032,135.6171
2032,135.6096
2032,135.6025
2032,135.5951
2032,135.5877
2032,135.5806
2032,135.5732
2032,135.5660
2033,135.5586
2033,135.5510
2033,135.5441
2033,135.5365
2033,135.5291
2033,135.5215
2033,135.5141
2033,135.5065
2033,135.4989
2033,135.4915
2033,135.4839
2033,135.4765
2034,135.4689
2034,135.4612
2034,135.4543
2034,135.4466
2034,135.4391
2034,135.4314
2034,135.4240
2034,135.4163
2034,135.4086
2034,135.4012
2034,135.3935
2034,135.3860
2035,135.3784
2035,135.3706
2035,135.3636
2035,135.3559
2035,135.3484
2035,135.3406
2035,135.3331
2035,135.3254
2035,135.3177
2035,135.3102
2035,135.3024
2035,135.2949
2036,135.2872
2036,135.2794
2036,135.2722
2036,135.2645
2036,135.2570
2036,135.2493
2036,135.2418
2036,135.2341
2036,135.2264
2036,135.2189
2036,135.2112
2036,135.2037
2037,135.1960
2037,135.1874
2037,135.1797
2037,135.1711
2037,135.1628
2037,135.1543
2037,135.1460
2037,135.1374
2037,135.1288
2037,135.1205
2037,135.1120
2037,135.1037
2038,135.0951
2039,134.9519
2040,134.7828
2041,134.6114
2042,134.4521
2043,134.3086
2044,134.1810
2045,134.0671
2046,133.9652
2047,133.8729
2048,133.7883
2049,133.7100
2050,133.6370
2051,133.5667
2052,133.4999
2053,133.4355
2054,133.3736
2055,133.3136
2056,133.2554
2057,133.1987
2058,133.1434
2059,133.0895
2060,133.0366
2061,132.9846
2062,132.9337
2063,132.8836
2064,132.8342
2065,132.7852
2066,132.7370
2067,132.6891
2068,132.6415
2069,132.5940
2070,132.5465
2071,132.4989
2072,132.4512
2073,132.4034
2074,132.3556
2075,132.3079
2076,132.2603
2077,132.2129
2078,132.1658
2079,132.1189
2080,132.0724
2081,132.0259
2082,131.9801
2083,131.9349
2084,131.8902
2085,131.8459
2086,131.8022
2087,131.7591
2088,131.7166
2089,131.6746
2090,131.6333
2091,131.5925
2092,131.5523
2093,131.5126
2094,131.4735
2095,131.4350
2096,131.3971
2097,131.3596
2098,131.3227
2099,131.2863
2100,131.2504
2135,130.3228
