Year,Elevation
2012,124.3381
2012,124.3343
2012,124.3307
2012,124.3270
2012,124.3233
2012,124.3195
2012,124.3158
2012,124.3120
2012,124.3082
2012,124.3046
2012,124.3008
2012,124.2971
2013,124.2933
2013,124.2895
2013,124.2861
2013,124.2823
2013,124.2786
2013,124.2748
2013,124.2712
2013,124.2674
2013,124.2636
2013,124.2599
2013,124.2561
2013,124.2525
2014,124.2487
2014,124.2459
2014,124.2433
2014,124.2405
2014,124.2378
2014,124.2349
2014,124.2322
2014,124.2294
2014,124.2266
2014,124.2238
2014,124.2210
2014,124.2183
2015,124.2155
2015,124.2124
2015,124.2097
2015,124.2067
2015,124.2037
2015,124.2007
2015,124.1977
2015,124.1947
2015,124.1917
2015,124.1887
2015,124.1857
2015,124.1827
2016,124.1797
2016,124.1774
2016,124.1753
2016,124.1730
2016,124.1708
2016,124.1686
2016,124.1664
2016,124.1641
2016,124.1618
2016,124.1596
2016,124.1574
2016,124.1552
2017,124.1529
2017,124.1504
2017,124.1482
2017,124.1457
2017,124.1432
2017,124.1408
2017,124.1383
2017,124.1359
2017,124.1334
2017,124.1310
2017,124.1285
2017,124.1260
2018,124.1236
2018,124.1207
2018,124.1180
2018,124.1151
2018,124.1123
2018,124.1094
2018,124.1066
2018,124.1037
2018,124.1008
2018,124.0980
2018,124.0951
2018,124.0923
2019,124.0388
2019,124.0341
2019,124.0300
2019,124.0253
2019,124.0209
2019,124.0163
2019,124.0118
2019,124.0072
2019,124.0025
2019,123.9981
2019,123.9935
2019,123.9890
2020,123.9844
2020,123.9801
2020,123.9761
2020,123.9719
2020,123.9677
2020,123.9635
2020,123.9594
2020,123.9551
2020,123.9508
2020,123.9467
2020,123.9425
2020,123.9383
2021,123.9341
2021,123.9303
2021,123.9268
2021,123.9230
2021,123.9193
2021,123.9155
2021,123.9118
2021,123.9080
2021,123.9042
2021,123.9005
2021,123.8967
2021,123.8930
2022,123.8892
2022,123.8856
2022,123.8824
2022,123.8788
2022,123.8754
2022,123.8718
2022,123.8684
2022,123.8649
2022,123.8613
2022,123.8579
2022,123.8543
2022,123.8509
2023,123.8473
2023,123.8439
2023,123.8409
2023,123.8375
2023,123.8342
2023,123.8308
2023,123.8276
2023,123.8242
2023,123.8208
2023,123.8176
2023,123.8142
2023,123.8109
2024,123.8075
2024,123.8042
2024,123.8011
2024,123.7978
2024,123.7946
2024,123.7913
2024,123.7881
2024,123.7848
2024,123.7815
2024,123.7783
2024,123.7750
2024,123.7718
2025,123.7685
2025,123.7653
2025,123.7624
2025,123.7592
2025,123.7561
2025,123.7529
2025,123.7498
2025,123.7466
2025,123.7434
2025,123.7403
2025,123.7371
2025,123.7340
2026,123.7308
2026,123.7276
2026,123.7247
2026,123.7215
2026,123.7184
2026,123.7152
2026,123.7121
2026,123.7089
2026,123.7057
2026,123.7026
2026,123.6994
2026,123.6963
2027,123.6931
2027,123.6897
2027,123.6867
2027,123.6833
2027,123.6800
2027,123.6766
2027,123.6733
2027,123.6699
2027,123.6664
2027,123.6631
2027,123.6597
2027,123.6564
2028,123.6530
2028,123.6497
2028,123.6466
2028,123.6433
2028,123.6400
2028,123.6367
2028,123.6335
2028,123.6301
2028,123.6268
2028,123.6236
2028,123.6203
2028,123.6170
2029,123.6137
2029,123.6105
2029,123.6076
2029,123.6043
2029,123.6012
2029,123.5980
2029,123.5949
2029,123.5916
2029,123.5884
2029,123.5853
2029,123.5821
2029,123.5790
2030,123.5757
2030,123.5726
2030,123.5698
2030,123.5666
2030,123.5636
2030,123.5605
2030,123.5574
2030,123.5543
2030,123.5512
2030,123.5481
2030,123.5450
2030,123.5420
2031,123.5388
2031,123.5358
2031,123.5331
2031,123.5300
2031,123.5271
2031,123.5241
2031,123.5212
2031,123.5181
2031,123.5151
2031,123.5122
2031,123.5091
2031,123.5062
2032,123.5032
2032,123.5002
2032,123.4975
2032,123.4945
2032,123.4916
2032,123.4887
2032,123.4858
2032,123.4829
2032,123.4799
2032,123.4771
2032,123.4741
2032,123.4712
2033,123.4683
2033,123.4654
2033,123.4629
2033,123.4600
2033,123.4572
2033,123.4544
2033,123.4516
2033,123.4488
2033,123.4459
2033,123.4432
2033,123.4403
2033,123.4375
2034,123.4347
2034,123.4319
2034,123.4293
2034,123.4265
2034,123.4238
2034,123.4209
2034,123.4182
2034,123.4154
2034,123.4126
2034,123.4098
2034,123.4070
2034,123.4043
2035,123.4015
2035,123.3987
2035,123.3962
2035,123.3935
2035,123.3909
2035,123.3881
2035,123.3855
2035,123.3827
2035,123.3800
2035,123.3773
2035,123.3746
2035,123.3720
2036,123.3692
2036,123.3665
2036,123.3640
2036,123.3613
2036,123.3587
2036,123.3561
2036,123.3535
2036,123.3508
2036,123.3481
2036,123.3455
2036,123.3428
2036,123.3402
2037,123.3375
2037,123.3350
2037,123.3328
2037,123.3303
2037,123.3279
2037,123.3254
2037,123.3229
2037,123.3204
2037,123.3179
2037,123.3155
2037,123.3130
2037,123.3106
2038,123.3081
2039,123.2819
2040,123.2552
2041,123.2283
2042,123.2022
2043,123.1764
2044,123.1514
2045,123.1267
2046,123.1028
2047,123.0787
2048,123.0551
2049,123.0316
2050,123.0083
2051,122.9850
2052,122.9619
2053,122.9383
2054,122.9157
2055,122.8930
2056,122.8706
2057,122.8479
2058,122.8260
2059,122.8040
2060,122.7819
2061,122.7603
2062,122.7388
2063,122.7175
2064,122.6960
2065,122.6750
2066,122.6538
2067,122.6289
2068,122.6034
2069,122.5787
2070,122.5543
2071,122.5305
2072,122.5072
2073,122.4843
2074,122.4618
2075,122.4401
2076,122.4184
2077,122.3972
2078,122.3764
2079,122.3559
2080,122.3360
2081,122.3158
2082,122.2963
2083,122.2771
2084,122.2581
2085,122.2391
2086,122.2209
2087,122.2028
2088,122.1845
2089,122.1666
2090,122.1489
2091,122.1318
2092,122.1144
2093,122.0975
2094,122.0807
2095,122.0641
2096,122.0476
2097,122.0311
2098,122.0152
2099,121.9990
2100,121.9832
2135,121.5240
