Year,Elevation
2012,124.1879
2012,124.1841
2012,124.1805
2012,124.1767
2012,124.1730
2012,124.1692
2012,124.1655
2012,124.1617
2012,124.1579
2012,124.1542
2012,124.1504
2012,124.1467
2013,124.1429
2013,124.1391
2013,124.1356
2013,124.1318
2013,124.1281
2013,124.1243
2013,124.1206
2013,124.1168
2013,124.1130
2013,124.1093
2013,124.1054
2013,124.1017
2014,124.0979
2014,124.0951
2014,124.0926
2014,124.0899
2014,124.0872
2014,124.0844
2014,124.0817
2014,124.0789
2014,124.0761
2014,124.0735
2014,124.0707
2014,124.0680
2015,124.0652
2015,124.0622
2015,124.0594
2015,124.0564
2015,124.0535
2015,124.0505
2015,124.0475
2015,124.0445
2015,124.0415
2015,124.0385
2015,124.0355
2015,124.0326
2016,124.0295
2016,124.0272
2016,124.0250
2016,124.0227
2016,124.0204
2016,124.0181
2016,124.0158
2016,124.0135
2016,124.0112
2016,124.0089
2016,124.0066
2016,124.0043
2017,124.0020
2017,123.9995
2017,123.9973
2017,123.9949
2017,123.9925
2017,123.9900
2017,123.9877
2017,123.9852
2017,123.9828
2017,123.9804
2017,123.9780
2017,123.9756
2018,123.9731
2018,123.9702
2018,123.9676
2018,123.9646
2018,123.9618
2018,123.9589
2018,123.9561
2018,123.9531
2018,123.9502
2018,123.9474
2018,123.9445
2018,123.9416
2019,123.8903
2019,123.8856
2019,123.8813
2019,123.8767
2019,123.8721
2019,123.8674
2019,123.8629
2019,123.8582
2019,123.8535
2019,123.8490
2019,123.8443
2019,123.8397
2020,123.8350
2020,123.8307
2020,123.8267
2020,123.8224
2020,123.8182
2020,123.8139
2020,123.8097
2020,123.8054
2020,123.8011
2020,123.7969
2020,123.7926
2020,123.7884
2021,123.7841
2021,123.7803
2021,123.7768
2021,123.7729
2021,123.7692
2021,123.7654
2021,123.7617
2021,123.7578
2021,123.7540
2021,123.7502
2021,123.7464
2021,123.7427
2022,123.7388
2022,123.7353
2022,123.7320
2022,123.7285
2022,123.7250
2022,123.7215
2022,123.7180
2022,123.7144
2022,123.7109
2022,123.7074
2022,123.7038
2022,123.7004
2023,123.6968
2023,123.6934
2023,123.6904
2023,123.6870
2023,123.6837
2023,123.6803
2023,123.6770
2023,123.6737
2023,123.6703
2023,123.6670
2023,123.6636
2023,123.6603
2024,123.6569
2024,123.6536
2024,123.6505
2024,123.6472
2024,123.6440
2024,123.6407
2024,123.6375
2024,123.6342
2024,123.6309
2024,123.6277
2024,123.6244
2024,123.6212
2025,123.6179
2025,123.6147
2025,123.6118
2025,123.6086
2025,123.6055
2025,123.6023
2025,123.5992
2025,123.5960
2025,123.5928
2025,123.5897
2025,123.5865
2025,123.5834
2026,123.5802
2026,123.5770
2026,123.5741
2026,123.5709
2026,123.5678
2026,123.5646
2026,123.5615
2026,123.5583
2026,123.5551
2026,123.5520
2026,123.5488
2026,123.5457
2027,123.5425
2027,123.5391
2027,123.5360
2027,123.5326
2027,123.5293
2027,123.5258
2027,123.5225
2027,123.5191
2027,123.5157
2027,123.5124
2027,123.5089
2027,123.5056
2028,123.5022
2028,123.4989
2028,123.4957
2028,123.4924
2028,123.4892
2028,123.4858
2028,123.4826
2028,123.4792
2028,123.4759
2028,123.4726
2028,123.4693
2028,123.4661
2029,123.4627
2029,123.4595
2029,123.4566
2029,123.4534
2029,123.4502
2029,123.4470
2029,123.4439
2029,123.4407
2029,123.4374
2029,123.4343
2029,123.4311
2029,123.4280
2030,123.4247
2030,123.4216
2030,123.4188
2030,123.4156
2030,123.4126
2030,123.4095
2030,123.4065
2030,123.4033
2030,123.4002
2030,123.3972
2030,123.3940
2030,123.3910
2031,123.3879
2031,123.3848
2031,123.3821
2031,123.3791
2031,123.3762
2031,123.3731
2031,123.3702
2031,123.3672
2031,123.3642
2031,123.3612
2031,123.3582
2031,123.3553
2032,123.3522
2032,123.3493
2032,123.3465
2032,123.3436
2032,123.3408
2032,123.3378
2032,123.3350
2032,123.3320
2032,123.3291
2032,123.3262
2032,123.3233
2032,123.3204
2033,123.3175
2033,123.3146
2033,123.3120
2033,123.3092
2033,123.3065
2033,123.3036
2033,123.3009
2033,123.2980
2033,123.2952
2033,123.2924
2033,123.2896
2033,123.2868
2034,123.2840
2034,123.2812
2034,123.2787
2034,123.2758
2034,123.2731
2034,123.2703
2034,123.2676
2034,123.2648
2034,123.2620
2034,123.2593
2034,123.2565
2034,123.2538
2035,123.2509
2035,123.2482
2035,123.2458
2035,123.2430
2035,123.2404
2035,123.2377
2035,123.2350
2035,123.2323
2035,123.2296
2035,123.2270
2035,123.2242
2035,123.2216
2036,123.2189
2036,123.2162
2036,123.2137
2036,123.2111
2036,123.2085
2036,123.2058
2036,123.2032
2036,123.2006
2036,123.1979
2036,123.1953
2036,123.1927
2036,123.1901
2037,123.1874
2037,123.1850
2037,123.1827
2037,123.1802
2037,123.1778
2037,123.1754
2037,123.1730
2037,123.1705
2037,123.1680
2037,123.1656
2037,123.1632
2037,123.1608
2038,123.1583
2039,123.1326
2040,123.1064
2041,123.0798
2042,123.0541
2043,123.0286
2044,123.0039
2045,122.9796
2046,122.9561
2047,122.9324
2048,122.9092
2049,122.8862
2050,122.8632
2051,122.8403
2052,122.8176
2053,122.7946
2054,122.7724
2055,122.7501
2056,122.7281
2057,122.7058
2058,122.6844
2059,122.6628
2060,122.6412
2061,122.6199
2062,122.5989
2063,122.5780
2064,122.5569
2065,122.5363
2066,122.5155
2067,122.4907
2068,122.4653
2069,122.4408
2070,122.4165
2071,122.3928
2072,122.3697
2073,122.3470
2074,122.3248
2075,122.3033
2076,122.2819
2077,122.2610
2078,122.2404
2079,122.2202
2080,122.2006
2081,122.1807
2082,122.1615
2083,122.1426
2084,122.1239
2085,122.1053
2086,122.0873
2087,122.0696
2088,122.0516
2089,122.0340
2090,122.0167
2091,121.9999
2092,121.9828
2093,121.9663
2094,121.9498
2095,121.9335
2096,121.9173
2097,121.9012
2098,121.8856
2099,121.8698
2100,121.8543
2135,121.4065
