Year,Elevation
2024,134.2097
2025,134.1368
2026,134.2083
2027,134.3609
2028,134.6470
2029,134.8166
2030,134.8039
2031,134.7640
2032,134.7054
2033,134.6328
2034,134.5513
2035,134.4706
2036,134.3876
2037,134.3073
2038,134.0810
2039,133.4631
2040,132.8561
2041,132.3994
2042,132.0865
2043,131.8727
2044,131.7216
2045,131.6084
2046,131.5186
2047,131.4427
2048,131.3756
2049,131.3138
2050,131.2559
2051,131.1928
2052,131.1294
2053,131.0677
2054,131.0083
2055,130.9508
2056,130.8949
2057,130.8403
2058,130.7869
2059,130.7345
2060,130.6827
2061,130.6314
2062,130.5807
2063,130.5304
2064,130.4805
2065,130.4308
2066,130.3817
2067,130.3257
2068,130.2632
2069,130.1980
2070,130.1342
2071,130.0724
2072,130.0128
2073,129.9550
2074,129.8990
2075,129.8443
2076,129.7909
2077,129.7385
2078,129.6873
2079,129.6369
2080,129.5874
2081,129.5378
2082,129.4893
2083,129.4420
2084,129.3960
2085,129.3511
2086,129.3073
2087,129.2644
2088,129.2225
2089,129.1813
2090,129.1412
2091,129.1017
2092,129.0629
2093,129.0248
2094,128.9874
2095,128.9507
2096,128.9147
2097,128.8791
2098,128.8443
2099,128.8101
2100,128.7764
2135,127.9236
2151,127.6671
2494,126.7315
2517,126.7119
2520,126.7100
2521,126.7094
2525,126.7074
2526,126.7069
2527,126.7061
2529,126.7057
2530,126.7049
2533,126.7041
2535,126.7036
2543,126.7012
2550,126.6994
2551,126.6991
2552,126.6993
2570,126.6939
