Year,Elevation
2024,121.3380
2025,121.3156
2026,121.2937
2027,121.2724
2028,121.2516
2029,121.2310
2030,121.2109
2031,121.1912
2032,121.1718
2033,121.1528
2034,121.1343
2035,121.1152
2036,121.0962
2037,121.0779
2038,121.0604
2039,121.0437
2040,121.0279
2041,121.0122
2042,120.9972
2043,120.9833
2044,120.9702
2045,120.9578
2046,120.9460
2047,120.9348
2048,120.9241
2049,120.9138
2050,120.9040
2051,120.8946
2052,120.8856
2053,120.8769
2054,120.8686
2055,120.8605
2056,120.8528
2057,120.8453
2058,120.8380
2059,120.8309
2060,120.8240
2061,120.8172
2062,120.8107
2063,120.8043
2064,120.7981
2065,120.7920
2066,120.7861
2067,120.7802
2068,120.7740
2069,120.7674
2070,120.7605
2071,120.7533
2072,120.7460
2073,120.7385
2074,120.7311
2075,120.7237
2076,120.7164
2077,120.7092
2078,120.7022
2079,120.6954
2080,120.6888
2081,120.6824
2082,120.6762
2083,120.6702
2084,120.6643
2085,120.6587
2086,120.6532
2087,120.6479
2088,120.6427
2089,120.6377
2090,120.6328
2091,120.6281
2092,120.6235
2093,120.6190
2094,120.6146
2095,120.6104
2096,120.6063
2097,120.6022
2098,120.5983
2099,120.5944
2100,120.5906
2135,120.4960
2151,120.4653
2494,120.3204
2517,120.3168
2520,120.3166
2521,120.3166
2525,120.3164
2526,120.3164
2527,120.3164
2529,120.3163
2530,120.3162
2533,120.3160
2535,120.3160
2543,120.3158
2550,120.3157
2551,120.3156
2552,120.3156
2570,120.3152
