Year,Elevation
2024,134.4120
2025,134.3569
2026,134.4588
2027,134.6369
2028,134.9558
2029,135.1286
2030,135.1021
2031,135.0549
2032,134.9871
2033,134.9091
2034,134.8240
2035,134.7385
2036,134.6523
2037,134.5703
2038,134.3116
2039,133.5808
2040,132.9299
2041,132.4686
2042,132.1634
2043,131.9590
2044,131.8158
2045,131.7085
2046,131.6230
2047,131.5501
2048,131.4851
2049,131.4247
2050,131.3679
2051,131.3029
2052,131.2387
2053,131.1767
2054,131.1172
2055,131.0597
2056,131.0038
2057,130.9490
2058,130.8954
2059,130.8427
2060,130.7906
2061,130.7389
2062,130.6877
2063,130.6368
2064,130.5863
2065,130.5359
2066,130.4860
2067,130.4281
2068,130.3634
2069,130.2965
2070,130.2316
2071,130.1690
2072,130.1087
2073,130.0502
2074,129.9935
2075,129.9381
2076,129.8841
2077,129.8310
2078,129.7790
2079,129.7279
2080,129.6777
2081,129.6271
2082,129.5779
2083,129.5300
2084,129.4834
2085,129.4379
2086,129.3935
2087,129.3501
2088,129.3076
2089,129.2659
2090,129.2252
2091,129.1852
2092,129.1459
2093,129.1071
2094,129.0692
2095,129.0320
2096,128.9954
2097,128.9593
2098,128.9239
2099,128.8891
2100,128.8549
2135,127.9918
2151,127.7301
2494,126.7812
2517,126.7609
2520,126.7590
2521,126.7584
2525,126.7564
2526,126.7559
2527,126.7551
2529,126.7547
2530,126.7538
2533,126.7530
2535,126.7526
2543,126.7502
2550,126.7484
2551,126.7481
2552,126.7483
2570,126.7429
