Year,Elevation
2024,124.2748
2025,124.2617
2026,124.2489
2027,124.2362
2028,124.2236
2029,124.2109
2030,124.1982
2031,124.1857
2032,124.1732
2033,124.1608
2034,124.1488
2035,124.1371
2036,124.1257
2037,124.1150
2038,124.1049
2039,124.0958
2040,124.0870
2041,124.0786
2042,124.0704
2043,124.0625
2044,124.0548
2045,124.0474
2046,124.0403
2047,124.0334
2048,124.0267
2049,124.0202
2050,124.0139
2051,124.0078
2052,124.0018
2053,123.9959
2054,123.9902
2055,123.9846
2056,123.9790
2057,123.9736
2058,123.9682
2059,123.9629
2060,123.9577
2061,123.9526
2062,123.9475
2063,123.9424
2064,123.9374
2065,123.9324
2066,123.9275
2067,123.9220
2068,123.9157
2069,123.9089
2070,123.9018
2071,123.8946
2072,123.8875
2073,123.8804
2074,123.8735
2075,123.8668
2076,123.8603
2077,123.8540
2078,123.8480
2079,123.8422
2080,123.8366
2081,123.8313
2082,123.8261
2083,123.8211
2084,123.8163
2085,123.8117
2086,123.8072
2087,123.8028
2088,123.7986
2089,123.7945
2090,123.7906
2091,123.7867
2092,123.7830
2093,123.7793
2094,123.7757
2095,123.7722
2096,123.7688
2097,123.7654
2098,123.7622
2099,123.7590
2100,123.7559
2135,123.6755
2151,123.6483
2494,123.5188
2517,123.5161
2520,123.5160
2521,123.5159
2525,123.5159
2526,123.5158
2527,123.5158
2529,123.5157
2530,123.5156
2533,123.5155
2535,123.5155
2543,123.5153
2550,123.5152
2551,123.5152
2552,123.5152
2570,123.5148
