Year,Elevation
2024,135.3081
2025,135.3085
2026,135.4045
2027,135.5570
2028,135.8152
2029,135.9887
2030,135.9528
2031,135.8805
2032,135.7886
2033,135.6918
2034,135.5922
2035,135.4931
2036,135.3959
2037,135.3039
2038,135.0002
2039,134.0844
2040,133.3385
2041,132.8561
2042,132.5607
2043,132.3731
2044,132.2453
2045,132.1497
2046,132.0722
2047,132.0047
2048,131.9429
2049,131.8845
2050,131.8287
2051,131.7626
2052,131.6979
2053,131.6358
2054,131.5761
2055,131.5183
2056,131.4620
2057,131.4068
2058,131.3525
2059,131.2990
2060,131.2458
2061,131.1927
2062,131.1399
2063,131.0872
2064,131.0347
2065,130.9821
2066,130.9297
2067,130.8708
2068,130.8061
2069,130.7393
2070,130.6743
2071,130.6106
2072,130.5488
2073,130.4886
2074,130.4300
2075,130.3725
2076,130.3163
2077,130.2611
2078,130.2067
2079,130.1532
2080,130.1005
2081,130.0472
2082,129.9953
2083,129.9449
2084,129.8958
2085,129.8478
2086,129.8009
2087,129.7549
2088,129.7099
2089,129.6656
2090,129.6224
2091,129.5798
2092,129.5379
2093,129.4967
2094,129.4562
2095,129.4164
2096,129.3773
2097,129.3387
2098,129.3008
2099,129.2636
2100,129.2269
2135,128.3142
2151,128.0296
2494,127.0179
2517,126.9947
2520,126.9927
2521,126.9921
2525,126.9901
2526,126.9896
2527,126.9886
2529,126.9883
2530,126.9872
2533,126.9864
2535,126.9860
2543,126.9836
2550,126.9818
2551,126.9817
2552,126.9817
2570,126.9763
