Year,Elevation
2024,135.7107
2025,135.7525
2026,135.7943
2027,135.8658
2028,135.9845
2029,136.1138
2030,136.0615
2031,135.9695
2032,135.8648
2033,135.7591
2034,135.6540
2035,135.5504
2036,135.4497
2037,135.3528
2038,135.0412
2039,134.0932
2040,133.3907
2041,132.9658
2042,132.7135
2043,132.5526
2044,132.4395
2045,132.3512
2046,132.2767
2047,132.2098
2048,132.1476
2049,132.0881
2050,132.0310
2051,131.9662
2052,131.9025
2053,131.8409
2054,131.7816
2055,131.7240
2056,131.6677
2057,131.6125
2058,131.5583
2059,131.5047
2060,131.4515
2061,131.3983
2062,131.3454
2063,131.2924
2064,131.2395
2065,131.1865
2066,131.1337
2067,131.0773
2068,131.0171
2069,130.9549
2070,130.8933
2071,130.8322
2072,130.7721
2073,130.7131
2074,130.6552
2075,130.5982
2076,130.5423
2077,130.4873
2078,130.4330
2079,130.3793
2080,130.3266
2081,130.2733
2082,130.2213
2083,130.1705
2084,130.1209
2085,130.0722
2086,130.0246
2087,129.9778
2088,129.9320
2089,129.8869
2090,129.8428
2091,129.7993
2092,129.7565
2093,129.7144
2094,129.6730
2095,129.6322
2096,129.5922
2097,129.5526
2098,129.5138
2099,129.4755
2100,129.4378
2135,128.5037
2151,128.2073
2494,127.1643
2517,127.1399
2520,127.1379
2521,127.1374
2525,127.1354
2526,127.1349
2527,127.1337
2529,127.1334
2530,127.1321
2533,127.1314
2535,127.1310
2543,127.1288
2550,127.1270
2551,127.1268
2552,127.1268
2570,127.1210
