Year,Elevation
2024,135.7572
2025,135.8115
2026,135.8587
2027,135.8996
2028,135.9607
2029,136.0456
2030,135.9730
2031,135.8729
2032,135.7652
2033,135.6582
2034,135.5527
2035,135.4488
2036,135.3478
2037,135.2502
2038,134.9341
2039,133.9798
2040,133.3506
2041,132.9866
2042,132.7695
2043,132.6263
2044,132.5207
2045,132.4347
2046,132.3601
2047,132.2919
2048,132.2280
2049,132.1668
2050,132.1080
2051,132.0428
2052,131.9792
2053,131.9176
2054,131.8582
2055,131.8005
2056,131.7442
2057,131.6888
2058,131.6345
2059,131.5808
2060,131.5276
2061,131.4745
2062,131.4216
2063,131.3688
2064,131.3161
2065,131.2632
2066,131.2107
2067,131.1555
2068,131.0975
2069,131.0378
2070,130.9786
2071,130.9195
2072,130.8612
2073,130.8037
2074,130.7472
2075,130.6912
2076,130.6364
2077,130.5822
2078,130.5287
2079,130.4758
2080,130.4238
2081,130.3713
2082,130.3200
2083,130.2697
2084,130.2205
2085,130.1722
2086,130.1249
2087,130.0784
2088,130.0328
2089,129.9879
2090,129.9439
2091,129.9005
2092,129.8578
2093,129.8158
2094,129.7745
2095,129.7338
2096,129.6938
2097,129.6543
2098,129.6154
2099,129.5772
2100,129.5395
2135,128.6013
2151,128.3028
2494,127.2511
2517,127.2268
2520,127.2249
2521,127.2243
2525,127.2223
2526,127.2219
2527,127.2205
2529,127.2202
2530,127.2189
2533,127.2182
2535,127.2178
2543,127.2156
2550,127.2139
2551,127.2137
2552,127.2137
2570,127.2076
