Year,Elevation
2024,121.0305
2025,121.0084
2026,120.9837
2027,120.9568
2028,120.9269
2029,120.8953
2030,120.8656
2031,120.8382
2032,120.8127
2033,120.7883
2034,120.7651
2035,120.7423
2036,120.7193
2037,120.6970
2038,120.6760
2039,120.6573
2040,120.6397
2041,120.6228
2042,120.6067
2043,120.5912
2044,120.5764
2045,120.5621
2046,120.5485
2047,120.5354
2048,120.5228
2049,120.5107
2050,120.4989
2051,120.4873
2052,120.4759
2053,120.4648
2054,120.4540
2055,120.4436
2056,120.4334
2057,120.4233
2058,120.4136
2059,120.4040
2060,120.3945
2061,120.3852
2062,120.3761
2063,120.3670
2064,120.3581
2065,120.3492
2066,120.3405
2067,120.2714
2068,120.1816
2069,120.0949
2070,120.0169
2071,119.9484
2072,119.8895
2073,119.8390
2074,119.7960
2075,119.7589
2076,119.7268
2077,119.6984
2078,119.6719
2079,119.6481
2080,119.6264
2081,119.6064
2082,119.5879
2083,119.5706
2084,119.5543
2085,119.5390
2086,119.5245
2087,119.5105
2088,119.4972
2089,119.4844
2090,119.4722
2091,119.4604
2092,119.4490
2093,119.4380
2094,119.4274
2095,119.4170
2096,119.4069
2097,119.3970
2098,119.3874
2099,119.3779
2100,119.3686
2135,119.1333
2151,119.0493
2494,118.6399
2517,118.6311
2520,118.6309
2521,118.6308
2525,118.6306
2526,118.6306
2527,118.6303
2529,118.6300
2530,118.6296
2533,118.6289
2535,118.6286
2543,118.6280
2550,118.6277
2551,118.6277
2552,118.6277
2570,118.6271
