Year,Elevation
2024,121.1767
2025,121.1524
2026,121.1248
2027,121.0941
2028,121.0591
2029,121.0218
2030,120.9878
2031,120.9579
2032,120.9303
2033,120.9042
2034,120.8795
2035,120.8557
2036,120.8325
2037,120.8102
2038,120.7893
2039,120.7710
2040,120.7537
2041,120.7371
2042,120.7210
2043,120.7056
2044,120.6909
2045,120.6768
2046,120.6634
2047,120.6506
2048,120.6383
2049,120.6265
2050,120.6151
2051,120.6039
2052,120.5929
2053,120.5823
2054,120.5720
2055,120.5621
2056,120.5525
2057,120.5431
2058,120.5340
2059,120.5251
2060,120.5163
2061,120.5077
2062,120.4993
2063,120.4910
2064,120.4827
2065,120.4746
2066,120.4665
2067,120.3933
2068,120.2990
2069,120.2090
2070,120.1291
2071,120.0612
2072,120.0035
2073,119.9518
2074,119.9073
2075,119.8687
2076,119.8356
2077,119.8065
2078,119.7798
2079,119.7558
2080,119.7340
2081,119.7140
2082,119.6954
2083,119.6782
2084,119.6620
2085,119.6467
2086,119.6323
2087,119.6185
2088,119.6052
2089,119.5926
2090,119.5804
2091,119.5687
2092,119.5573
2093,119.5462
2094,119.5355
2095,119.5250
2096,119.5147
2097,119.5046
2098,119.4948
2099,119.4850
2100,119.4755
2135,119.2339
2151,119.1481
2494,118.7254
2517,118.7165
2520,118.7163
2521,118.7163
2525,118.7161
2526,118.7161
2527,118.7157
2529,118.7154
2530,118.7149
2533,118.7142
2535,118.7139
2543,118.7133
2550,118.7131
2551,118.7130
2552,118.7130
2570,118.7124
