Year,Elevation
2024,121.1412
2025,121.1089
2026,121.0776
2027,121.0449
2028,121.0069
2029,120.9706
2030,120.9352
2031,120.9010
2032,120.8684
2033,120.8369
2034,120.8071
2035,120.7784
2036,120.7509
2037,120.7243
2038,120.7012
2039,120.6853
2040,120.6666
2041,120.6469
2042,120.6273
2043,120.6085
2044,120.5904
2045,120.5730
2046,120.5563
2047,120.5400
2048,120.5242
2049,120.5087
2050,120.4935
2051,120.4779
2052,120.4626
2053,120.4476
2054,120.4329
2055,120.4185
2056,120.4042
2057,120.3899
2058,120.3760
2059,120.3621
2060,120.3483
2061,120.3346
2062,120.3211
2063,120.3077
2064,120.2941
2065,120.2806
2066,120.2674
2067,120.2054
2068,120.1684
2069,120.1424
2070,120.1195
2071,120.0976
2072,120.0771
2073,120.0576
2074,120.0391
2075,120.0214
2076,120.0044
2077,119.9880
2078,119.9722
2079,119.9570
2080,119.9423
2081,119.9278
2082,119.9138
2083,119.9003
2084,119.8871
2085,119.8742
2086,119.8617
2087,119.8494
2088,119.8375
2089,119.8257
2090,119.8142
2091,119.8029
2092,119.7918
2093,119.7809
2094,119.7702
2095,119.7596
2096,119.7493
2097,119.7390
2098,119.7290
2099,119.7192
2100,119.7095
2135,119.4525
2151,119.3616
2494,118.9029
2517,118.8972
2520,118.8971
2521,118.8971
2525,118.8970
2526,118.8970
2527,118.8956
2529,118.8954
2530,118.8941
2533,118.8938
2535,118.8937
2543,118.8935
2550,118.8934
2551,118.8934
2552,118.8934
2570,118.8930
