Year,Elevation
2024,135.7267
2025,135.7855
2026,135.8961
2027,135.8989
2028,135.8803
2029,135.8822
2030,135.7888
2031,135.6787
2032,135.5665
2033,135.4576
2034,135.3505
2035,135.2459
2036,135.1442
2037,135.0453
2038,134.7005
2039,133.6632
2040,133.1106
2041,132.8214
2042,132.6516
2043,132.5350
2044,132.4439
2045,132.3657
2046,132.2951
2047,132.2293
2048,132.1667
2049,132.1065
2050,132.0484
2051,131.9841
2052,131.9230
2053,131.8639
2054,131.8065
2055,131.7506
2056,131.6958
2057,131.6419
2058,131.5889
2059,131.5366
2060,131.4847
2061,131.4328
2062,131.3812
2063,131.3297
2064,131.2782
2065,131.2267
2066,131.1755
2067,131.1232
2068,131.0695
2069,131.0144
2070,130.9594
2071,130.9041
2072,130.8489
2073,130.7941
2074,130.7398
2075,130.6859
2076,130.6328
2077,130.5803
2078,130.5282
2079,130.4767
2080,130.4259
2081,130.3748
2082,130.3247
2083,130.2755
2084,130.2271
2085,130.1795
2086,130.1327
2087,130.0867
2088,130.0414
2089,129.9968
2090,129.9530
2091,129.9099
2092,129.8674
2093,129.8255
2094,129.7843
2095,129.7436
2096,129.7037
2097,129.6641
2098,129.6253
2099,129.5870
2100,129.5492
2135,128.6092
2151,128.3062
2494,127.2397
2517,127.2150
2520,127.2132
2521,127.2126
2525,127.2107
2526,127.2102
2527,127.2086
2529,127.2084
2530,127.2068
2533,127.2063
2535,127.2060
2543,127.2039
2550,127.2023
2551,127.2019
2552,127.2020
2570,127.1954
