Year,Elevation
2024,135.6681
2025,135.6836
2026,135.7516
2027,135.7488
2028,135.7289
2029,135.7208
2030,135.6406
2031,135.5407
2032,135.4355
2033,135.3311
2034,135.2274
2035,135.1254
2036,135.0255
2037,134.9279
2038,134.6532
2039,133.8598
2040,133.3643
2041,133.0721
2042,132.8865
2043,132.7543
2044,132.6500
2045,132.5613
2046,132.4824
2047,132.4097
2048,132.3416
2049,132.2768
2050,132.2149
2051,132.1497
2052,132.0866
2053,132.0255
2054,131.9664
2055,131.9088
2056,131.8526
2057,131.7974
2058,131.7433
2059,131.6900
2060,131.6374
2061,131.5850
2062,131.5330
2063,131.4813
2064,131.4298
2065,131.3783
2066,131.3272
2067,131.2754
2068,131.2224
2069,131.1682
2070,131.1141
2071,131.0597
2072,131.0054
2073,130.9514
2074,130.8980
2075,130.8448
2076,130.7924
2077,130.7404
2078,130.6890
2079,130.6381
2080,130.5878
2081,130.5373
2082,130.4877
2083,130.4390
2084,130.3910
2085,130.3437
2086,130.2973
2087,130.2516
2088,130.2067
2089,130.1624
2090,130.1190
2091,130.0761
2092,130.0340
2093,129.9923
2094,129.9513
2095,129.9110
2096,129.8713
2097,129.8320
2098,129.7934
2099,129.7554
2100,129.7179
2135,128.7762
2151,128.4761
2494,127.4108
2517,127.3872
2520,127.3853
2521,127.3847
2525,127.3828
2526,127.3824
2527,127.3808
2529,127.3805
2530,127.3790
2533,127.3784
2535,127.3781
2543,127.3760
2550,127.3744
2551,127.3740
2552,127.3742
2570,127.3674
