Year,Elevation
2024,121.0922
2025,121.0582
2026,121.0255
2027,120.9915
2028,120.9522
2029,120.9142
2030,120.8782
2031,120.8440
2032,120.8112
2033,120.7799
2034,120.7499
2035,120.7212
2036,120.6936
2037,120.6670
2038,120.6437
2039,120.6273
2040,120.6087
2041,120.5889
2042,120.5695
2043,120.5506
2044,120.5324
2045,120.5150
2046,120.4982
2047,120.4818
2048,120.4660
2049,120.4504
2050,120.4353
2051,120.4198
2052,120.4045
2053,120.3895
2054,120.3748
2055,120.3603
2056,120.3460
2057,120.3318
2058,120.3177
2059,120.3038
2060,120.2900
2061,120.2763
2062,120.2628
2063,120.2494
2064,120.2358
2065,120.2223
2066,120.2091
2067,120.1689
2068,120.1385
2069,120.1143
2070,120.0923
2071,120.0712
2072,120.0510
2073,120.0319
2074,120.0137
2075,119.9962
2076,119.9793
2077,119.9630
2078,119.9473
2079,119.9321
2080,119.9174
2081,119.9030
2082,119.8890
2083,119.8755
2084,119.8623
2085,119.8495
2086,119.8370
2087,119.8247
2088,119.8128
2089,119.8010
2090,119.7895
2091,119.7782
2092,119.7671
2093,119.7563
2094,119.7455
2095,119.7350
2096,119.7247
2097,119.7144
2098,119.7045
2099,119.6946
2100,119.6849
2135,119.4293
2151,119.3393
2494,118.8870
2517,118.8815
2520,118.8814
2521,118.8814
2525,118.8814
2526,118.8813
2527,118.8800
2529,118.8798
2530,118.8784
2533,118.8782
2535,118.8781
2543,118.8779
2550,118.8778
2551,118.8778
2552,118.8778
2570,118.8775
