Year,Elevation
2024,135.4165
2025,135.4038
2026,135.4545
2027,135.4426
2028,135.4113
2029,135.3827
2030,135.3023
2031,135.2035
2032,135.0996
2033,134.9958
2034,134.8928
2035,134.7913
2036,134.6917
2037,134.5941
2038,134.3582
2039,133.7077
2040,133.2702
2041,132.9996
2042,132.8223
2043,132.6932
2044,132.5900
2045,132.5017
2046,132.4229
2047,132.3504
2048,132.2824
2049,132.2177
2050,132.1559
2051,132.0919
2052,132.0298
2053,131.9695
2054,131.9110
2055,131.8541
2056,131.7984
2057,131.7437
2058,131.6901
2059,131.6373
2060,131.5852
2061,131.5334
2062,131.4821
2063,131.4311
2064,131.3803
2065,131.3297
2066,131.2794
2067,131.2286
2068,131.1770
2069,131.1244
2070,131.0717
2071,131.0187
2072,130.9658
2073,130.9130
2074,130.8606
2075,130.8085
2076,130.7569
2077,130.7058
2078,130.6552
2079,130.6050
2080,130.5554
2081,130.5058
2082,130.4568
2083,130.4087
2084,130.3613
2085,130.3145
2086,130.2686
2087,130.2234
2088,130.1788
2089,130.1349
2090,130.0918
2091,130.0493
2092,130.0074
2093,129.9660
2094,129.9254
2095,129.8853
2096,129.8459
2097,129.8069
2098,129.7685
2099,129.7307
2100,129.6934
2135,128.7546
2151,128.4552
2494,127.3888
2517,127.3653
2520,127.3634
2521,127.3629
2525,127.3610
2526,127.3605
2527,127.3590
2529,127.3586
2530,127.3571
2533,127.3565
2535,127.3561
2543,127.3542
2550,127.3526
2551,127.3522
2552,127.3523
2570,127.3455
