Year,Elevation
2024,134.9060
2025,134.8828
2026,134.9431
2027,134.9229
2028,134.8768
2029,134.8243
2030,134.7308
2031,134.6235
2032,134.5142
2033,134.4069
2034,134.3015
2035,134.1983
2036,134.0975
2037,133.9991
2038,133.7705
2039,133.1579
2040,132.7690
2041,132.5408
2042,132.3949
2043,132.2885
2044,132.2021
2045,132.1264
2046,132.0576
2047,131.9931
2048,131.9317
2049,131.8727
2050,131.8157
2051,131.7559
2052,131.6978
2053,131.6411
2054,131.5859
2055,131.5318
2056,131.4788
2057,131.4265
2058,131.3750
2059,131.3242
2060,131.2739
2061,131.2238
2062,131.1741
2063,131.1246
2064,131.0753
2065,131.0260
2066,130.9771
2067,130.9278
2068,130.8777
2069,130.8268
2070,130.7756
2071,130.7242
2072,130.6724
2073,130.6208
2074,130.5693
2075,130.5181
2076,130.4674
2077,130.4170
2078,130.3671
2079,130.3176
2080,130.2686
2081,130.2196
2082,130.1713
2083,130.1238
2084,130.0769
2085,130.0306
2086,129.9851
2087,129.9403
2088,129.8962
2089,129.8526
2090,129.8098
2091,129.7676
2092,129.7260
2093,129.6849
2094,129.6445
2095,129.6046
2096,129.5654
2097,129.5265
2098,129.4883
2099,129.4506
2100,129.4134
2135,128.4837
2151,128.1826
2494,127.1151
2517,127.0908
2520,127.0889
2521,127.0884
2525,127.0865
2526,127.0860
2527,127.0843
2529,127.0841
2530,127.0824
2533,127.0819
2535,127.0816
2543,127.0797
2550,127.0781
2551,127.0777
2552,127.0778
2570,127.0710
