Year,Elevation
2024,121.1757
2025,121.1414
2026,121.1087
2027,121.0743
2028,121.0335
2029,120.9952
2030,120.9594
2031,120.9255
2032,120.8931
2033,120.8621
2034,120.8325
2035,120.8041
2036,120.7768
2037,120.7504
2038,120.7279
2039,120.7130
2040,120.6944
2041,120.6747
2042,120.6553
2043,120.6366
2044,120.6186
2045,120.6014
2046,120.5847
2047,120.5685
2048,120.5528
2049,120.5373
2050,120.5222
2051,120.5067
2052,120.4916
2053,120.4766
2054,120.4619
2055,120.4474
2056,120.4331
2057,120.4188
2058,120.4047
2059,120.3908
2060,120.3769
2061,120.3632
2062,120.3496
2063,120.3361
2064,120.3224
2065,120.3089
2066,120.2956
2067,120.2679
2068,120.2428
2069,120.2203
2070,120.1992
2071,120.1786
2072,120.1590
2073,120.1404
2074,120.1226
2075,120.1054
2076,120.0889
2077,120.0729
2078,120.0575
2079,120.0425
2080,120.0280
2081,120.0137
2082,119.9999
2083,119.9865
2084,119.9735
2085,119.9607
2086,119.9483
2087,119.9361
2088,119.9243
2089,119.9126
2090,119.9012
2091,119.8899
2092,119.8789
2093,119.8680
2094,119.8573
2095,119.8468
2096,119.8365
2097,119.8262
2098,119.8163
2099,119.8064
2100,119.7967
2135,119.5403
2151,119.4501
2494,118.9960
2517,118.9908
2520,118.9908
2521,118.9908
2525,118.9907
2526,118.9907
2527,118.9889
2529,118.9888
2530,118.9873
2533,118.9872
2535,118.9872
2543,118.9871
2550,118.9871
2551,118.9871
2552,118.9871
2570,118.9868
