Year,Elevation
2024,134.1829
2025,134.0962
2026,134.0581
2027,134.0030
2028,133.9361
2029,133.8561
2030,133.7618
2031,133.6582
2032,133.5521
2033,133.4462
2034,133.3418
2035,133.2393
2036,133.1387
2037,133.0402
2038,132.9075
2039,132.6587
2040,132.4421
2041,132.2807
2042,132.1598
2043,132.0633
2044,131.9815
2045,131.9087
2046,131.8421
2047,131.7798
2048,131.7205
2049,131.6634
2050,131.6083
2051,131.5529
2052,131.4984
2053,131.4447
2054,131.3921
2055,131.3404
2056,131.2894
2057,131.2390
2058,131.1894
2059,131.1404
2060,131.0919
2061,131.0438
2062,130.9961
2063,130.9488
2064,130.9019
2065,130.8551
2066,130.8086
2067,130.7622
2068,130.7155
2069,130.6683
2070,130.6209
2071,130.5732
2072,130.5251
2073,130.4768
2074,130.4285
2075,130.3802
2076,130.3321
2077,130.2842
2078,130.2367
2079,130.1895
2080,130.1426
2081,130.0959
2082,130.0497
2083,130.0041
2084,129.9590
2085,129.9145
2086,129.8706
2087,129.8273
2088,129.7846
2089,129.7424
2090,129.7009
2091,129.6599
2092,129.6196
2093,129.5797
2094,129.5404
2095,129.5016
2096,129.4634
2097,129.4256
2098,129.3884
2099,129.3516
2100,129.3154
2135,128.3984
2151,128.1015
2494,127.0354
2517,127.0116
2520,127.0098
2521,127.0092
2525,127.0074
2526,127.0069
2527,127.0052
2529,127.0048
2530,127.0032
2533,127.0026
2535,127.0023
2543,127.0005
2550,126.9990
2551,126.9986
2552,126.9987
2570,126.9918
