Year,Elevation
2024,134.1429
2025,134.0518
2026,134.0044
2027,133.9454
2028,133.8766
2029,133.7953
2030,133.7014
2031,133.5987
2032,133.4933
2033,133.3879
2034,133.2839
2035,133.1817
2036,133.0813
2037,132.9829
2038,132.8574
2039,132.6361
2040,132.4353
2041,132.2803
2042,132.1613
2043,132.0652
2044,131.9834
2045,131.9104
2046,131.8437
2047,131.7812
2048,131.7219
2049,131.6649
2050,131.6099
2051,131.5547
2052,131.5004
2053,131.4469
2054,131.3945
2055,131.3429
2056,131.2921
2057,131.2418
2058,131.1924
2059,131.1435
2060,131.0952
2061,131.0471
2062,130.9997
2063,130.9526
2064,130.9058
2065,130.8592
2066,130.8130
2067,130.7668
2068,130.7205
2069,130.6736
2070,130.6265
2071,130.5792
2072,130.5314
2073,130.4835
2074,130.4355
2075,130.3875
2076,130.3397
2077,130.2920
2078,130.2448
2079,130.1978
2080,130.1511
2081,130.1046
2082,130.0586
2083,130.0132
2084,129.9683
2085,129.9240
2086,129.8802
2087,129.8371
2088,129.7946
2089,129.7525
2090,129.7112
2091,129.6704
2092,129.6302
2093,129.5904
2094,129.5512
2095,129.5126
2096,129.4745
2097,129.4368
2098,129.3997
2099,129.3631
2100,129.3270
2135,128.4115
2151,128.1157
2494,127.0507
2517,127.0271
2520,127.0253
2521,127.0247
2525,127.0229
2526,127.0224
2527,127.0207
2529,127.0203
2530,127.0187
2533,127.0181
2535,127.0178
2543,127.0160
2550,127.0145
2551,127.0141
2552,127.0142
2570,127.0072
