Year,Elevation
2024,134.1289
2025,134.0346
2026,133.9791
2027,133.9158
2028,133.8449
2029,133.7624
2030,133.6689
2031,133.5672
2032,133.4629
2033,133.3583
2034,133.2549
2035,133.1532
2036,133.0532
2037,132.9552
2038,132.8359
2039,132.6388
2040,132.4543
2041,132.3064
2042,132.1898
2043,132.0941
2044,132.0119
2045,131.9385
2046,131.8713
2047,131.8085
2048,131.7489
2049,131.6917
2050,131.6366
2051,131.5814
2052,131.5272
2053,131.4738
2054,131.4215
2055,131.3700
2056,131.3192
2057,131.2690
2058,131.2197
2059,131.1709
2060,131.1227
2061,131.0747
2062,131.0274
2063,130.9805
2064,130.9339
2065,130.8875
2066,130.8414
2067,130.7955
2068,130.7493
2069,130.7028
2070,130.6560
2071,130.6090
2072,130.5616
2073,130.5139
2074,130.4663
2075,130.4186
2076,130.3710
2077,130.3236
2078,130.2766
2079,130.2298
2080,130.1834
2081,130.1370
2082,130.0912
2083,130.0461
2084,130.0014
2085,129.9572
2086,129.9137
2087,129.8707
2088,129.8284
2089,129.7865
2090,129.7453
2091,129.7046
2092,129.6646
2093,129.6249
2094,129.5859
2095,129.5474
2096,129.5095
2097,129.4719
2098,129.4349
2099,129.3985
2100,129.3625
2135,128.4489
2151,128.1548
2494,127.0916
2517,127.0683
2520,127.0665
2521,127.0659
2525,127.0641
2526,127.0636
2527,127.0618
2529,127.0615
2530,127.0598
2533,127.0593
2535,127.0590
2543,127.0572
2550,127.0557
2551,127.0553
2552,127.0554
2570,127.0484
