Year,Elevation
2024,121.1302
2025,121.0958
2026,121.0630
2027,121.0289
2028,120.9890
2029,120.9509
2030,120.9152
2031,120.8813
2032,120.8490
2033,120.8181
2034,120.7885
2035,120.7602
2036,120.7329
2037,120.7066
2038,120.6838
2039,120.6682
2040,120.6497
2041,120.6302
2042,120.6110
2043,120.5923
2044,120.5745
2045,120.5572
2046,120.5406
2047,120.5244
2048,120.5088
2049,120.4934
2050,120.4783
2051,120.4630
2052,120.4478
2053,120.4329
2054,120.4183
2055,120.4039
2056,120.3896
2057,120.3754
2058,120.3614
2059,120.3475
2060,120.3337
2061,120.3200
2062,120.3065
2063,120.2931
2064,120.2795
2065,120.2661
2066,120.2529
2067,120.2286
2068,120.2040
2069,120.1810
2070,120.1595
2071,120.1384
2072,120.1186
2073,120.0997
2074,120.0817
2075,120.0645
2076,120.0478
2077,120.0318
2078,120.0163
2079,120.0013
2080,119.9867
2081,119.9725
2082,119.9586
2083,119.9452
2084,119.9322
2085,119.9194
2086,119.9070
2087,119.8948
2088,119.8829
2089,119.8713
2090,119.8598
2091,119.8486
2092,119.8375
2093,119.8267
2094,119.8160
2095,119.8055
2096,119.7952
2097,119.7849
2098,119.7750
2099,119.7651
2100,119.7554
2135,119.4990
2151,119.4087
2494,118.9538
2517,118.9485
2520,118.9485
2521,118.9485
2525,118.9484
2526,118.9484
2527,118.9467
2529,118.9466
2530,118.9451
2533,118.9450
2535,118.9450
2543,118.9449
2550,118.9448
2551,118.9448
2552,118.9448
2570,118.9444
