Year,Elevation
2024,134.1763
2025,134.0806
2026,134.0204
2027,133.9553
2028,133.8839
2029,133.8017
2030,133.7092
2031,133.6089
2032,133.5056
2033,133.4018
2034,133.2990
2035,133.1978
2036,133.0983
2037,133.0005
2038,132.8846
2039,132.7004
2040,132.5230
2041,132.3768
2042,132.2594
2043,132.1621
2044,132.0782
2045,132.0033
2046,131.9349
2047,131.8710
2048,131.8106
2049,131.7527
2050,131.6970
2051,131.6414
2052,131.5868
2053,131.5332
2054,131.4806
2055,131.4288
2056,131.3779
2057,131.3276
2058,131.2781
2059,131.2292
2060,131.1808
2061,131.1328
2062,131.0854
2063,131.0385
2064,130.9919
2065,130.9454
2066,130.8994
2067,130.8535
2068,130.8074
2069,130.7610
2070,130.7143
2071,130.6675
2072,130.6202
2073,130.5726
2074,130.5251
2075,130.4775
2076,130.4301
2077,130.3827
2078,130.3358
2079,130.2891
2080,130.2427
2081,130.1964
2082,130.1508
2083,130.1057
2084,130.0611
2085,130.0170
2086,129.9735
2087,129.9306
2088,129.8883
2089,129.8464
2090,129.8053
2091,129.7647
2092,129.7247
2093,129.6851
2094,129.6461
2095,129.6077
2096,129.5698
2097,129.5323
2098,129.4954
2099,129.4590
2100,129.4230
2135,128.5095
2151,128.2165
2494,127.1543
2517,127.1313
2520,127.1295
2521,127.1289
2525,127.1271
2526,127.1266
2527,127.1248
2529,127.1245
2530,127.1228
2533,127.1223
2535,127.1220
2543,127.1202
2550,127.1187
2551,127.1183
2552,127.1184
2570,127.1114
