Year,Elevation
2024,121.1891
2025,121.1546
2026,121.1220
2027,121.0875
2028,121.0463
2029,121.0080
2030,120.9723
2031,120.9385
2032,120.9063
2033,120.8754
2034,120.8459
2035,120.8176
2036,120.7904
2037,120.7641
2038,120.7418
2039,120.7274
2040,120.7087
2041,120.6890
2042,120.6696
2043,120.6509
2044,120.6331
2045,120.6159
2046,120.5992
2047,120.5831
2048,120.5674
2049,120.5520
2050,120.5369
2051,120.5214
2052,120.5062
2053,120.4913
2054,120.4766
2055,120.4621
2056,120.4477
2057,120.4334
2058,120.4194
2059,120.4054
2060,120.3916
2061,120.3778
2062,120.3642
2063,120.3507
2064,120.3370
2065,120.3235
2066,120.3102
2067,120.2855
2068,120.2618
2069,120.2397
2070,120.2190
2071,120.1984
2072,120.1790
2073,120.1605
2074,120.1428
2075,120.1258
2076,120.1093
2077,120.0935
2078,120.0780
2079,120.0631
2080,120.0487
2081,120.0344
2082,120.0207
2083,120.0073
2084,119.9943
2085,119.9816
2086,119.9692
2087,119.9570
2088,119.9452
2089,119.9335
2090,119.9221
2091,119.9108
2092,119.8998
2093,119.8890
2094,119.8783
2095,119.8678
2096,119.8575
2097,119.8472
2098,119.8373
2099,119.8274
2100,119.8176
2135,119.5610
2151,119.4707
2494,119.0157
2517,119.0106
2520,119.0106
2521,119.0106
2525,119.0105
2526,119.0105
2527,119.0086
2529,119.0086
2530,119.0070
2533,119.0070
2535,119.0070
2543,119.0069
2550,119.0069
2551,119.0069
2552,119.0069
2570,119.0066
