Year,Elevation
2024,121.1778
2025,121.1433
2026,121.1106
2027,121.0762
2028,121.0352
2029,120.9970
2030,120.9613
2031,120.9275
2032,120.8953
2033,120.8644
2034,120.8349
2035,120.8066
2036,120.7794
2037,120.7532
2038,120.7308
2039,120.7163
2040,120.6976
2041,120.6779
2042,120.6586
2043,120.6399
2044,120.6221
2045,120.6049
2046,120.5882
2047,120.5721
2048,120.5564
2049,120.5410
2050,120.5259
2051,120.5105
2052,120.4953
2053,120.4803
2054,120.4657
2055,120.4512
2056,120.4369
2057,120.4226
2058,120.4086
2059,120.3946
2060,120.3808
2061,120.3670
2062,120.3534
2063,120.3399
2064,120.3262
2065,120.3127
2066,120.2994
2067,120.2751
2068,120.2515
2069,120.2295
2070,120.2088
2071,120.1882
2072,120.1688
2073,120.1503
2074,120.1326
2075,120.1156
2076,120.0992
2077,120.0833
2078,120.0679
2079,120.0529
2080,120.0385
2081,120.0243
2082,120.0105
2083,119.9972
2084,119.9842
2085,119.9714
2086,119.9591
2087,119.9469
2088,119.9351
2089,119.9234
2090,119.9120
2091,119.9007
2092,119.8897
2093,119.8789
2094,119.8682
2095,119.8577
2096,119.8474
2097,119.8371
2098,119.8272
2099,119.8173
2100,119.8075
2135,119.5511
2151,119.4608
2494,119.0059
2517,119.0008
2520,119.0008
2521,119.0008
2525,119.0007
2526,119.0007
2527,118.9988
2529,118.9988
2530,118.9972
2533,118.9972
2535,118.9972
2543,118.9971
2550,118.9971
2551,118.9971
2552,118.9971
2570,118.9968
