Year,Elevation
2024,134.2812
2025,134.1826
2026,134.1116
2027,134.0413
2028,133.9679
2029,133.8857
2030,133.7954
2031,133.6981
2032,133.5974
2033,133.4955
2034,133.3942
2035,133.2943
2036,133.1957
2037,133.0988
2038,132.9909
2039,132.8372
2040,132.6793
2041,132.5398
2042,132.4223
2043,132.3224
2044,132.2354
2045,132.1576
2046,132.0866
2047,132.0207
2048,131.9586
2049,131.8993
2050,131.8425
2051,131.7860
2052,131.7309
2053,131.6768
2054,131.6239
2055,131.5718
2056,131.5206
2057,131.4700
2058,131.4203
2059,131.3713
2060,131.3229
2061,131.2748
2062,131.2274
2063,131.1805
2064,131.1340
2065,131.0877
2066,131.0418
2067,130.9961
2068,130.9503
2069,130.9042
2070,130.8580
2071,130.8116
2072,130.7647
2073,130.7176
2074,130.6705
2075,130.6233
2076,130.5762
2077,130.5293
2078,130.4827
2079,130.4363
2080,130.3902
2081,130.3442
2082,130.2988
2083,130.2540
2084,130.2097
2085,130.1659
2086,130.1226
2087,130.0799
2088,130.0379
2089,129.9963
2090,129.9553
2091,129.9150
2092,129.8752
2093,129.8358
2094,129.7970
2095,129.7588
2096,129.7211
2097,129.6838
2098,129.6471
2099,129.6109
2100,129.5752
2135,128.6634
2151,128.3734
2494,127.3148
2517,127.2925
2520,127.2907
2521,127.2901
2525,127.2883
2526,127.2878
2527,127.2860
2529,127.2858
2530,127.2840
2533,127.2835
2535,127.2832
2543,127.2813
2550,127.2799
2551,127.2795
2552,127.2796
2570,127.2726
