Year,Elevation
2024,134.3261
2025,134.2278
2026,134.1561
2027,134.0857
2028,134.0125
2029,133.9307
2030,133.8411
2031,133.7444
2032,133.6443
2033,133.5428
2034,133.4418
2035,133.3422
2036,133.2439
2037,133.1470
2038,133.0398
2039,132.8880
2040,132.7308
2041,132.5909
2042,132.4723
2043,132.3711
2044,132.2830
2045,132.2042
2046,132.1324
2047,132.0658
2048,132.0031
2049,131.9433
2050,131.8861
2051,131.8293
2052,131.7739
2053,131.7196
2054,131.6664
2055,131.6142
2056,131.5628
2057,131.5121
2058,131.4623
2059,131.4131
2060,131.3646
2061,131.3165
2062,131.2690
2063,131.2220
2064,131.1755
2065,131.1291
2066,131.0832
2067,131.0374
2068,130.9916
2069,130.9455
2070,130.8993
2071,130.8529
2072,130.8061
2073,130.7590
2074,130.7118
2075,130.6647
2076,130.6176
2077,130.5707
2078,130.5240
2079,130.4777
2080,130.4316
2081,130.3856
2082,130.3402
2083,130.2954
2084,130.2511
2085,130.2073
2086,130.1640
2087,130.1214
2088,130.0793
2089,130.0377
2090,129.9968
2091,129.9564
2092,129.9166
2093,129.8772
2094,129.8384
2095,129.8002
2096,129.7626
2097,129.7253
2098,129.6885
2099,129.6523
2100,129.6166
2135,128.7044
2151,128.4146
2494,127.3564
2517,127.3342
2520,127.3324
2521,127.3319
2525,127.3300
2526,127.3296
2527,127.3278
2529,127.3275
2530,127.3258
2533,127.3252
2535,127.3249
2543,127.3231
2550,127.3216
2551,127.3212
2552,127.3213
2570,127.3143
