Year,Elevation
2024,134.4384
2025,134.3409
2026,134.2686
2027,134.1983
2028,134.1256
2029,134.0450
2030,133.9568
2031,133.8617
2032,133.7628
2033,133.6625
2034,133.5623
2035,133.4634
2036,133.3656
2037,133.2691
2038,133.1630
2039,133.0143
2040,132.8580
2041,132.7166
2042,132.5954
2043,132.4915
2044,132.4007
2045,132.3196
2046,132.2458
2047,132.1775
2048,132.1134
2049,132.0524
2050,131.9942
2051,131.9365
2052,131.8804
2053,131.8255
2054,131.7718
2055,131.7191
2056,131.6674
2057,131.6163
2058,131.5662
2059,131.5168
2060,131.4680
2061,131.4197
2062,131.3720
2063,131.3249
2064,131.2782
2065,131.2317
2066,131.1856
2067,131.1398
2068,131.0939
2069,131.0478
2070,131.0016
2071,130.9551
2072,130.9083
2073,130.8612
2074,130.8141
2075,130.7670
2076,130.7199
2077,130.6730
2078,130.6264
2079,130.5800
2080,130.5340
2081,130.4880
2082,130.4426
2083,130.3978
2084,130.3535
2085,130.3097
2086,130.2664
2087,130.2238
2088,130.1817
2089,130.1401
2090,130.0992
2091,130.0588
2092,130.0190
2093,129.9796
2094,129.9408
2095,129.9026
2096,129.8649
2097,129.8276
2098,129.7910
2099,129.7547
2100,129.7191
2135,128.8060
2151,128.5169
2494,127.4599
2517,127.4381
2520,127.4362
2521,127.4357
2525,127.4339
2526,127.4334
2527,127.4316
2529,127.4313
2530,127.4296
2533,127.4291
2535,127.4288
2543,127.4269
2550,127.4255
2551,127.4251
2552,127.4252
2570,127.4182
