Year,Elevation
2024,134.7285
2025,134.6346
2026,134.5625
2027,134.4940
2028,134.4238
2029,134.3470
2030,134.2630
2031,134.1724
2032,134.0774
2033,133.9803
2034,133.8829
2035,133.7864
2036,133.6907
2037,133.5961
2038,133.4926
2039,133.3493
2040,133.1936
2041,133.0479
2042,132.9203
2043,132.8096
2044,132.7126
2045,132.6260
2046,132.5475
2047,132.4751
2048,132.4077
2049,132.3440
2050,132.2835
2051,132.2238
2052,132.1660
2053,132.1096
2054,132.0547
2055,132.0010
2056,131.9484
2057,131.8966
2058,131.8458
2059,131.7958
2060,131.7466
2061,131.6978
2062,131.6499
2063,131.6025
2064,131.5556
2065,131.5089
2066,131.4628
2067,131.4169
2068,131.3710
2069,131.3250
2070,131.2788
2071,131.2325
2072,131.1859
2073,131.1390
2074,131.0921
2075,131.0452
2076,130.9984
2077,130.9517
2078,130.9054
2079,130.8592
2080,130.8134
2081,130.7677
2082,130.7225
2083,130.6779
2084,130.6339
2085,130.5903
2086,130.5473
2087,130.5048
2088,130.4630
2089,130.4216
2090,130.3809
2091,130.3407
2092,130.3011
2093,130.2619
2094,130.2233
2095,130.1853
2096,130.1479
2097,130.1108
2098,130.0743
2099,130.0383
2100,130.0029
2135,129.0942
2151,128.8093
2494,127.7688
2517,127.7481
2520,127.7463
2521,127.7457
2525,127.7439
2526,127.7435
2527,127.7418
2529,127.7415
2530,127.7398
2533,127.7392
2535,127.7389
2543,127.7371
2550,127.7357
2551,127.7353
2552,127.7354
2570,127.7285
