Year,Elevation
2024,121.1273
2025,121.0928
2026,121.0600
2027,121.0258
2028,120.9858
2029,120.9478
2030,120.9122
2031,120.8784
2032,120.8463
2033,120.8154
2034,120.7860
2035,120.7578
2036,120.7306
2037,120.7044
2038,120.6818
2039,120.6665
2040,120.6480
2041,120.6285
2042,120.6093
2043,120.5907
2044,120.5729
2045,120.5557
2046,120.5391
2047,120.5230
2048,120.5074
2049,120.4920
2050,120.4770
2051,120.4616
2052,120.4465
2053,120.4316
2054,120.4170
2055,120.4026
2056,120.3884
2057,120.3742
2058,120.3602
2059,120.3463
2060,120.3326
2061,120.3189
2062,120.3054
2063,120.2919
2064,120.2784
2065,120.2649
2066,120.2517
2067,120.2287
2068,120.2056
2069,120.1838
2070,120.1631
2071,120.1426
2072,120.1232
2073,120.1047
2074,120.0871
2075,120.0700
2076,120.0536
2077,120.0377
2078,120.0223
2079,120.0074
2080,119.9930
2081,119.9788
2082,119.9650
2083,119.9517
2084,119.9387
2085,119.9260
2086,119.9137
2087,119.9015
2088,119.8897
2089,119.8780
2090,119.8667
2091,119.8554
2092,119.8444
2093,119.8336
2094,119.8230
2095,119.8125
2096,119.8022
2097,119.7920
2098,119.7820
2099,119.7722
2100,119.7625
2135,119.5067
2151,119.4166
2494,118.9625
2517,118.9574
2520,118.9573
2521,118.9573
2525,118.9573
2526,118.9573
2527,118.9554
2529,118.9553
2530,118.9538
2533,118.9538
2535,118.9537
2543,118.9537
2550,118.9537
2551,118.9537
2552,118.9537
2570,118.9534
