Year,Elevation
2024,121.1160
2025,121.0815
2026,121.0487
2027,121.0146
2028,120.9747
2029,120.9368
2030,120.9012
2031,120.8675
2032,120.8353
2033,120.8045
2034,120.7750
2035,120.7468
2036,120.7197
2037,120.6935
2038,120.6708
2039,120.6554
2040,120.6369
2041,120.6175
2042,120.5983
2043,120.5797
2044,120.5619
2045,120.5447
2046,120.5281
2047,120.5120
2048,120.4964
2049,120.4810
2050,120.4660
2051,120.4507
2052,120.4356
2053,120.4207
2054,120.4061
2055,120.3918
2056,120.3775
2057,120.3633
2058,120.3494
2059,120.3355
2060,120.3218
2061,120.3081
2062,120.2946
2063,120.2812
2064,120.2676
2065,120.2542
2066,120.2410
2067,120.2182
2068,120.1953
2069,120.1735
2070,120.1528
2071,120.1323
2072,120.1130
2073,120.0945
2074,120.0768
2075,120.0598
2076,120.0434
2077,120.0275
2078,120.0121
2079,119.9972
2080,119.9827
2081,119.9686
2082,119.9548
2083,119.9415
2084,119.9285
2085,119.9158
2086,119.9035
2087,119.8913
2088,119.8795
2089,119.8679
2090,119.8565
2091,119.8452
2092,119.8343
2093,119.8235
2094,119.8128
2095,119.8023
2096,119.7920
2097,119.7818
2098,119.7719
2099,119.7621
2100,119.7523
2135,119.4967
2151,119.4067
2494,118.9527
2517,118.9476
2520,118.9476
2521,118.9476
2525,118.9475
2526,118.9475
2527,118.9456
2529,118.9456
2530,118.9440
2533,118.9440
2535,118.9440
2543,118.9440
2550,118.9439
2551,118.9439
2552,118.9439
2570,118.9436
