Year,Elevation
2024,122.9736
2025,122.9280
2026,122.8846
2027,122.8401
2028,122.7918
2029,122.7448
2030,122.6999
2031,122.6567
2032,122.6151
2033,122.5750
2034,122.5366
2035,122.4995
2036,122.4638
2037,122.4293
2038,122.3978
2039,122.3718
2040,122.3467
2041,122.3237
2042,122.3033
2043,122.2842
2044,122.2661
2045,122.2482
2046,122.2305
2047,122.2125
2048,122.1945
2049,122.1763
2050,122.1579
2051,122.1390
2052,122.1200
2053,122.1008
2054,122.0819
2055,122.0629
2056,122.0439
2057,122.0247
2058,122.0060
2059,121.9871
2060,121.9682
2061,121.9495
2062,121.9309
2063,121.9125
2064,121.8938
2065,121.8753
2066,121.8570
2067,121.8326
2068,121.8073
2069,121.7829
2070,121.7592
2071,121.7359
2072,121.7134
2073,121.6914
2074,121.6700
2075,121.6492
2076,121.6288
2077,121.6088
2078,121.5893
2079,121.5702
2080,121.5515
2081,121.5329
2082,121.5148
2083,121.4972
2084,121.4797
2085,121.4626
2086,121.4458
2087,121.4293
2088,121.4130
2089,121.3969
2090,121.3811
2091,121.3656
2092,121.3503
2093,121.3352
2094,121.3203
2095,121.3055
2096,121.2910
2097,121.2765
2098,121.2625
2099,121.2485
2100,121.2346
2135,120.8553
2151,120.7214
2494,119.9854
2517,119.9753
2520,119.9746
2521,119.9744
2525,119.9737
2526,119.9735
2527,119.9718
2529,119.9718
2530,119.9702
2533,119.9700
2535,119.9699
2543,119.9685
2550,119.9675
2551,119.9673
2552,119.9673
2570,119.9554
