Year,Elevation
2024,127.5940
2025,127.4764
2026,127.3634
2027,127.2530
2028,127.1472
2029,127.0428
2030,126.9394
2031,126.8370
2032,126.7368
2033,126.6397
2034,126.5469
2035,126.4588
2036,126.3745
2037,126.2940
2038,126.2200
2039,126.1625
2040,126.1265
2041,126.1089
2042,126.1035
2043,126.1038
2044,126.1052
2045,126.1050
2046,126.1015
2047,126.0944
2048,126.0836
2049,126.0694
2050,126.0523
2051,126.0351
2052,126.0149
2053,125.9917
2054,125.9667
2055,125.9400
2056,125.9123
2057,125.8834
2058,125.8540
2059,125.8240
2060,125.7937
2061,125.7630
2062,125.7322
2063,125.7015
2064,125.6705
2065,125.6394
2066,125.6083
2067,125.5767
2068,125.5442
2069,125.5109
2070,125.4772
2071,125.4433
2072,125.4091
2073,125.3748
2074,125.3405
2075,125.3061
2076,125.2719
2077,125.2377
2078,125.2038
2079,125.1702
2080,125.1369
2081,125.1036
2082,125.0708
2083,125.0385
2084,125.0067
2085,124.9753
2086,124.9443
2087,124.9139
2088,124.8838
2089,124.8540
2090,124.8248
2091,124.7960
2092,124.7676
2093,124.7396
2094,124.7120
2095,124.6848
2096,124.6580
2097,124.6315
2098,124.6055
2099,124.5798
2100,124.5545
2135,123.8936
2151,123.6777
2494,122.7379
2517,122.7164
2520,122.7149
2521,122.7145
2525,122.7130
2526,122.7126
2527,122.7117
2529,122.7112
2530,122.7102
2533,122.7093
2535,122.7089
2543,122.7071
2550,122.7057
2551,122.7054
2552,122.7056
2570,122.6966
