Year,Elevation
2024,121.1507
2025,121.1161
2026,121.0834
2027,121.0491
2028,121.0088
2029,120.9707
2030,120.9350
2031,120.9012
2032,120.8690
2033,120.8381
2034,120.8086
2035,120.7804
2036,120.7532
2037,120.7269
2038,120.7043
2039,120.6892
2040,120.6706
2041,120.6511
2042,120.6318
2043,120.6132
2044,120.5953
2045,120.5781
2046,120.5614
2047,120.5453
2048,120.5296
2049,120.5142
2050,120.4991
2051,120.4837
2052,120.4686
2053,120.4536
2054,120.4390
2055,120.4246
2056,120.4102
2057,120.3960
2058,120.3820
2059,120.3680
2060,120.3542
2061,120.3405
2062,120.3269
2063,120.3135
2064,120.2998
2065,120.2863
2066,120.2730
2067,120.2498
2068,120.2266
2069,120.2047
2070,120.1840
2071,120.1634
2072,120.1440
2073,120.1255
2074,120.1078
2075,120.0907
2076,120.0742
2077,120.0583
2078,120.0429
2079,120.0280
2080,120.0135
2081,119.9993
2082,119.9855
2083,119.9722
2084,119.9591
2085,119.9464
2086,119.9341
2087,119.9219
2088,119.9100
2089,119.8984
2090,119.8869
2091,119.8757
2092,119.8646
2093,119.8538
2094,119.8431
2095,119.8326
2096,119.8223
2097,119.8120
2098,119.8021
2099,119.7922
2100,119.7825
2135,119.5258
2151,119.4355
2494,118.9794
2517,118.9743
2520,118.9742
2521,118.9742
2525,118.9742
2526,118.9741
2527,118.9723
2529,118.9722
2530,118.9706
2533,118.9706
2535,118.9706
2543,118.9706
2550,118.9705
2551,118.9705
2552,118.9705
2570,118.9702
