Year,Elevation
2024,121.3523
2025,121.3176
2026,121.2846
2027,121.2499
2028,121.2087
2029,121.1702
2030,121.1344
2031,121.1004
2032,121.0680
2033,121.0369
2034,121.0072
2035,120.9787
2036,120.9512
2037,120.9246
2038,120.9019
2039,120.8871
2040,120.8680
2041,120.8479
2042,120.8282
2043,120.8091
2044,120.7909
2045,120.7733
2046,120.7563
2047,120.7398
2048,120.7237
2049,120.7079
2050,120.6924
2051,120.6765
2052,120.6609
2053,120.6454
2054,120.6303
2055,120.6154
2056,120.6006
2057,120.5859
2058,120.5715
2059,120.5570
2060,120.5428
2061,120.5285
2062,120.5146
2063,120.5006
2064,120.4865
2065,120.4726
2066,120.4588
2067,120.4349
2068,120.4111
2069,120.3889
2070,120.3680
2071,120.3473
2072,120.3277
2073,120.3090
2074,120.2911
2075,120.2739
2076,120.2571
2077,120.2410
2078,120.2253
2079,120.2101
2080,120.1954
2081,120.1809
2082,120.1668
2083,120.1532
2084,120.1398
2085,120.1268
2086,120.1141
2087,120.1016
2088,120.0895
2089,120.0775
2090,120.0657
2091,120.0542
2092,120.0428
2093,120.0317
2094,120.0207
2095,120.0098
2096,119.9992
2097,119.9886
2098,119.9783
2099,119.9681
2100,119.9580
2135,119.6908
2151,119.5964
2494,119.1109
2517,119.1054
2520,119.1053
2521,119.1052
2525,119.1051
2526,119.1051
2527,119.1032
2529,119.1032
2530,119.1016
2533,119.1015
2535,119.1015
2543,119.1014
2550,119.1012
2551,119.1012
2552,119.1012
2570,119.0996
