Year,Elevation
2024,121.3527
2025,121.3179
2026,121.2850
2027,121.2503
2028,121.2091
2029,121.1706
2030,121.1348
2031,121.1008
2032,121.0684
2033,121.0373
2034,121.0076
2035,120.9790
2036,120.9515
2037,120.9250
2038,120.9023
2039,120.8875
2040,120.8684
2041,120.8483
2042,120.8285
2043,120.8095
2044,120.7913
2045,120.7737
2046,120.7567
2047,120.7401
2048,120.7241
2049,120.7082
2050,120.6927
2051,120.6768
2052,120.6612
2053,120.6458
2054,120.6307
2055,120.6158
2056,120.6010
2057,120.5863
2058,120.5718
2059,120.5574
2060,120.5431
2061,120.5289
2062,120.5149
2063,120.5010
2064,120.4869
2065,120.4729
2066,120.4592
2067,120.4352
2068,120.4115
2069,120.3893
2070,120.3683
2071,120.3476
2072,120.3281
2073,120.3094
2074,120.2914
2075,120.2742
2076,120.2575
2077,120.2413
2078,120.2257
2079,120.2105
2080,120.1957
2081,120.1812
2082,120.1671
2083,120.1535
2084,120.1402
2085,120.1271
2086,120.1145
2087,120.1020
2088,120.0898
2089,120.0778
2090,120.0661
2091,120.0545
2092,120.0431
2093,120.0320
2094,120.0210
2095,120.0101
2096,119.9995
2097,119.9889
2098,119.9786
2099,119.9685
2100,119.9584
2135,119.6910
2151,119.5967
2494,119.1110
2517,119.1055
2520,119.1054
2521,119.1054
2525,119.1053
2526,119.1052
2527,119.1034
2529,119.1033
2530,119.1017
2533,119.1017
2535,119.1017
2543,119.1015
2550,119.1014
2551,119.1013
2552,119.1013
2570,119.0997
