Year,Elevation
2024,121.1861
2025,121.1513
2026,121.1182
2027,121.0839
2028,121.0440
2029,121.0057
2030,120.9698
2031,120.9357
2032,120.9032
2033,120.8721
2034,120.8424
2035,120.8139
2036,120.7865
2037,120.7601
2038,120.7371
2039,120.7211
2040,120.7026
2041,120.6830
2042,120.6637
2043,120.6450
2044,120.6270
2045,120.6097
2046,120.5930
2047,120.5767
2048,120.5609
2049,120.5454
2050,120.5303
2051,120.5148
2052,120.4996
2053,120.4845
2054,120.4698
2055,120.4552
2056,120.4408
2057,120.4264
2058,120.4123
2059,120.3983
2060,120.3844
2061,120.3705
2062,120.3569
2063,120.3433
2064,120.3296
2065,120.3160
2066,120.3026
2067,120.2802
2068,120.2570
2069,120.2349
2070,120.2141
2071,120.1934
2072,120.1739
2073,120.1553
2074,120.1374
2075,120.1202
2076,120.1036
2077,120.0876
2078,120.0721
2079,120.0570
2080,120.0424
2081,120.0281
2082,120.0142
2083,120.0007
2084,119.9876
2085,119.9748
2086,119.9623
2087,119.9500
2088,119.9380
2089,119.9263
2090,119.9147
2091,119.9034
2092,119.8923
2093,119.8813
2094,119.8705
2095,119.8599
2096,119.8495
2097,119.8392
2098,119.8291
2099,119.8191
2100,119.8093
2135,119.5496
2151,119.4581
2494,118.9945
2517,118.9892
2520,118.9891
2521,118.9891
2525,118.9890
2526,118.9890
2527,118.9873
2529,118.9872
2530,118.9857
2533,118.9855
2535,118.9855
2543,118.9854
2550,118.9854
2551,118.9853
2552,118.9853
2570,118.9847
