Year,Elevation
2024,124.0289
2025,123.9729
2026,123.9195
2027,123.8657
2028,123.8098
2029,123.7545
2030,123.7008
2031,123.6487
2032,123.5983
2033,123.5497
2034,123.5032
2035,123.4584
2036,123.4152
2037,123.3736
2038,123.3346
2039,123.2995
2040,123.2701
2041,123.2465
2042,123.2272
2043,123.2101
2044,123.1938
2045,123.1776
2046,123.1609
2047,123.1433
2048,123.1252
2049,123.1064
2050,123.0869
2051,123.0667
2052,123.0461
2053,123.0249
2054,123.0039
2055,122.9826
2056,122.9612
2057,122.9394
2058,122.9179
2059,122.8962
2060,122.8745
2061,122.8529
2062,122.8314
2063,122.8101
2064,122.7885
2065,122.7671
2066,122.7457
2067,122.7205
2068,122.6943
2069,122.6683
2070,122.6427
2071,122.6174
2072,122.5927
2073,122.5683
2074,122.5444
2075,122.5210
2076,122.4979
2077,122.4751
2078,122.4528
2079,122.4308
2080,122.4093
2081,122.3879
2082,122.3669
2083,122.3463
2084,122.3259
2085,122.3058
2086,122.2862
2087,122.2669
2088,122.2477
2089,122.2287
2090,122.2101
2091,122.1919
2092,122.1737
2093,122.1559
2094,122.1383
2095,122.1209
2096,122.1037
2097,122.0866
2098,122.0700
2099,122.0534
2100,122.0370
2135,121.5866
2151,121.4291
2494,120.5673
2517,120.5543
2520,120.5533
2521,120.5530
2525,120.5519
2526,120.5516
2527,120.5502
2529,120.5501
2530,120.5485
2533,120.5483
2535,120.5480
2543,120.5460
2550,120.5446
2551,120.5442
2552,120.5443
2570,120.5277
