Year,Elevation
2024,121.2093
2025,121.1747
2026,121.1419
2027,121.1075
2028,121.0667
2029,121.0284
2030,120.9927
2031,120.9589
2032,120.9266
2033,120.8956
2034,120.8661
2035,120.8378
2036,120.8105
2037,120.7842
2038,120.7616
2039,120.7468
2040,120.7281
2041,120.7084
2042,120.6890
2043,120.6702
2044,120.6523
2045,120.6350
2046,120.6183
2047,120.6020
2048,120.5863
2049,120.5707
2050,120.5556
2051,120.5400
2052,120.5248
2053,120.5097
2054,120.4950
2055,120.4804
2056,120.4660
2057,120.4516
2058,120.4375
2059,120.4235
2060,120.4095
2061,120.3957
2062,120.3820
2063,120.3684
2064,120.3547
2065,120.3410
2066,120.3277
2067,120.3039
2068,120.2804
2069,120.2584
2070,120.2376
2071,120.2170
2072,120.1975
2073,120.1790
2074,120.1612
2075,120.1441
2076,120.1276
2077,120.1117
2078,120.0962
2079,120.0812
2080,120.0667
2081,120.0524
2082,120.0386
2083,120.0252
2084,120.0121
2085,119.9993
2086,119.9868
2087,119.9746
2088,119.9627
2089,119.9509
2090,119.9394
2091,119.9281
2092,119.9170
2093,119.9061
2094,119.8954
2095,119.8848
2096,119.8744
2097,119.8641
2098,119.8540
2099,119.8441
2100,119.8343
2135,119.5754
2151,119.4842
2494,119.0221
2517,119.0170
2520,119.0169
2521,119.0169
2525,119.0168
2526,119.0168
2527,119.0149
2529,119.0149
2530,119.0133
2533,119.0133
2535,119.0133
2543,119.0132
2550,119.0131
2551,119.0131
2552,119.0131
2570,119.0125
