Year,Elevation
2024,123.1807
2025,123.1411
2026,123.1029
2027,123.0643
2028,123.0222
2029,122.9811
2030,122.9418
2031,122.9039
2032,122.8674
2033,122.8319
2034,122.7978
2035,122.7644
2036,122.7321
2037,122.7006
2038,122.6718
2039,122.6476
2040,122.6225
2041,122.5973
2042,122.5733
2043,122.5499
2044,122.5274
2045,122.5054
2046,122.4839
2047,122.4624
2048,122.4413
2049,122.4202
2050,122.3993
2051,122.3782
2052,122.3572
2053,122.3360
2054,122.3155
2055,122.2949
2056,122.2745
2057,122.2539
2058,122.2340
2059,122.2140
2060,122.1939
2061,122.1741
2062,122.1546
2063,122.1351
2064,122.1155
2065,122.0963
2066,122.0770
2067,122.0524
2068,122.0271
2069,122.0028
2070,121.9791
2071,121.9558
2072,121.9333
2073,121.9112
2074,121.8898
2075,121.8690
2076,121.8484
2077,121.8283
2078,121.8087
2079,121.7893
2080,121.7706
2081,121.7518
2082,121.7335
2083,121.7156
2084,121.6978
2085,121.6803
2086,121.6634
2087,121.6466
2088,121.6298
2089,121.6133
2090,121.5971
2091,121.5812
2092,121.5654
2093,121.5498
2094,121.5345
2095,121.5193
2096,121.5042
2097,121.4892
2098,121.4747
2099,121.4600
2100,121.4456
2135,121.0378
2151,120.8907
2494,120.0089
2517,119.9979
2520,119.9970
2521,119.9966
2525,119.9956
2526,119.9953
2527,119.9939
2529,119.9937
2530,119.9922
2533,119.9917
2535,119.9914
2543,119.9892
2550,119.9878
2551,119.9873
2552,119.9875
2570,119.9660
