Year,Elevation
2024,124.7407
2025,124.6797
2026,124.6211
2027,124.5628
2028,124.5040
2029,124.4451
2030,124.3875
2031,124.3310
2032,124.2763
2033,124.2232
2034,124.1724
2035,124.1234
2036,124.0762
2037,124.0306
2038,123.9873
2039,123.9473
2040,123.9141
2041,123.8879
2042,123.8671
2043,123.8493
2044,123.8327
2045,123.8162
2046,123.7992
2047,123.7812
2048,123.7624
2049,123.7426
2050,123.7219
2051,123.7006
2052,123.6786
2053,123.6558
2054,123.6331
2055,123.6099
2056,123.5867
2057,123.5629
2058,123.5395
2059,123.5158
2060,123.4920
2061,123.4683
2062,123.4448
2063,123.4213
2064,123.3977
2065,123.3743
2066,123.3508
2067,123.3254
2068,123.2986
2069,123.2717
2070,123.2449
2071,123.2184
2072,123.1922
2073,123.1662
2074,123.1406
2075,123.1155
2076,123.0906
2077,123.0660
2078,123.0418
2079,123.0179
2080,122.9945
2081,122.9711
2082,122.9482
2083,122.9257
2084,122.9034
2085,122.8813
2086,122.8597
2087,122.8385
2088,122.8173
2089,122.7964
2090,122.7759
2091,122.7558
2092,122.7357
2093,122.7160
2094,122.6966
2095,122.6774
2096,122.6583
2097,122.6394
2098,122.6209
2099,122.6025
2100,122.5844
2135,122.0815
2151,121.9058
2494,120.9342
2517,120.9189
2520,120.9176
2521,120.9172
2525,120.9158
2526,120.9155
2527,120.9144
2529,120.9141
2530,120.9128
2533,120.9122
2535,120.9118
2543,120.9093
2550,120.9075
2551,120.9071
2552,120.9073
2570,120.8861
