Year,Elevation
2024,124.2355
2025,124.1891
2026,124.1443
2027,124.0996
2028,124.0533
2029,124.0072
2030,123.9623
2031,123.9185
2032,123.8760
2033,123.8346
2034,123.7947
2035,123.7558
2036,123.7180
2037,123.6812
2038,123.6466
2039,123.6149
2040,123.5853
2041,123.5581
2042,123.5335
2043,123.5101
2044,123.4878
2045,123.4658
2046,123.4441
2047,123.4219
2048,123.3998
2049,123.3774
2050,123.3547
2051,123.3319
2052,123.3089
2053,123.2853
2054,123.2624
2055,123.2392
2056,123.2162
2057,123.1928
2058,123.1701
2059,123.1472
2060,123.1243
2061,123.1016
2062,123.0791
2063,123.0567
2064,123.0342
2065,123.0121
2066,122.9898
2067,122.9648
2068,122.9388
2069,122.9132
2070,122.8877
2071,122.8628
2072,122.8383
2073,122.8141
2074,122.7904
2075,122.7673
2076,122.7442
2077,122.7216
2078,122.6994
2079,122.6775
2080,122.6561
2081,122.6346
2082,122.6137
2083,122.5931
2084,122.5727
2085,122.5524
2086,122.5327
2087,122.5133
2088,122.4937
2089,122.4745
2090,122.4556
2091,122.4372
2092,122.4187
2093,122.4005
2094,122.3826
2095,122.3648
2096,122.3472
2097,122.3296
2098,122.3125
2099,122.2953
2100,122.2785
2135,121.7961
2151,121.6228
2494,120.5738
2517,120.5596
2520,120.5582
2521,120.5577
2525,120.5563
2526,120.5559
2527,120.5548
2529,120.5545
2530,120.5531
2533,120.5523
2535,120.5518
2543,120.5488
2550,120.5468
2551,120.5462
2552,120.5465
2570,120.5173
