Year,Elevation
2024,121.3021
2025,121.2675
2026,121.2346
2027,121.2000
2028,121.1590
2029,121.1206
2030,121.0847
2031,121.0508
2032,121.0185
2033,120.9874
2034,120.9578
2035,120.9294
2036,120.9019
2037,120.8755
2038,120.8529
2039,120.8380
2040,120.8191
2041,120.7991
2042,120.7795
2043,120.7606
2044,120.7425
2045,120.7250
2046,120.7081
2047,120.6917
2048,120.6757
2049,120.6600
2050,120.6446
2051,120.6289
2052,120.6134
2053,120.5981
2054,120.5831
2055,120.5684
2056,120.5537
2057,120.5391
2058,120.5248
2059,120.5105
2060,120.4964
2061,120.4823
2062,120.4684
2063,120.4546
2064,120.4406
2065,120.4268
2066,120.4132
2067,120.3893
2068,120.3656
2069,120.3435
2070,120.3226
2071,120.3020
2072,120.2825
2073,120.2638
2074,120.2460
2075,120.2288
2076,120.2121
2077,120.1961
2078,120.1805
2079,120.1654
2080,120.1507
2081,120.1363
2082,120.1223
2083,120.1088
2084,120.0955
2085,120.0826
2086,120.0700
2087,120.0576
2088,120.0455
2089,120.0336
2090,120.0220
2091,120.0105
2092,119.9992
2093,119.9882
2094,119.9773
2095,119.9665
2096,119.9560
2097,119.9455
2098,119.9353
2099,119.9252
2100,119.9152
2135,119.6511
2151,119.5579
2494,119.0810
2517,119.0756
2520,119.0756
2521,119.0755
2525,119.0754
2526,119.0754
2527,119.0735
2529,119.0735
2530,119.0719
2533,119.0719
2535,119.0719
2543,119.0717
2550,119.0716
2551,119.0716
2552,119.0716
2570,119.0704
