Year,Elevation
2024,126.2103
2025,126.1155
2026,126.0244
2027,125.9348
2028,125.8475
2029,125.7606
2030,125.6749
2031,125.5905
2032,125.5082
2033,125.4287
2034,125.3529
2035,125.2808
2036,125.2116
2037,125.1454
2038,125.0833
2039,125.0298
2040,124.9916
2041,124.9683
2042,124.9558
2043,124.9489
2044,124.9439
2045,124.9381
2046,124.9304
2047,124.9201
2048,124.9073
2049,124.8919
2050,124.8744
2051,124.8553
2052,124.8347
2053,124.8123
2054,124.7889
2055,124.7645
2056,124.7393
2057,124.7134
2058,124.6870
2059,124.6603
2060,124.6333
2061,124.6061
2062,124.5789
2063,124.5518
2064,124.5246
2065,124.4971
2066,124.4698
2067,124.4414
2068,124.4119
2069,124.3816
2070,124.3510
2071,124.3204
2072,124.2898
2073,124.2591
2074,124.2287
2075,124.1985
2076,124.1684
2077,124.1385
2078,124.1090
2079,124.0798
2080,124.0509
2081,124.0222
2082,123.9940
2083,123.9661
2084,123.9386
2085,123.9114
2086,123.8848
2087,123.8584
2088,123.8325
2089,123.8068
2090,123.7816
2091,123.7568
2092,123.7323
2093,123.7080
2094,123.6842
2095,123.6607
2096,123.6375
2097,123.6145
2098,123.5920
2099,123.5697
2100,123.5477
2135,122.9644
2151,122.7703
2494,121.8558
2517,121.8372
2520,121.8359
2521,121.8355
2525,121.8342
2526,121.8338
2527,121.8329
2529,121.8325
2530,121.8313
2533,121.8306
2535,121.8302
2543,121.8283
2550,121.8269
2551,121.8266
2552,121.8268
2570,121.8152
