Year,Elevation
2024,125.2218
2025,125.1479
2026,125.0769
2027,125.0067
2028,124.9368
2029,124.8670
2030,124.7982
2031,124.7308
2032,124.6653
2033,124.6019
2034,124.5415
2035,124.4836
2036,124.4279
2037,124.3744
2038,124.3237
2039,124.2775
2040,124.2417
2041,124.2163
2042,124.1988
2043,124.1855
2044,124.1737
2045,124.1618
2046,124.1488
2047,124.1342
2048,124.1181
2049,124.1004
2050,124.0814
2051,124.0612
2052,124.0400
2053,124.0177
2054,123.9950
2055,123.9717
2056,123.9480
2057,123.9237
2058,123.8994
2059,123.8749
2060,123.8502
2061,123.8254
2062,123.8007
2063,123.7762
2064,123.7514
2065,123.7267
2066,123.7020
2067,123.6757
2068,123.6481
2069,123.6200
2070,123.5919
2071,123.5639
2072,123.5361
2073,123.5085
2074,123.4812
2075,123.4543
2076,123.4275
2077,123.4011
2078,123.3750
2079,123.3493
2080,123.3240
2081,123.2988
2082,123.2740
2083,123.2496
2084,123.2256
2085,123.2018
2086,123.1785
2087,123.1555
2088,123.1327
2089,123.1102
2090,123.0881
2091,123.0664
2092,123.0449
2093,123.0237
2094,123.0028
2095,122.9822
2096,122.9618
2097,122.9416
2098,122.9218
2099,122.9022
2100,122.8828
2135,122.3574
2151,122.1778
2494,121.2540
2517,121.2376
2520,121.2364
2521,121.2361
2525,121.2348
2526,121.2344
2527,121.2334
2529,121.2331
2530,121.2318
2533,121.2312
2535,121.2308
2543,121.2287
2550,121.2272
2551,121.2268
2552,121.2270
2570,121.2110
