Year,Elevation
2024,122.9504
2025,122.9050
2026,122.8617
2027,122.8175
2028,122.7692
2029,122.7224
2030,122.6777
2031,122.6346
2032,122.5932
2033,122.5532
2034,122.5149
2035,122.4780
2036,122.4424
2037,122.4080
2038,122.3767
2039,122.3508
2040,122.3258
2041,122.3029
2042,122.2825
2043,122.2634
2044,122.2452
2045,122.2273
2046,122.2096
2047,122.1917
2048,122.1737
2049,122.1555
2050,122.1371
2051,122.1182
2052,122.0993
2053,122.0801
2054,122.0613
2055,122.0423
2056,122.0234
2057,122.0043
2058,121.9856
2059,121.9668
2060,121.9480
2061,121.9293
2062,121.9108
2063,121.8924
2064,121.8738
2065,121.8554
2066,121.8371
2067,121.8127
2068,121.7875
2069,121.7631
2070,121.7395
2071,121.7162
2072,121.6937
2073,121.6718
2074,121.6505
2075,121.6297
2076,121.6093
2077,121.5894
2078,121.5700
2079,121.5509
2080,121.5323
2081,121.5138
2082,121.4958
2083,121.4781
2084,121.4608
2085,121.4436
2086,121.4270
2087,121.4105
2088,121.3943
2089,121.3783
2090,121.3625
2091,121.3471
2092,121.3318
2093,121.3167
2094,121.3019
2095,121.2872
2096,121.2727
2097,121.2583
2098,121.2443
2099,121.2304
2100,121.2166
2135,120.8389
2151,120.7056
2494,119.9729
2517,119.9629
2520,119.9622
2521,119.9620
2525,119.9613
2526,119.9611
2527,119.9594
2529,119.9594
2530,119.9577
2533,119.9576
2535,119.9575
2543,119.9561
2550,119.9551
2551,119.9548
2552,119.9549
2570,119.9431
