Year,Elevation
2024,121.1147
2025,121.0802
2026,121.0474
2027,121.0133
2028,120.9735
2029,120.9355
2030,120.8999
2031,120.8662
2032,120.8340
2033,120.8032
2034,120.7738
2035,120.7456
2036,120.7184
2037,120.6922
2038,120.6696
2039,120.6541
2040,120.6356
2041,120.6162
2042,120.5970
2043,120.5784
2044,120.5606
2045,120.5434
2046,120.5268
2047,120.5107
2048,120.4951
2049,120.4797
2050,120.4647
2051,120.4494
2052,120.4343
2053,120.4195
2054,120.4049
2055,120.3905
2056,120.3762
2057,120.3620
2058,120.3481
2059,120.3342
2060,120.3205
2061,120.3068
2062,120.2933
2063,120.2799
2064,120.2664
2065,120.2529
2066,120.2397
2067,120.2170
2068,120.1941
2069,120.1723
2070,120.1517
2071,120.1311
2072,120.1118
2073,120.0933
2074,120.0756
2075,120.0586
2076,120.0422
2077,120.0263
2078,120.0109
2079,119.9960
2080,119.9816
2081,119.9674
2082,119.9536
2083,119.9403
2084,119.9273
2085,119.9146
2086,119.9023
2087,119.8901
2088,119.8783
2089,119.8667
2090,119.8553
2091,119.8440
2092,119.8331
2093,119.8223
2094,119.8116
2095,119.8011
2096,119.7908
2097,119.7806
2098,119.7707
2099,119.7609
2100,119.7511
2135,119.4955
2151,119.4055
2494,118.9514
2517,118.9463
2520,118.9463
2521,118.9463
2525,118.9462
2526,118.9462
2527,118.9443
2529,118.9443
2530,118.9427
2533,118.9427
2535,118.9427
2543,118.9427
2550,118.9426
2551,118.9426
2552,118.9426
2570,118.9423
