Year,Elevation
2024,125.1689
2025,125.0963
2026,125.0266
2027,124.9575
2028,124.8888
2029,124.8200
2030,124.7523
2031,124.6859
2032,124.6215
2033,124.5591
2034,124.4996
2035,124.4426
2036,124.3878
2037,124.3351
2038,124.2850
2039,124.2394
2040,124.2038
2041,124.1783
2042,124.1605
2043,124.1468
2044,124.1346
2045,124.1222
2046,124.1089
2047,124.0940
2048,124.0776
2049,124.0597
2050,124.0406
2051,124.0203
2052,123.9990
2053,123.9767
2054,123.9540
2055,123.9308
2056,123.9071
2057,123.8829
2058,123.8587
2059,123.8343
2060,123.8097
2061,123.7851
2062,123.7605
2063,123.7361
2064,123.7115
2065,123.6869
2066,123.6624
2067,123.6362
2068,123.6087
2069,123.5807
2070,123.5527
2071,123.5249
2072,123.4973
2073,123.4698
2074,123.4427
2075,123.4160
2076,123.3894
2077,123.3632
2078,123.3373
2079,123.3118
2080,123.2867
2081,123.2617
2082,123.2371
2083,123.2129
2084,123.1891
2085,123.1654
2086,123.1423
2087,123.1195
2088,123.0969
2089,123.0746
2090,123.0527
2091,123.0311
2092,123.0098
2093,122.9887
2094,122.9680
2095,122.9476
2096,122.9273
2097,122.9073
2098,122.8876
2099,122.8681
2100,122.8489
2135,122.3263
2151,122.1472
2494,121.2204
2517,121.2041
2520,121.2029
2521,121.2025
2525,121.2012
2526,121.2009
2527,121.1998
2529,121.1995
2530,121.1983
2533,121.1976
2535,121.1973
2543,121.1951
2550,121.1936
2551,121.1932
2552,121.1934
2570,121.1770
