Year,Elevation
2024,121.9267
2025,121.8888
2026,121.8527
2027,121.8152
2028,121.7723
2029,121.7313
2030,121.6928
2031,121.6562
2032,121.6211
2033,121.5873
2034,121.5551
2035,121.5240
2036,121.4940
2037,121.4650
2038,121.4396
2039,121.4210
2040,121.4000
2041,121.3787
2042,121.3584
2043,121.3389
2044,121.3202
2045,121.3021
2046,121.2844
2047,121.2670
2048,121.2500
2049,121.2331
2050,121.2163
2051,121.1992
2052,121.1823
2053,121.1654
2054,121.1489
2055,121.1324
2056,121.1161
2057,121.0998
2058,121.0837
2059,121.0677
2060,121.0518
2061,121.0360
2062,121.0203
2063,121.0048
2064,120.9891
2065,120.9735
2066,120.9582
2067,120.9344
2068,120.9101
2069,120.8871
2070,120.8652
2071,120.8437
2072,120.8230
2073,120.8032
2074,120.7841
2075,120.7656
2076,120.7476
2077,120.7302
2078,120.7132
2079,120.6967
2080,120.6806
2081,120.6647
2082,120.6493
2083,120.6343
2084,120.6195
2085,120.6051
2086,120.5910
2087,120.5771
2088,120.5635
2089,120.5501
2090,120.5370
2091,120.5241
2092,120.5113
2093,120.4988
2094,120.4865
2095,120.4743
2096,120.4623
2097,120.4504
2098,120.4388
2099,120.4273
2100,120.4159
2135,120.1086
2151,119.9998
2494,119.4186
2517,119.4115
2520,119.4112
2521,119.4111
2525,119.4107
2526,119.4106
2527,119.4089
2529,119.4088
2530,119.4072
2533,119.4071
2535,119.4071
2543,119.4065
2550,119.4060
2551,119.4058
2552,119.4058
2570,119.4003
