Year,Elevation
2024,121.2091
2025,121.1746
2026,121.1418
2027,121.1073
2028,121.0666
2029,121.0283
2030,120.9925
2031,120.9587
2032,120.9264
2033,120.8955
2034,120.8660
2035,120.8376
2036,120.8103
2037,120.7840
2038,120.7615
2039,120.7467
2040,120.7280
2041,120.7082
2042,120.6888
2043,120.6701
2044,120.6521
2045,120.6348
2046,120.6181
2047,120.6019
2048,120.5861
2049,120.5706
2050,120.5555
2051,120.5399
2052,120.5247
2053,120.5096
2054,120.4948
2055,120.4803
2056,120.4658
2057,120.4515
2058,120.4374
2059,120.4233
2060,120.4094
2061,120.3955
2062,120.3819
2063,120.3683
2064,120.3545
2065,120.3409
2066,120.3275
2067,120.3038
2068,120.2802
2069,120.2582
2070,120.2374
2071,120.2168
2072,120.1974
2073,120.1788
2074,120.1611
2075,120.1440
2076,120.1275
2077,120.1115
2078,120.0961
2079,120.0811
2080,120.0666
2081,120.0523
2082,120.0384
2083,120.0250
2084,120.0119
2085,119.9992
2086,119.9867
2087,119.9745
2088,119.9626
2089,119.9508
2090,119.9393
2091,119.9280
2092,119.9169
2093,119.9060
2094,119.8952
2095,119.8847
2096,119.8743
2097,119.8640
2098,119.8539
2099,119.8440
2100,119.8342
2135,119.5753
2151,119.4841
2494,119.0222
2517,119.0170
2520,119.0169
2521,119.0169
2525,119.0168
2526,119.0168
2527,119.0149
2529,119.0149
2530,119.0133
2533,119.0133
2535,119.0133
2543,119.0132
2550,119.0131
2551,119.0131
2552,119.0131
2570,119.0126
