Year,Elevation
2024,121.1248
2025,121.0903
2026,121.0575
2027,121.0233
2028,120.9833
2029,120.9454
2030,120.9097
2031,120.8760
2032,120.8438
2033,120.8130
2034,120.7836
2035,120.7553
2036,120.7281
2037,120.7019
2038,120.6793
2039,120.6639
2040,120.6454
2041,120.6260
2042,120.6068
2043,120.5882
2044,120.5703
2045,120.5531
2046,120.5365
2047,120.5204
2048,120.5048
2049,120.4894
2050,120.4744
2051,120.4590
2052,120.4439
2053,120.4290
2054,120.4144
2055,120.4000
2056,120.3857
2057,120.3715
2058,120.3576
2059,120.3437
2060,120.3299
2061,120.3162
2062,120.3027
2063,120.2893
2064,120.2757
2065,120.2623
2066,120.2490
2067,120.2262
2068,120.2031
2069,120.1813
2070,120.1607
2071,120.1401
2072,120.1208
2073,120.1023
2074,120.0846
2075,120.0676
2076,120.0511
2077,120.0352
2078,120.0198
2079,120.0049
2080,119.9905
2081,119.9763
2082,119.9625
2083,119.9492
2084,119.9362
2085,119.9235
2086,119.9111
2087,119.8990
2088,119.8871
2089,119.8755
2090,119.8641
2091,119.8529
2092,119.8419
2093,119.8311
2094,119.8204
2095,119.8099
2096,119.7996
2097,119.7894
2098,119.7794
2099,119.7696
2100,119.7599
2135,119.5039
2151,119.4138
2494,118.9593
2517,118.9542
2520,118.9541
2521,118.9541
2525,118.9541
2526,118.9541
2527,118.9522
2529,118.9521
2530,118.9506
2533,118.9505
2535,118.9505
2543,118.9505
2550,118.9505
2551,118.9505
2552,118.9505
2570,118.9501
