Year,Elevation
2024,121.1460
2025,121.1115
2026,121.0787
2027,121.0444
2028,121.0042
2029,120.9661
2030,120.9304
2031,120.8967
2032,120.8644
2033,120.8335
2034,120.8041
2035,120.7758
2036,120.7486
2037,120.7224
2038,120.6998
2039,120.6846
2040,120.6661
2041,120.6465
2042,120.6273
2043,120.6086
2044,120.5908
2045,120.5736
2046,120.5569
2047,120.5408
2048,120.5251
2049,120.5097
2050,120.4946
2051,120.4792
2052,120.4641
2053,120.4492
2054,120.4345
2055,120.4201
2056,120.4058
2057,120.3915
2058,120.3776
2059,120.3636
2060,120.3498
2061,120.3361
2062,120.3225
2063,120.3091
2064,120.2955
2065,120.2819
2066,120.2687
2067,120.2455
2068,120.2223
2069,120.2004
2070,120.1797
2071,120.1591
2072,120.1398
2073,120.1213
2074,120.1035
2075,120.0865
2076,120.0700
2077,120.0541
2078,120.0387
2079,120.0238
2080,120.0093
2081,119.9951
2082,119.9813
2083,119.9680
2084,119.9550
2085,119.9422
2086,119.9299
2087,119.9177
2088,119.9058
2089,119.8942
2090,119.8828
2091,119.8715
2092,119.8605
2093,119.8497
2094,119.8390
2095,119.8285
2096,119.8181
2097,119.8079
2098,119.7980
2099,119.7881
2100,119.7783
2135,119.5218
2151,119.4315
2494,118.9757
2517,118.9706
2520,118.9706
2521,118.9706
2525,118.9705
2526,118.9705
2527,118.9686
2529,118.9686
2530,118.9670
2533,118.9670
2535,118.9670
2543,118.9669
2550,118.9669
2551,118.9669
2552,118.9669
2570,118.9666
