Year,Elevation
2024,121.3353
2025,121.3006
2026,121.2677
2027,121.2330
2028,121.1919
2029,121.1534
2030,121.1176
2031,121.0837
2032,121.0512
2033,121.0202
2034,120.9905
2035,120.9620
2036,120.9345
2037,120.9080
2038,120.8853
2039,120.8705
2040,120.8515
2041,120.8314
2042,120.8117
2043,120.7927
2044,120.7745
2045,120.7570
2046,120.7400
2047,120.7235
2048,120.7074
2049,120.6916
2050,120.6762
2051,120.6603
2052,120.6448
2053,120.6294
2054,120.6143
2055,120.5995
2056,120.5847
2057,120.5700
2058,120.5556
2059,120.5413
2060,120.5270
2061,120.5128
2062,120.4989
2063,120.4850
2064,120.4709
2065,120.4570
2066,120.4434
2067,120.4194
2068,120.3957
2069,120.3735
2070,120.3526
2071,120.3319
2072,120.3124
2073,120.2937
2074,120.2758
2075,120.2586
2076,120.2419
2077,120.2258
2078,120.2101
2079,120.1949
2080,120.1802
2081,120.1657
2082,120.1517
2083,120.1381
2084,120.1248
2085,120.1118
2086,120.0992
2087,120.0867
2088,120.0745
2089,120.0626
2090,120.0509
2091,120.0393
2092,120.0280
2093,120.0169
2094,120.0059
2095,119.9951
2096,119.9845
2097,119.9739
2098,119.9637
2099,119.9536
2100,119.9435
2135,119.6772
2151,119.5833
2494,119.1006
2517,119.0951
2520,119.0950
2521,119.0950
2525,119.0949
2526,119.0948
2527,119.0929
2529,119.0929
2530,119.0913
2533,119.0913
2535,119.0913
2543,119.0911
2550,119.0910
2551,119.0909
2552,119.0909
2570,119.0895
