Year,Elevation
2024,121.1552
2025,121.1205
2026,121.0874
2027,121.0533
2028,121.0136
2029,120.9755
2030,120.9396
2031,120.9056
2032,120.8732
2033,120.8422
2034,120.8126
2035,120.7842
2036,120.7568
2037,120.7305
2038,120.7075
2039,120.6914
2040,120.6730
2041,120.6535
2042,120.6343
2043,120.6156
2044,120.5977
2045,120.5804
2046,120.5637
2047,120.5475
2048,120.5318
2049,120.5163
2050,120.5012
2051,120.4858
2052,120.4706
2053,120.4557
2054,120.4409
2055,120.4265
2056,120.4121
2057,120.3978
2058,120.3838
2059,120.3698
2060,120.3560
2061,120.3422
2062,120.3286
2063,120.3151
2064,120.3015
2065,120.2879
2066,120.2746
2067,120.2524
2068,120.2293
2069,120.2073
2070,120.1865
2071,120.1659
2072,120.1464
2073,120.1278
2074,120.1100
2075,120.0929
2076,120.0763
2077,120.0603
2078,120.0448
2079,120.0298
2080,120.0153
2081,120.0010
2082,119.9871
2083,119.9737
2084,119.9606
2085,119.9478
2086,119.9354
2087,119.9231
2088,119.9112
2089,119.8995
2090,119.8880
2091,119.8767
2092,119.8656
2093,119.8548
2094,119.8440
2095,119.8334
2096,119.8231
2097,119.8128
2098,119.8027
2099,119.7928
2100,119.7830
2135,119.5247
2151,119.4338
2494,118.9734
2517,118.9682
2520,118.9682
2521,118.9681
2525,118.9681
2526,118.9681
2527,118.9663
2529,118.9662
2530,118.9647
2533,118.9646
2535,118.9646
2543,118.9645
2550,118.9644
2551,118.9644
2552,118.9644
2570,118.9639
