Year,Elevation
2024,121.2527
2025,121.2181
2026,121.1853
2027,121.1508
2028,121.1098
2029,121.0715
2030,121.0357
2031,121.0019
2032,120.9695
2033,120.9386
2034,120.9090
2035,120.8806
2036,120.8532
2037,120.8269
2038,120.8043
2039,120.7895
2040,120.7707
2041,120.7509
2042,120.7314
2043,120.7126
2044,120.6945
2045,120.6771
2046,120.6603
2047,120.6440
2048,120.6282
2049,120.6126
2050,120.5973
2051,120.5817
2052,120.5663
2053,120.5512
2054,120.5363
2055,120.5217
2056,120.5071
2057,120.4926
2058,120.4784
2059,120.4643
2060,120.4503
2061,120.4363
2062,120.4225
2063,120.4089
2064,120.3950
2065,120.3813
2066,120.3678
2067,120.3439
2068,120.3203
2069,120.2983
2070,120.2774
2071,120.2568
2072,120.2374
2073,120.2188
2074,120.2010
2075,120.1838
2076,120.1673
2077,120.1513
2078,120.1357
2079,120.1207
2080,120.1061
2081,120.0918
2082,120.0779
2083,120.0644
2084,120.0512
2085,120.0384
2086,120.0259
2087,120.0136
2088,120.0016
2089,119.9898
2090,119.9782
2091,119.9668
2092,119.9557
2093,119.9447
2094,119.9339
2095,119.9232
2096,119.9127
2097,119.9024
2098,119.8923
2099,119.8823
2100,119.8724
2135,119.6111
2151,119.5191
2494,119.0505
2517,119.0452
2520,119.0452
2521,119.0451
2525,119.0451
2526,119.0450
2527,119.0432
2529,119.0431
2530,119.0415
2533,119.0415
2535,119.0415
2543,119.0414
2550,119.0413
2551,119.0413
2552,119.0413
2570,119.0404
