0 0 0.00865075090175
365.2499635 0 0.00865075090175
365.25 0 0.0084688702265
730.4999635 0 0.0084688702265
730.5 0 0.00827447670775
1095.7499635 0 0.00827447670775
1095.75 0 0.00804753612075
1460.9999635 0 0.00804753612075
1461 0 0.0077760826315
1826.2499635 0 0.0077760826315
1826.25 0 0.00747009916475
2191.4999635 0 0.00747009916475
2191.5 0 0.00715249174475
2556.7499635 0 0.00715249174475
2556.75 0 0.006845482635
2921.9999635 0 0.006845482635
2922 0 0.0065632940835
3287.2499635 0 0.0065632940835
3287.25 0 0.0063109859285
3652.4999635 0 0.0063109859285
3652.5 0 0.00608705389425
4017.7499635 0 0.00608705389425
4017.75 0 0.00588801079425
4382.9999635 0 0.00588801079425
4383 0 0.0057092070475
4748.2499635 0 0.00571505817925
4748.25 0 0.00555270362775
5113.4999635 0 0.00555270362775
5113.5 0 0.00540349075975
5478.7499635 0 0.00540349075975
5478.75 0 0.005264750171
5843.9999635 0 0.005264750171
5844 0 0.00513442847375
6209.2499635 0 0.00513442847375
6209.25 0 0.00501095140325
6574.4999635 0 0.00501095140325
6574.5 0 0.00489322381925
6939.7499635 0 0.00489322381925
6939.75 0 0.00478028747425
7304.9999635 0 0.00478028747425
7305 0 0.00467152635175
7670.2499635 0 0.00467152635175
7670.25 0 0.00456632443525
8035.499963 0 0.00456632443525
8035.5 0 0.004464476386
8400.749963 0 0.004464476386
8400.75 0 0.00436557152625
8765.999963 0 0.00436557152625
8766 0 0.004269267625
9131.249963 0 0.004269267625
9131.25 0 0.00417542778925
9496.499963 0 0.00417542778925
9496.5 0 0.0040841204655
9861.749963 0 0.0040841204655
9861.75 0 0.0039947980835
10226.999963 0 0.0039947980835
10227 0 0.0039077344285
10592.249963 0 0.0039077344285
10592.25 0 0.003822587269
10957.499963 0 0.003822587269
10957.5 0 0.00373915126625
11322.749963 0 0.00373915126625
11322.75 0 0.00365489390825
11687.999963 0 0.00365489390825
11688 0 0.00356036960975
12053.249963 0 0.00356036960975
12053.25 0 0.00343901437375
12418.499963 0 0.00343901437375
12418.5 0 0.003279945243
12783.749963 0 0.003279945243
12783.75 0 0.00308699520875
13148.999963 0 0.00308699520875
13149 0 0.0028747433265
13514.249963 0 0.0028747433265
13514.25 0 0.00265859000675
13879.499963 0 0.00265859000675
13879.5 0 0.002449486652975
14244.749963 0 0.002449486652975
14244.75 0 0.0022535249829
14609.999963 0 0.0022535249829
14610 0 0.002073442847375
14975.249963 0 0.002073442847375
14975.25 0 0.001909650924025
15340.499963 0 0.001909650924025
15340.5 0 0.0017616016427
15705.749963 0 0.0017616016427
15705.75 0 0.001628268309375
16070.999963 0 0.001628268309375
16071 0 0.00150821355235
16436.249963 0 0.00150821355235
16436.25 0 0.001399931553725
16801.499963 0 0.001399931553725
16801.5 0 0.001293923872875
17166.749963 0 0.001293923872875
17166.75 0 0.001198880395425
17531.999963 0 0.001198880395425
17532 0 0.001134026669425
17897.249963 0 0.001134026669425
17897.25 0 0.001048391512675
18262.499963 0 0.001048391512675
18262.5 0 0.0009719585365
18627.749963 0 0.0009719585365
18627.75 0 0.00091856819515
18992.999963 0 0.00091856819515
18993 0 0.00086021264745
19358.249963 0 0.00086021264745
19358.25 0 0.0008185282458
19723.499963 0 0.0008185282458
19723.5 0 0.00076605065025
20088.749963 0 0.00076605065025
20088.75 0 0.000724982888425
20453.999963 0 0.000724982888425
20454 0 0.00068699520875
20819.249963 0 0.00068699520875
20819.25 0 0.000651745379875
21184.499963 0 0.000651745379875
21184.5 0 0.00061909650925
21549.749963 0 0.00061909650925
21549.75 0 0.000588637919225
21914.999963 0 0.000588637919225
21915 0 0.000560232717325
22280.249963 0 0.000560232717325
22280.25 0 0.000533812457225
22645.499963 0 0.000533812457225
22645.5 0 0.0005090349076
23010.749963 0 0.0005090349076
23010.75 0 0.000485831622175
23375.999963 0 0.000485831622175
23376 0 0.000464065708425
23741.249963 0 0.000464065708425
23741.25 0 0.00044366872005
24106.499963 0 0.00044366872005
24106.5 0 0.000424366872
24471.749963 0 0.000424366872
24471.75 0 0.0004062970568
24836.999963 0 0.0004062970568
24837 0 0.0003891854894
25202.249963 0 0.0003891854894
25202.25 0 0.000373100616025
25567.499963 0 0.000373100616025
25567.5 0 0.0003577686516
25932.749963 0 0.0003577686516
25932.75 0 0.0003433264887
26297.999963 0 0.0003433264887
26298 0 0.0003295687885
26663.249963 0 0.0003295687885
26663.25 0 0.000316632443525
27028.499963 0 0.000316632443525
27028.5 0 0.00030417522245
27393.749963 0 0.00030417522245
27393.75 0 0.000292470910325
27758.999963 0 0.000292470910325
27759 0 0.0002812457221
28124.249963 0 0.0002812457221
28124.25 0 0.000270499657775
28489.499963 0 0.000270499657775
28489.5 0 0.00026036960985
28854.749963 0 0.00026036960985
28854.75 0 0.0002505817933
29219.999963 0 0.0002505817933
29220 0 0.000241273100615
29585.249963 0 0.000241273100615
29585.25 0 0.0002323066392875
29950.499963 0 0.0002323066392875
29950.5 0 0.0002237508555775
30315.749963 0 0.0002237508555775
30315.75 0 0.0002155373032175
30680.999963 0 0.0002155373032175
30681 0 0.000207597535935
31046.249963 0 0.000207597535935
31046.25 0 0.00020006844627
31411.499963 0 0.00020006844627
31411.5 0 0.000192744695415
31776.749963 0 0.000192744695415
31776.75 0 0.0001856947296375
34698.75 0 0.00013819301848
37986 0 9.93155373025e-05
42003.75 0 6.6940451745e-05
51135 0 2.95687885e-05
65014.5 0 1.0403832991e-05
75241.499963 0 5.338809035e-06
85103.25 0 2.73785078725e-06
95330.249963 0 1.43737166325e-06
105192 0 6.84462696775e-07
105922.5 0 6.84462696775e-07
162901.5 0 0.0
219880.49996 0 6.84462696775e-08
384242.99996 0 0.0
