0 0 0.002057864476375
365.2499635 0 0.002067303216975
365.25 0 0.002031286789875
730.4999635 0 0.002031286789875
730.5 0 0.00195582477755
1095.7499635 0 0.00195582477755
1095.75 0 0.00184925393565
1460.9999635 0 0.00184925393565
1461 0 0.00172102669405
1826.2499635 0 0.00172102669405
1826.25 0 0.001580410677625
2191.4999635 0 0.001580410677625
2191.5 0 0.00143561943875
2556.7499635 0 0.00143561943875
2556.75 0 0.00129323750855
2921.9999635 0 0.00129323750855
2922 0 0.001153138917025
3287.2499635 0 0.001153138917025
3287.25 0 0.001028465118225
3652.4999635 0 0.001028465118225
3652.5 0 0.000915269679125
4017.7499635 0 0.000915269679125
4017.75 0 0.00081382524485
4382.9999635 0 0.00081382524485
4383 0 0.000723654686425
4748.2499635 0 0.000723654686425
4748.25 0 0.00064383101045
5113.4999635 0 0.00064383101045
5113.5 0 0.0005731954751
5478.7499635 0 0.0005731954751
5478.75 0 0.000510596154775
5843.9999635 0 0.000510596154775
5844 0 0.0004549492851
6209.2499635 0 0.0004549492851
6209.25 0 0.0004053619533
6574.4999635 0 0.0004053619533
6574.5 0 0.00036103667235
6939.7499635 0 0.00036103667235
6939.75 0 0.00032137362305
7304.9999635 0 0.00032137362305
7305 0 0.000285847963475
7670.2499635 0 0.000285847963475
7670.25 0 0.000254077990475
8035.499963 0 0.000254077990475
8035.5 0 0.00022570244925
8400.749963 0 0.00022570244925
8400.75 0 0.000200421430185
8765.999963 0 0.000200421430185
8766 0 0.0001779691042775
9131.249963 0 0.0001779691042775
9131.25 0 0.000158086458655
9496.499963 0 0.000158086458655
9496.5 0 0.0001405349288375
9861.749963 0 0.0001405349288375
9861.75 0 0.0001250895826
10226.999963 0 0.0001250895826
10227 0 0.000111518671585
10592.249963 0 0.000111518671585
10592.25 0 9.961771195e-05
10957.499963 0 9.961771195e-05
10957.5 0 8.919585211e-05
11322.749963 0 8.919585211e-05
11322.75 0 8.0069056605e-05
13149 0 4.87489480575e-05
17166.75 0 2.02415846565e-05
25932.75 0 5.187073472e-06
31046.249963 0 2.93775120425e-06
31776.749963 0 2.7128189775e-06
32141.999963 0 2.60376092825e-06
32507.249963 0 2.501519007e-06
33602.999963 0 2.2288738835e-06
35794.5 0 1.7176642772e-06
38351.25 0 1.34959336065e-06
40907.999963 0 1.104212749625e-06
45656.25 0 7.29325705e-07
46752 0 6.74796680325e-07
60996.75 0 2.93093507625e-07
75241.5 0 1.6358707402e-07
103730.99996 0 6.13451527575e-08
160344.75 0 0.0
288547.49996 0 6.81612808425e-09
384242.99996 0 0.0
