0 0 0.002086510338325
1095.7499635 0 0.1049034690125
2921.9999635 0 0.514745831575
2922 0 0.673290432325
3287.2499635 0 0.673290432325
3287.25 0 0.8687842734
3652.4999635 0 0.8687842734
3652.5 0 1.10697679165
4017.7499635 0 1.10697679165
4017.75 0 1.393937330775
4382.9999635 0 1.393937330775
4383 0 1.735969012575
4748.2499635 0 1.735969012575
4748.25 0 2.139465872525
5113.4999635 0 2.139465872525
5113.5 0 2.6108089585
5478.7499635 0 2.6108089585
5478.75 0 3.15615442625
5843.9999635 0 3.15615442625
5844 0 3.78131255025
6209.2499635 0 3.78131255025
6209.25 0 4.4915604255
6574.4999635 0 4.4915604255
6574.5 0 5.29140272375
6939.7499635 0 5.29140272375
6939.75 0 6.18452384175
7304.9999635 0 6.18452384175
7305 0 7.173487136
7670.2499635 0 7.173487136
7670.25 0 8.25971441425
8035.499963 0 8.25971441425
8035.5 0 9.44325352625
8400.749963 0 9.44325352625
8400.75 0 10.72253228
8765.999963 0 10.72253228
8766 0 12.092410292
9131.249963 0 12.092410292
9131.25 0 13.539783686
9496.499963 0 13.539783686
9496.5 0 15.03739886
9861.749963 0 15.03739886
9861.75 0 16.5436952665
10226.999963 0 16.5436952665
10227 0 18.00986660525
10592.249963 0 18.00986660525
10592.25 0 19.38949904175
10957.499963 0 19.38949904175
10957.5 0 20.64615874125
11322.749963 0 20.64615874125
11322.75 0 21.7568096765
11687.999963 0 21.7568096765
11688 0 22.71174527275
12053.249963 0 22.74168377825
12053.25 0 23.54209445575
12418.499963 0 23.54209445575
12418.5 0 24.19500342225
12783.749963 0 24.19500342225
12783.75 0 24.712936345
13148.999963 0 24.712936345
13149 0 25.110746065
13514.249963 0 25.110746065
13514.25 0 25.4044490075
13879.499963 0 25.4044490075
13879.5 0 25.6093086925
14975.25 0 25.8295687875
17166.749963 0 25.4673273875
17166.75 0 25.32172708
18262.499963 0 25.0416153325
18262.5 0 24.85959911875
18992.999963 0 24.713433051
18993 0 24.509924709
19358.249963 0 24.509924709
19358.25 0 24.3196440795
19723.499963 0 24.3196440795
19723.5 0 24.0135916785
20453.999963 0 23.99804418725
20454 0 23.6714579055
20819.249963 0 23.6714579055
20819.25 0 23.44284736475
21184.499963 0 23.44284736475
21184.5 0 23.20602327175
21549.749963 0 23.20602327175
21549.75 0 22.96098562625
21914.999963 0 22.96098562625
21915 0 22.7097878165
22280.249963 0 22.7097878165
22280.25 0 22.45174538
22645.499963 0 22.45174538
22645.5 0 22.1882272415
23010.749963 0 22.1882272415
23010.75 0 21.9199178645
23375.999963 0 21.9199178645
23376 0 21.64818617375
23741.249963 0 21.64818617375
23741.25 0 21.37303216975
24106.499963 0 21.37303216975
24106.5 0 21.09514031475
24471.749963 0 21.09514031475
24471.75 0 20.81451060925
24836.999963 0 20.81451060925
24837 0 20.53319644075
25202.249963 0 20.53319644075
25202.25 0 20.25119780975
25567.499963 0 20.25119780975
25567.5 0 19.968514716
25932.749963 0 19.968514716
25932.75 0 19.68583162225
26297.999963 0 19.68583162225
26298 0 19.40451745375
26663.249963 0 19.40451745375
26663.25 0 19.123887748
27028.499963 0 19.123887748
27028.5 0 18.84462696775
27758.999963 0 18.56741957575
27759 0 18.2922655715
28124.249963 0 18.2922655715
28124.25 0 18.0191649555
28489.499963 0 18.0191649555
28489.5 0 17.749486653
28854.749963 0 17.749486653
28854.75 0 17.48254620125
29219.999963 0 17.48254620125
29220 0 17.2176591375
29585.249963 0 17.2176591375
29585.25 0 16.95756331275
29950.499963 0 16.95756331275
29950.5 0 16.70020533875
30315.749963 0 16.70020533875
30315.75 0 16.44626967825
30680.999963 0 16.44626967825
30681 0 16.196440794
31046.249963 0 16.196440794
31046.25 0 15.95003422325
31411.499963 0 15.95003422325
31411.5 0 15.7077344285
31776.749963 0 15.7077344285
31776.75 0 15.46885694725
32141.999963 0 15.46885694725
32142 0 15.23408624225
32507.249963 0 15.23408624225
32507.25 0 15.00410677625
32872.499963 0 15.00410677625
32872.5 0 14.77686516075
33237.749963 0 14.77686516075
33237.75 0 14.55373032175
33602.999963 0 14.55373032175
33603 0 14.3353867215
33968.249963 0 14.3353867215
33968.25 0 14.119780972
34333.499963 0 14.119780972
34333.5 0 13.909650924
34698.749963 0 13.909650924
34698.75 0 13.702258727
35063.999963 0 13.702258727
35064 0 13.498973306
35429.249963 0 13.498973306
35429.25 0 13.300479124
35794.499963 0 13.300479124
35794.5 0 13.1047227925
36159.749963 0 13.1047227925
36159.75 0 12.91375770025
36524.999963 0 12.91375770025
36525 0 12.726899384
36890.249963 0 12.726899384
36890.25 0 12.54209445575
37255.499963 0 12.54209445575
37255.5 0 12.36276522925
37620.749963 0 12.36276522925
37620.75 0 12.18548939075
37985.999963 0 12.18548939075
37986 0 12.013689254
38351.249963 0 12.013689254
38351.25 0 11.8432580425
38716.499963 0 11.8432580425
38716.5 0 11.6783025325
39081.749963 0 11.6783025325
39081.75 0 11.51540041075
39446.999963 0 11.51540041075
39447 0 11.35592060225
39812.249963 0 11.35592060225
39812.25 0 11.20054757025
43830 0 9.60993021025
47482.499963 0 8.606475497
50769.75 0 7.6804709105
54787.5 0 6.843466031
58805.25 0 6.1538881475
63918.75 0 5.43713478075
69032.25 0 4.85354128125
81085.5 0 3.825628633
99348 0 2.77393743725
123819.75 0 1.80852840015
150848.25 0 1.0809048402
165458.24996 0 0.81118817045
179703 0 0.60057817645
202713.75 0 0.378418602125
225724.5 0 0.271754830975
271746 0 0.1263659964025
381686.25 0 0.0326105797175
384242.99996 0 0.032854209445
