0 0 9.777869347e-10
365.2499635 0 1.046119257375e-08
1826.2499635 0 3.89103684325e-08
1826.25 0 5.23624480525e-08
2191.4999635 0 5.23624480525e-08
2191.5 0 6.9649099825e-08
2556.7499635 0 6.9649099825e-08
2556.75 0 9.16126838025e-08
2921.9999635 0 9.16126838025e-08
2922 0 1.192154971475e-07
3287.2499635 0 1.192154971475e-07
3287.25 0 1.5354120844e-07
3652.4999635 0 1.5354120844e-07
3652.5 0 1.9579185244e-07
4017.7499635 0 1.9579185244e-07
4017.75 0 2.472773799725e-07
4382.9999635 0 2.472773799725e-07
4383 0 3.0940630065e-07
4748.2499635 0 3.0940630065e-07
4748.25 0 3.83660752925e-07
5113.4999635 0 3.83660752925e-07
5113.5 0 4.71582297325e-07
5478.7499635 0 4.71582297325e-07
5478.75 0 5.74737765925e-07
5843.9999635 0 5.74737765925e-07
5844 0 6.94704235975e-07
6209.2499635 0 6.94704235975e-07
6209.25 0 8.33030098175e-07
6574.4999635 0 8.33030098175e-07
6574.5 0 9.91212517225e-07
6939.7499635 0 9.91212517225e-07
6939.75 0 1.170660549175e-06
7304.9999635 0 1.170660549175e-06
7305 0 1.37265279455e-06
7670.2499635 0 1.37265279455e-06
7670.25 0 1.598312126875e-06
8035.499963 0 1.598312126875e-06
8035.5 0 1.848513485925e-06
8400.749963 0 1.848513485925e-06
8400.75 0 2.123836066825e-06
8765.999963 0 2.123836066825e-06
8766 0 2.424518924175e-06
9131.249963 0 2.424518924175e-06
9131.25 0 2.75034349375e-06
9496.499963 0 2.75034349375e-06
9496.5 0 3.10056529125e-06
9861.749963 0 3.10056529125e-06
9861.75 0 3.47385244125e-06
10226.999963 0 3.47385244125e-06
10227 0 3.868251526e-06
10592.249963 0 3.868251526e-06
10592.25 0 4.28111928525e-06
10957.499963 0 4.28111928525e-06
10957.5 0 4.709143105e-06
11322.749963 0 4.709143105e-06
11322.75 0 5.148382e-06
11687.999963 0 5.148382e-06
11688 0 5.59431442325e-06
12053.249963 0 5.59431442325e-06
12053.25 0 6.04194754925e-06
12418.499963 0 6.04194754925e-06
12418.5 0 6.485974366e-06
12783.749963 0 6.485974366e-06
12783.75 0 6.9208624675e-06
13148.999963 0 6.9208624675e-06
13149 0 7.3410726175e-06
13514.249963 0 7.3410726175e-06
13514.25 0 7.741338785e-06
13879.499963 0 7.7577686515e-06
13879.5 0 8.1336071185e-06
14244.749963 0 8.1336071185e-06
14244.75 0 8.47960301175e-06
14609.999963 0 8.47960301175e-06
14610 0 8.791649555e-06
14975.249963 0 8.791649555e-06
14975.25 0 9.065982204e-06
15340.499963 0 9.065982204e-06
15340.5 0 9.2995893225e-06
15705.749963 0 9.2995893225e-06
15705.75 0 9.4902121835e-06
16070.999963 0 9.4902121835e-06
16071 0 9.636071184e-06
16436.249963 0 9.636071184e-06
16436.25 0 9.73634496925e-06
16801.499963 0 9.73634496925e-06
16801.5 0 9.79395842075e-06
17166.749963 0 9.79395842075e-06
17531.999963 0 9.79075517625e-06
17532 0 9.75902356925e-06
17897.249963 0 9.75902356925e-06
17897.25 0 9.6699520875e-06
18262.499963 0 9.6699520875e-06
18262.5 0 9.52365590175e-06
18627.749963 0 9.52365590175e-06
18627.75 0 9.36906413475e-06
18992.999963 0 9.36906413475e-06
18993 0 9.168393207e-06
19358.249963 0 9.168393207e-06
19358.25 0 8.99343843325e-06
19723.499963 0 8.99343843325e-06
19723.5 0 8.72977412725e-06
20088.749963 0 8.72977412725e-06
20088.75 0 8.48658453125e-06
20453.999963 0 8.48658453125e-06
20454 0 8.23258042425e-06
20819.249963 0 8.23258042425e-06
20819.25 0 7.97097878175e-06
21184.499963 0 7.97097878175e-06
21184.5 0 7.704791239e-06
21549.749963 0 7.704791239e-06
21549.75 0 7.436550308e-06
21914.999963 0 7.436550308e-06
21915 0 7.168788501e-06
22280.249963 0 7.168788501e-06
22280.25 0 6.9029431895e-06
22645.499963 0 6.9029431895e-06
22645.5 0 6.64093086925e-06
23010.749963 0 6.64093086925e-06
23010.75 0 6.38384668025e-06
23375.999963 0 6.38384668025e-06
23376 0 6.13258042425e-06
23741.249963 0 6.13258042425e-06
23741.25 0 5.888090349e-06
24106.499963 0 5.888090349e-06
24106.5 0 5.62872728475e-06
24471.749963 0 5.62872728475e-06
24471.75 0 5.3999837495e-06
24836.999963 0 5.3999837495e-06
24837 0 5.179012722e-06
25202.249963 0 5.179012722e-06
25202.25 0 4.9660187415e-06
25567.499963 0 4.9660187415e-06
25567.5 0 4.76120634825e-06
25932.749963 0 4.76120634825e-06
25932.75 0 4.564371002e-06
26297.999963 0 4.564371002e-06
26298 0 4.37544452325e-06
26663.249963 0 4.37544452325e-06
26663.25 0 4.19415419225e-06
27028.499963 0 4.19415419225e-06
27028.5 0 4.02050000925e-06
27393.749963 0 4.02050000925e-06
27393.75 0 3.85420925425e-06
27758.999963 0 3.85420925425e-06
27759 0 3.6948728485e-06
28124.249963 0 3.6948728485e-06
28124.25 0 3.54262715125e-06
28489.499963 0 3.54262715125e-06
28489.5 0 3.3968585435e-06
28854.749963 0 3.3968585435e-06
28854.75 0 3.25749884575e-06
29219.999963 0 3.25749884575e-06
29220 0 3.12434351825e-06
29585.249963 0 3.12434351825e-06
29585.25 0 2.997051661e-06
29950.499963 0 2.997051661e-06
29950.5 0 2.87535055525e-06
30315.749963 0 2.87535055525e-06
30315.75 0 2.7591720205e-06
30680.999963 0 2.7591720205e-06
30681 0 2.64797061775e-06
31046.249963 0 2.64797061775e-06
31046.25 0 2.54195088675e-06
31411.499963 0 2.54195088675e-06
31411.5 0 2.44049920855e-06
31776.749963 0 2.44049920855e-06
31776.75 0 2.34361558305e-06
32141.999963 0 2.34361558305e-06
32142 0 2.25116365045e-06
32507.249963 0 2.25116365045e-06
32507.25 0 2.16293887115e-06
32872.499963 0 2.16293887115e-06
32872.5 0 2.078532165725e-06
33237.749963 0 2.078532165725e-06
33237.75 0 1.997875354325e-06
33602.999963 0 1.997875354325e-06
33603 0 1.9207638973e-06
33968.249963 0 1.9207638973e-06
33968.25 0 1.8471296147e-06
34333.499963 0 1.8471296147e-06
34333.5 0 1.776699787e-06
34698.749963 0 1.776699787e-06
34698.75 0 1.709338054425e-06
35063.999963 0 1.709338054425e-06
35064 0 1.64497623705e-06
35429.249963 0 1.64497623705e-06
35429.25 0 1.583409795225e-06
35794.499963 0 1.583409795225e-06
35794.5 0 1.524570549025e-06
36159.749963 0 1.524570549025e-06
36159.75 0 1.468253958825e-06
36524.999963 0 1.468253958825e-06
36525 0 1.414323664825e-06
36890.249963 0 1.414323664825e-06
36890.25 0 1.3628478469e-06
37255.499963 0 1.3628478469e-06
37255.5 0 1.313485605625e-06
37620.749963 0 1.313485605625e-06
37620.75 0 1.26623694095e-06
37985.999963 0 1.26623694095e-06
37986 0 1.221033673025e-06
38351.249963 0 1.221033673025e-06
38351.25 0 1.17780762195e-06
38716.499963 0 1.17780762195e-06
38716.5 0 1.136286068175e-06
39081.749963 0 1.136286068175e-06
39081.75 0 1.096605371425e-06
39446.999963 0 1.096605371425e-06
39447 0 1.0585609921e-06
39812.249963 0 1.0585609921e-06
39812.25 0 1.02208475025e-06
40177.499963 0 1.02208475025e-06
40177.5 0 9.87108466025e-07
40542.749963 0 9.87108466025e-07
40542.75 0 9.536321394e-07
40907.999963 0 9.536321394e-07
40908 0 9.21519410625e-07
41273.249963 0 9.21519410625e-07
41273.25 0 8.9063391985e-07
41638.499963 0 8.9063391985e-07
41638.5 0 8.61112026925e-07
42003.749963 0 8.61112026925e-07
42003.75 0 8.32681012275e-07
42368.999963 0 8.32681012275e-07
42369 0 8.0547723565e-07
42734.249963 0 8.0547723565e-07
42734.25 0 7.792961574e-07
43099.499963 0 7.792961574e-07
43099.5 0 7.542059574e-07
43464.749963 0 7.542059574e-07
43464.75 0 7.30070275875e-07
43829.999963 0 7.30070275875e-07
43830 0 7.0688911285e-07
44195.249963 0 7.0688911285e-07
44195.25 0 6.845942884e-07
44560.499963 0 6.845942884e-07
44560.5 0 6.6311762265e-07
44925.749963 0 6.6311762265e-07
44925.75 0 6.42595475375e-07
45290.999963 0 6.42595475375e-07
45291 0 6.228233069e-07
45656.249963 0 6.228233069e-07
45656.25 0 6.0366475745e-07
46021.499963 0 6.0366475745e-07
46021.5 0 5.85392546575e-07
46386.749963 0 5.85392546575e-07
46386.75 0 5.67733954725e-07
46751.999963 0 5.67733954725e-07
46752 0 5.507571618e-07
47117.249963 0 5.507571618e-07
47117.25 0 5.343939879e-07
47482.499963 0 5.343939879e-07
47482.5 0 5.18644433e-07
47847.749963 0 5.18644433e-07
47847.75 0 5.0344031725e-07
48212.999963 0 5.0344031725e-07
48213 0 4.88849820525e-07
48578.249963 0 4.88849820525e-07
48578.25 0 4.748047629e-07
48943.499963 0 4.748047629e-07
48943.5 0 4.61305144425e-07
49308.749963 0 4.61305144425e-07
49308.75 0 4.482146053e-07
49673.999963 0 4.482146053e-07
49674 0 4.35601325425e-07
50039.249963 0 4.35601325425e-07
50039.25 0 4.23397124875e-07
52230.75 0 3.5869440805e-07
55883.25 0 2.7585584015e-07
59901 0 2.101986048325e-07
69762.75 0 1.133831592075e-07
82911.75 0 5.16121777025e-08
101539.5 0 1.629499401725e-08
145369.5 0 8.18158695425e-10
236316.74996 0 6.8179891285e-11
384242.99996 0 0.0
