0 0 0.1032573599725
365.25 0 0.10698494182
1460.9999635 0 0.107932922655
2556.7499635 0 0.1045792167325
2556.75 0 0.1026700002125
2921.9999635 0 0.1026700002125
2922 0 0.1006478730375
3287.2499635 0 0.1006478730375
3287.25 0 0.09863122032
3652.4999635 0 0.09863122032
3652.5 0 0.0966994216675
4017.7499635 0 0.0966994216675
4017.75 0 0.0949017471875
4382.9999635 0 0.0949017471875
4383 0 0.09326556916
5478.75 0 0.0893814426475
6209.2499635 0 0.088413832555
6574.5 0 0.0869028827075
7670.25 0 0.0855400410675
8766 0 0.0849609856275
10957.5 0 0.085356605065
13148.999963 0 0.0861745379875
14244.749963 0 0.0857395815275
15340.499963 0 0.0845453816875
16801.499963 0 0.08196820815
17531.999963 0 0.080168607965
17897.249963 0 0.079113647755
18262.499963 0 0.078637642445
18262.5 0 0.0769999987525
20453.999963 0 0.0728557229775
20454 0 0.0712450322675
21914.999963 0 0.0682396977325
23010.75 0 0.0643219562175
24471.749963 0 0.0614876124975
25567.5 0 0.0578810742625
27028.5 0 0.05449955994
28489.5 0 0.051372479945
29220 0 0.049908798585
29950.5 0 0.04852035318
30315.75 0 0.047856908825
30680.999963 0 0.047856908825
30681 0 0.047207143735
31046.249963 0 0.047207143735
31046.25 0 0.04657105791
31411.499963 0 0.04657105791
31411.5 0 0.0459623306125
31776.749963 0 0.0459623306125
31776.75 0 0.0453672825825
32141.999963 0 0.0453672825825
32507.249963 0 0.04479275345
33237.75 0 0.0431786001725
33968.249963 0 0.042672467365
34333.499963 0 0.0421936930875
35063.999963 0 0.0412703426975
36890.249963 0 0.0392458114675
38351.25 0 0.037590620395
40542.749963 0 0.0362637316825
42369 0 0.0350189185625
46386.75 0 0.0335592060225
58440 0 0.03252566735
64649.249963 0 0.0327378507875
70493.249963 0 0.0330184804925
94234.499963 0 0.0333127994525
100808.99996 0 0.033045859
107383.49996 0 0.0326214921275
113957.99996 0 0.0320465434625
120167.24996 0 0.0313826146475
126376.5 0 0.0305338809025
129663.74996 0 0.0301163586575
132585.75 0 0.0296235455175
135872.99996 0 0.02916495551
138795 0 0.02862422998
142082.24996 0 0.02812457221
145004.25 0 0.0275359342925
148291.49996 0 0.0270020533875
151213.5 0 0.026379192335
154500.74996 0 0.0258179329225
157422.75 0 0.0251745379875
160709.99996 0 0.0245717043865
163632 0 0.0239083435945
166919.24996 0 0.023313370513
169841.25 0 0.02264317095
173128.49996 0 0.0220481978685
176050.5 0 0.0213643207635
179337.74996 0 0.020776186453
182259.75 0 0.020099148119
185546.99996 0 0.01951101380875
188469 0 0.01884765301675
191756.24996 0 0.0182663574775
194678.25 0 0.0176235129985
197965.49996 0 0.0170695725435
200887.5 0 0.01644040560675
204174.74996 0 0.01589330392275
207096.75 0 0.01529833084125
210383.99996 0 0.01477858424125
213306 0 0.014204127473
216593.24996 0 0.01370489718625
219515.25 0 0.01315779550225
222802.49996 0 0.01268592029975
225724.5 0 0.012173012471
229011.74996 0 0.0117284923525
231933.74996 0 0.01129764977625
238142.99996 0 0.01042228708175
243986.99996 0 0.009642667182
250196.24996 0 0.00886988605325
256040.25 0 0.00815181509275
262249.49996 0 0.00752948692725
268093.5 0 0.0069071587615
275398.49996 0 0.00627115305375
282338.25 0 0.00566250243025
289643.24996 0 0.00512907828825
296583 0 0.0046230092305
303887.99996 0 0.00418532788325
310827.75 0 0.00377500162025
325072.49996 0 0.003084285744
353561.99996 0 0.002037953773225
381686.25 0 0.001340399126
384242.99996 0 0.0013415468857
