0 0 0.0
4017.7499635 0 0.0
4017.75 0 6.841301264749999e-23
16801.499963 0 1.3035689082e-11
18627.749963 0 8.043056147e-11
19723.499963 0 1.919421788e-10
20453.999963 0 2.89760363875e-10
20454 0 4.070676872e-10
20819.249963 0 4.070676872e-10
20819.25 0 5.149467986e-10
21184.499963 0 5.149467986e-10
21184.5 0 6.44396532875e-10
21549.749963 0 6.44396532875e-10
21549.75 0 7.97617052525e-10
21914.999963 0 7.97617052525e-10
21915 0 9.76438405625e-10
22280.249963 0 9.76438405625e-10
22280.25 0 1.18217001725e-09
22645.499963 0 1.18217001725e-09
22645.5 0 1.415474125375e-09
23010.749963 0 1.415474125375e-09
23010.75 0 1.6762693185e-09
23375.999963 0 1.6762693185e-09
23376 0 1.96367922595e-09
23741.249963 0 1.96367922595e-09
23741.25 0 2.2760667243e-09
24106.499963 0 2.2760667243e-09
24106.5 0 2.61103051675e-09
24471.749963 0 2.61103051675e-09
24471.75 0 2.9655262245e-09
24836.999963 0 2.9655262245e-09
24837 0 3.33594164025e-09
25202.249963 0 3.33594164025e-09
25202.25 0 3.7181583005e-09
25567.499963 0 3.7181583005e-09
25567.5 0 4.10776356625e-09
25932.749963 0 4.10776356625e-09
25932.75 0 4.50004378075e-09
26297.999963 0 4.50004378075e-09
26298 0 4.89025792225e-09
26663.249963 0 4.89025792225e-09
26663.25 0 5.27436278175e-09
27028.499963 0 5.27436278175e-09
27028.5 0 5.6468237465e-09
27393.749963 0 5.6468237465e-09
27393.75 0 6.003474464e-09
27758.999963 0 6.003474464e-09
27759 0 6.34067536225e-09
28124.249963 0 6.34067536225e-09
28124.25 0 6.65530680725e-09
28489.499963 0 6.65530680725e-09
28489.5 0 6.945015392e-09
28854.749963 0 6.945015392e-09
28854.75 0 7.2077213605e-09
29219.999963 0 7.21122518825e-09
29220 0 7.4460643395e-09
29585.249963 0 7.4460643395e-09
29585.25 0 7.65236139625e-09
29950.499963 0 7.65236139625e-09
29950.5 0 7.82991101975e-09
30315.749963 0 7.82991101975e-09
30315.75 0 7.9790554415e-09
30680.999963 0 7.9790554415e-09
30681 0 8.10068446275e-09
31046.249963 0 8.10068446275e-09
31046.25 0 8.19561943875e-09
31411.499963 0 8.19561943875e-09
31411.5 0 8.2650924025e-09
32507.25 0 8.336071184e-09
33968.249963 0 8.23449692e-09
33968.25 0 8.170020534e-09
34333.499963 0 8.170020534e-09
34333.5 0 8.09267624925e-09
34698.749963 0 8.09267624925e-09
34698.75 0 8.00308008225e-09
35063.999963 0 8.00308008225e-09
35064 0 7.90376454475e-09
35429.249963 0 7.90376454475e-09
35429.25 0 7.79589322375e-09
35794.499963 0 7.79589322375e-09
35794.5 0 7.6808350445e-09
36159.749963 0 7.6808350445e-09
36159.75 0 7.55968514725e-09
36524.999963 0 7.55968514725e-09
36525 0 7.43353867225e-09
36890.249963 0 7.43353867225e-09
36890.25 0 7.3034223135e-09
37255.499963 0 7.3034223135e-09
37255.5 0 7.170020534e-09
37620.749963 0 7.170020534e-09
37620.75 0 7.03449692e-09
37985.999963 0 7.03449692e-09
37986 0 6.897193703e-09
38351.249963 0 6.897193703e-09
38351.25 0 6.75906913075e-09
38716.499963 0 6.75906913075e-09
38716.5 0 6.62060232725e-09
39081.749963 0 6.62060232725e-09
39081.75 0 6.48220397e-09
39446.999963 0 6.48220397e-09
39447 0 6.3445585215e-09
39812.249963 0 6.3445585215e-09
39812.25 0 6.207871321e-09
40177.499963 0 6.207871321e-09
40177.5 0 6.0726899385e-09
40542.749963 0 6.0726899385e-09
40542.75 0 5.93915126625e-09
40907.999963 0 5.93915126625e-09
40908 0 5.807597536e-09
41273.249963 0 5.807597536e-09
41273.25 0 5.67816564e-09
41638.499963 0 5.67816564e-09
41638.5 0 5.55119780975e-09
42003.749963 0 5.55119780975e-09
42003.75 0 5.42669404525e-09
42368.999963 0 5.42669404525e-09
42369 0 5.30485968525e-09
42734.249963 0 5.30485968525e-09
42734.25 0 5.18569472975e-09
43099.499963 0 5.18569472975e-09
43099.5 0 5.0694045175e-09
43464.749963 0 5.0694045175e-09
43464.75 0 4.9559890485e-09
43829.999963 0 4.9559890485e-09
43830 0 4.84537987675e-09
44195.249963 0 4.84537987675e-09
44195.25 0 4.73778234075e-09
44560.499963 0 4.73778234075e-09
44560.5 0 4.632991102e-09
44925.749963 0 4.632991102e-09
44925.75 0 4.53127994525e-09
45290.999963 0 4.53127994525e-09
45291 0 4.43230663925e-09
45656.249963 0 4.43230663925e-09
45656.25 0 4.33620807675e-09
46021.499963 0 4.33620807675e-09
46021.5 0 4.24305270375e-09
46386.749963 0 4.24305270375e-09
46386.75 0 4.152566735e-09
46751.999963 0 4.152566735e-09
46752 0 4.06488706375e-09
47117.249963 0 4.06488706375e-09
47117.25 0 3.97987679675e-09
47482.499963 0 3.97987679675e-09
47482.5 0 3.897467488e-09
47847.749963 0 3.897467488e-09
47847.75 0 3.8176591375e-09
48212.999963 0 3.8176591375e-09
48213 0 3.740383299e-09
48578.249963 0 3.740383299e-09
48578.25 0 3.66557152625e-09
48943.499963 0 3.66557152625e-09
48943.5 0 3.593155373e-09
49308.749963 0 3.593155373e-09
49308.75 0 3.52292950025e-09
49673.999963 0 3.52292950025e-09
49674 0 3.4549623545e-09
50039.249963 0 3.4549623545e-09
50039.25 0 3.3891854895e-09
50404.499963 0 3.3891854895e-09
50404.5 0 3.32546201225e-09
50769.749963 0 3.32546201225e-09
50769.75 0 3.2638603695e-09
52961.25 0 2.9343600275e-09
54057 0 2.7925393565e-09
55152.75 0 2.66413415475e-09
56613.749963 0 2.5478439425e-09
57709.499963 0 2.442368240925e-09
59901 0 2.232443531825e-09
61362 0 2.131895961675e-09
62823 0 2.0433264887e-09
64284 0 1.965160848725e-09
65745 0 1.896235455175e-09
67571.25 0 1.8212183436e-09
68666.999963 0 1.794318959625e-09
69397.5 0 1.756947296375e-09
73050 0 1.65516769335e-09
79624.5 0 1.536755646825e-09
86199 0 1.46635074935e-09
96426 0 1.41181394125e-09
106652.99996 0 1.3733173708e-09
116879.99996 0 1.3248553761e-09
126741.74996 0 1.265472368525e-09
138064.49996 0 1.180834518625e-09
149387.24996 0 1.086640782475e-09
160709.99996 0 9.8766910315e-10
172032.74996 0 8.8937998715e-10
183355.49996 0 7.958688143e-10
194678.24996 0 7.07818147875e-10
206000.99996 0 6.27958241125e-10
216958.5 0 5.5765422065e-10
237047.24996 0 4.8530251025e-10
256770.74996 0 3.63123678575e-10
276494.25 0 2.5254842305e-10
296217.75 0 1.79514149365e-10
338952 0 6.34783874175e-11
381686.25 0 1.160357619475e-11
384242.99996 0 1.163586584525e-11
