0 0 2.80816525625e-06
54787.499963 0 3.1828016475e-05
111035.99996 0 0.001152637199175
124915.49996 0 0.00210029293135
138794.99996 0 0.00358162785775
145734.74996 0 0.00457954952775
152674.49996 0 0.00578390468525
159614.24996 0 0.0072233912835
166553.99996 0 0.00892876202225
172763.24996 0 0.010706596805
178607.24996 0 0.012618880472
184816.49996 0 0.01492841504375
190660.49996 0 0.01738452150125
196869.74996 0 0.02031732904475
202713.74996 0 0.023400817966
208922.99996 0 0.0270425129
214766.99996 0 0.03082940989
220610.99996 0 0.0349806818475
226454.99996 0 0.0395086572475
232298.99996 0 0.044426349485
238142.99996 0 0.0497762233125
246178.49996 0 0.058145204015
250196.24996 0 0.063087553205
253848.74996 0 0.0683066082
257866.49996 0 0.075237951575
261884.24996 0 0.0838336392625
265901.99996 0 0.09444982724
269554.49996 0 0.1058468187225
273937.49996 0 0.1212231684075
278320.49996 0 0.1374351148225
282703.49996 0 0.153619664625
287086.49996 0 0.16957819236
291469.49996 0 0.185612060785
295852.49996 0 0.20211167165
300235.49996 0 0.2192893487125
300600.74996 0 0.22075506757
300965.99996 0 0.22222763558
301331.24996 0 0.22370020359
302426.99996 0 0.2281521533875
304618.49996 0 0.237199885205
312288.74996 0 0.270068973025
319958.99996 0 0.3043421373
327629.24996 0 0.3395878814
334934.24996 0 0.373847347375
340778.25 0 0.403189596175
346622.25 0 0.431403148525
358310.25 0 0.4887063655
381686.25 0 0.603764544825
384242.99996 0 0.603764544825
