0 0 92.1584827475
365.2499635 0 92.1584827475
365.25 0 146.225745655
730.4999635 0 146.225745655
730.5 0 208.0420048525
1095.7499635 0 208.0420048525
1095.75 0 264.104939925
1460.9999635 0 264.104939925
1461 0 309.9025156
1826.2499635 0 309.9025156
1826.25 0 352.167277275
2191.4999635 0 352.167277275
2191.5 0 397.585696525
2556.7499635 0 397.585696525
2556.75 0 447.802668475
2921.9999635 0 447.802668475
2922 0 506.3249601
3287.2499635 0 506.3249601
3287.25 0 573.570552675
3652.4999635 0 573.570552675
3652.5 0 650.22256665
4017.7499635 0 650.22256665
4017.75 0 736.1679677
4382.9999635 0 736.1679677
4383 0 831.503817925
4748.2499635 0 831.503817925
4748.25 0 936.02124955
5113.4999635 0 936.02124955
5113.5 0 1047.7483051
5478.7499635 0 1047.7483051
5478.75 0 1166.896309625
5843.9999635 0 1166.896309625
5844 0 1311.2683731
6209.2499635 0 1311.2683731
6209.25 0 1430.762666975
6574.4999635 0 1430.762666975
6574.5 0 1559.865814975
6939.7499635 0 1559.865814975
6939.75 0 1690.2191191
7304.9999635 0 1690.2191191
7305 0 1819.146434375
7670.2499635 0 1819.146434375
7670.25 0 1943.7051066
8035.499963 0 1943.7051066
8035.5 0 2062.414628225
8400.749963 0 2070.649729075
8400.75 0 2182.152052625
8765.999963 0 2182.152052625
8766 0 2283.34441085
9131.249963 0 2283.34441085
9131.25 0 2362.13515325
9496.499963 0 2362.13515325
9496.5 0 2452.098257725
9861.749963 0 2452.098257725
9861.75 0 2514.2180885
10226.999963 0 2514.2180885
10227 0 2561.8043535
10592.249963 0 2561.8043535
10592.25 0 2593.42984675
10957.499963 0 2593.42984675
10957.5 0 2608.55181125
11687.999963 0 2607.8844665
11688 0 2590.73579625
12053.249963 0 2590.73579625
12053.25 0 2556.94790775
12418.499963 0 2556.94790775
12418.5 0 2507.4804865
12783.749963 0 2507.4804865
12783.75 0 2439.790763125
13148.999963 0 2439.790763125
13149 0 2354.92891865
13514.249963 0 2354.92891865
13514.25 0 2252.971130925
13879.499963 0 2252.971130925
13879.5 0 2137.014132325
14244.749963 0 2137.014132325
14244.75 0 2011.708690075
14609.999963 0 2011.708690075
14610 0 1880.58395365
14975.249963 0 1880.58395365
14975.25 0 1747.80655735
15340.499963 0 1747.80655735
15340.5 0 1618.127726075
15705.749963 0 1618.127726075
15705.75 0 1492.04051185
16070.999963 0 1492.04051185
16071 0 1371.80815585
16436.249963 0 1371.80815585
16436.25 0 1257.5032063
16801.499963 0 1257.5032063
16801.5 0 1151.2496539
17166.749963 0 1151.2496539
17166.75 0 1051.6090752
17531.999963 0 1051.6090752
17532 0 959.67553865
17897.249963 0 959.67553865
17897.25 0 874.480662175
18262.499963 0 874.480662175
18262.5 0 796.734928925
18627.749963 0 796.734928925
18627.75 0 724.4165424
18992.999963 0 724.4165424
18993 0 659.00450765
19358.249963 0 659.00450765
19358.25 0 599.244306775
19723.499963 0 599.244306775
19723.5 0 544.8226219
20088.749963 0 544.8226219
20088.75 0 495.4964482
20453.999963 0 495.4964482
20454 0 450.1790494
20819.249963 0 450.1790494
20819.25 0 409.5118699
21184.499963 0 409.5118699
21184.5 0 372.8275807
21549.749963 0 372.8275807
21549.75 0 339.14182695
21914.999963 0 339.14182695
21915 0 309.15773985
22280.249963 0 309.15773985
22280.25 0 281.787348425
22645.499963 0 281.787348425
22645.5 0 256.708713625
23010.749963 0 256.708713625
23010.75 0 234.8297330175
23375.999963 0 234.8297330175
23376 0 214.38892044
23741.249963 0 214.38892044
23741.25 0 196.086941295
24106.499963 0 196.086941295
24106.5 0 179.6561260775
24471.749963 0 179.6561260775
24471.75 0 164.804138195
24836.999963 0 164.804138195
24837 0 150.890775425
25202.249963 0 150.890775425
25202.25 0 139.0755775125
25567.499963 0 139.0755775125
25567.5 0 127.801824635
25932.749963 0 127.801824635
25932.75 0 117.809646835
26297.999963 0 117.809646835
26298 0 108.33672269
27028.499963 0 100.3575572725
27028.5 0 92.25251653
27393.749963 0 92.25251653
27393.75 0 85.91262067
27758.999963 0 85.91262067
27759 0 79.4493288975
29585.25 0 54.86662561
35063.999963 0 23.18145086975
35064 0 2.014825462e-05
251657.24996 0 6.4830937715
268458.74996 0 17.036276523
281972.99996 0 35.267624915
293295.74996 0 62.6947296375
303157.49996 0 100.9486652975
314845.49996 0 171.9233401775
325437.74996 0 269.63039015
335299.49996 0 398.11088295
335299.5 0 403.675564675
335664.74996 0 403.675564675
335664.75 0 409.30184805
336029.99996 0 409.30184805
336030 0 414.9760438
336395.24996 0 414.9760438
336395.25 0 420.732375075
336760.49996 0 420.732375075
336760.5 0 426.53661875
337125.74996 0 426.53661875
337125.75 0 432.402464075
337490.99996 0 432.402464075
337491 0 438.343600275
337856.24996 0 438.343600275
337856.25 0 444.332648875
338221.49996 0 444.332648875
338221.5 0 450.403833
338586.74996 0 450.403833
338586.75 0 456.516084875
338951.99996 0 456.516084875
338952 0 462.710472275
339317.24996 0 462.710472275
339317.25 0 468.966461325
339682.49996 0 468.966461325
339682.5 0 475.284052025
340047.74996 0 475.284052025
340047.75 0 481.66324435
340412.99996 0 481.66324435
340413 0 488.117727575
340778.24996 0 488.117727575
340778.25 0 494.626967825
341143.49996 0 494.626967825
341143.5 0 501.211498975
341508.74996 0 501.211498975
341508.75 0 507.85763175
341873.99996 0 507.85763175
341874 0 514.572210825
342239.24996 0 514.572210825
342239.25 0 521.35523615
342604.49996 0 521.35523615
342604.5 0 528.206707725
342969.74996 0 528.206707725
342969.75 0 535.11293635
343334.99996 0 535.11293635
343335 0 542.1081451
343700.24996 0 542.1081451
343700.25 0 549.15126625
344065.49996 0 549.15126625
344065.5 0 556.276522925
344430.74996 0 556.276522925
344430.75 0 563.470225875
344795.99996 0 563.470225875
344796 0 570.72553045
345161.24996 0 570.72553045
345161.25 0 578.049281325
345526.49996 0 578.049281325
345526.5 0 585.448323075
345891.74996 0 585.448323075
345891.75 0 592.9158111
346256.99996 0 592.9158111
346257 0 600.451745375
346622.24996 0 600.451745375
346622.25 0 608.05612595
346987.49996 0 608.05612595
346987.5 0 615.7357974
347352.74996 0 615.7357974
347352.75 0 623.483915125
347717.99996 0 623.483915125
347718 0 631.2936345
348083.24996 0 631.2936345
348083.25 0 639.192334025
348448.49996 0 639.192334025
348448.5 0 647.14579055
348813.74996 0 647.14579055
348813.75 0 655.174538
349178.99996 0 655.174538
349179 0 663.278576325
349544.24996 0 663.278576325
349544.25 0 671.45790555
349909.49996 0 671.45790555
349909.5 0 679.691991775
350274.74996 0 679.691991775
350274.75 0 688.015058175
350639.99996 0 688.015058175
350640 0 696.399726225
351005.24996 0 696.399726225
351005.25 0 704.866529775
351370.49996 0 704.866529775
351370.5 0 700.236436525
351735.74996 0 700.236436525
351735.75 0 708.6814383
352100.99996 0 708.6814383
352101 0 717.193623875
352466.24996 0 717.193623875
352466.25 0 725.786429975
352831.49996 0 725.786429975
352831.5 0 734.446419875
353196.74996 0 734.446419875
353196.75 0 743.166875175
353561.99996 0 743.166875175
353562 0 751.9746694
353927.24996 0 751.9746694
353927.25 0 760.8496474
354292.49996 0 760.8496474
354292.5 0 769.785090825
354657.74996 0 769.785090825
354657.75 0 778.801154775
355022.99996 0 778.801154775
355023 0 787.8844025
355388.24996 0 787.8844025
355388.25 0 797.041552425
355753.49996 0 797.041552425
355753.5 0 806.272604475
356118.74996 0 806.272604475
356118.75 0 815.570840325
356483.99996 0 815.570840325
356484 0 824.936259975
356849.24996 0 824.936259975
356849.25 0 834.38230015
357214.49996 0 834.38230015
357214.5 0 843.888805725
357579.74996 0 843.888805725
357579.75 0 853.475931875
357944.99996 0 853.475931875
357945 0 863.1235234
358310.24996 0 863.1235234
358310.25 0 872.851735475
358675.49996 0 872.851735475
358675.5 0 882.647131325
359040.74996 0 882.647131325
359040.75 0 892.509710975
359405.99996 0 892.509710975
359406 0 902.4461928
359771.24996 0 902.4461928
359771.25 0 912.470013525
360136.49996 0 912.470013525
360136.5 0 922.500552625
360501.74996 0 922.500552625
360501.75 0 932.71248795
361232.24996 0 942.8572395
361232.25 0 953.2035424
361597.49996 0 953.2035424
361597.5 0 963.482661525
361962.74996 0 963.482661525
361962.75 0 973.963331975
362327.99996 0 973.963331975
362328 0 984.44400245
362693.24996 0 984.44400245
362693.25 0 995.0590405
363058.49996 0 995.0590405
363058.5 0 1005.60689475
363423.74996 0 1005.60689475
363423.75 0 1016.35630035
363788.99996 0 1016.35630035
363789 0 1027.105705975
364154.24996 0 1027.105705975
364154.25 0 1037.92229535
364519.49996 0 1037.92229535
364519.5 0 1048.873252325
364884.74996 0 1048.873252325
364884.75 0 1059.7570255
365249.99996 0 1059.7570255
365250 0 1070.84235005
365615.24996 0 1070.84235005
365615.25 0 1081.99485835
365980.49996 0 1081.99485835
365980.5 0 1093.0801829
366345.74996 0 1093.0801829
366345.75 0 1104.367058775
366710.99996 0 1104.367058775
366711 0 1115.653934675
367076.24996 0 1115.653934675
367076.25 0 1127.00799435
367441.49996 0 1127.00799435
367441.5 0 1138.4292378
367806.74996 0 1138.4292378
367806.75 0 1149.98484885
368171.99996 0 1149.98484885
368172 0 1161.473276075
368537.24996 0 1161.473276075
368537.25 0 1173.163254675
368902.49996 0 1173.163254675
368902.5 0 1184.7860495
369267.74996 0 1184.7860495
369267.75 0 1196.543211875
369632.99996 0 1196.543211875
369633 0 1208.36755805
369998.24996 0 1208.36755805
369998.25 0 1220.259088
370363.49996 0 1220.259088
370363.5 0 1232.150617975
370728.74996 0 1232.150617975
370728.75 0 1244.1765155
371093.99996 0 1244.1765155
371094 0 1256.202413025
371459.24996 0 1256.202413025
371459.25 0 1268.295494325
371824.49996 0 1268.295494325
371824.5 0 1280.5229432
372189.74996 0 1280.5229432
372189.75 0 1292.750392075
372554.99996 0 1292.750392075
372555 0 1304.977840975
372920.24996 0 1304.977840975
372920.25 0 1317.4068412
373285.49996 0 1317.4068412
373285.5 0 1329.701473875
373650.74996 0 1329.701473875
373650.75 0 1342.264841675
374015.99996 0 1342.264841675
374016 0 1354.7610257
374381.24996 0 1354.7610257
374381.25 0 1367.257209725
374746.49996 0 1367.257209725
374746.5 0 1379.9549451
375111.74996 0 1379.9549451
375111.75 0 1392.652680475
375476.99996 0 1392.652680475
375477 0 1405.35041585
375842.24996 0 1405.35041585
375842.25 0 1418.115335
376207.49996 0 1418.115335
376207.5 0 1430.94743795
376572.74996 0 1430.94743795
376572.75 0 1443.846724675
376937.99996 0 1443.846724675
376938 0 1456.8131952
377303.24996 0 1456.8131952
377303.25 0 1469.779665725
377668.49996 0 1469.779665725
377668.5 0 1482.813320025
378033.74996 0 1482.813320025
378033.75 0 1495.9141581
378398.99996 0 1495.9141581
378399 0 1509.0149962
378764.24996 0 1509.0149962
378764.25 0 1522.18301805
379129.49996 0 1522.18301805
379129.5 0 1535.418223725
379494.74996 0 1535.418223725
379494.75 0 1548.72061315
379859.99996 0 1548.72061315
379860 0 1562.0230026
380225.24996 0 1562.0230026
380225.25 0 1575.32539205
380590.49996 0 1575.32539205
380590.5 0 1588.82933285
380955.74996 0 1588.82933285
380955.75 0 1602.198906075
381320.99996 0 1602.198906075
381321 0 1615.70284685
381686.24996 0 1615.70284685
381686.25 0 1629.20678765
384242.99996 0 1659.8220397
