0 0 1120.69815195
365.2499635 0 1120.69815195
365.25 0 1113.408624225
730.4999635 0 1113.408624225
730.5 0 1107.289527725
1095.7499635 0 1107.289527725
1095.75 0 1102.24503765
1460.9999635 0 1102.24503765
1461 0 1098.15879535
2556.75 0 1090.718685825
5478.7499635 0 1087.09103355
6574.4999635 0 1081.806981525
6574.5 0 1078.473648175
6939.7499635 0 1078.473648175
6939.75 0 1074.22313485
7304.9999635 0 1074.22313485
7305 0 1068.993839825
7670.2499635 0 1068.993839825
7670.25 0 1062.77891855
8035.499963 0 1062.77891855
8035.5 0 1055.57152635
8400.749963 0 1055.57152635
8400.75 0 1047.39904175
8765.999963 0 1047.39904175
8766 0 1038.28884325
9131.249963 0 1038.28884325
9131.25 0 1028.28884325
9496.499963 0 1028.28884325
9496.5 0 1017.453798775
9861.749963 0 1017.453798775
9861.75 0 1005.845311425
10226.999963 0 1005.845311425
10227 0 993.531827525
10592.249963 0 993.531827525
10592.25 0 980.588637925
10957.499963 0 980.588637925
10957.5 0 967.09103355
11322.749963 0 967.09103355
11322.75 0 953.10746065
11687.999963 0 953.10746065
11688 0 938.7063655
12053.249963 0 938.7063655
12053.25 0 923.96988365
12418.499963 0 923.96988365
12418.5 0 908.9596167
12783.749963 0 908.9596167
12783.75 0 893.737166325
13148.999963 0 893.737166325
13149 0 878.370978775
13514.249963 0 878.370978775
13514.25 0 862.902121825
13879.499963 0 862.902121825
13879.5 0 847.39904175
14244.749963 0 847.39904175
14244.75 0 831.9028063
14609.999963 0 831.9028063
14610 0 816.427104725
14975.249963 0 816.427104725
14975.25 0 801.02669405
15340.499963 0 801.02669405
15340.5 0 785.715263525
15705.749963 0 785.715263525
15705.75 0 770.5065024
16070.999963 0 770.5065024
16071 0 755.400410675
16436.249963 0 755.400410675
16436.25 0 740.424366875
16801.499963 0 740.424366875
16801.5 0 724.24893655
17166.749963 0 724.24893655
17166.75 0 707.9057086
17531.999963 0 707.9057086
17532 0 690.359702925
17897.249963 0 690.359702925
17897.25 0 676.93290315
18262.499963 0 676.93290315
18262.5 0 661.60278155
18627.749963 0 661.60278155
18627.75 0 653.364751625
18992.999963 0 653.364751625
18993 0 633.21013005
19358.249963 0 633.21013005
19358.25 0 611.81072985
19723.499963 0 611.81072985
19723.5 0 598.5973321
20088.749963 0 598.5973321
20088.75 0 585.606973825
20453.999963 0 585.606973825
20454 0 572.8599313
20819.249963 0 572.8599313
20819.25 0 560.356204525
21184.499963 0 560.356204525
21184.5 0 548.11606985
21549.749963 0 548.11606985
21549.75 0 536.1260097
21914.999963 0 536.1260097
21915 0 524.386024075
22280.249963 0 524.386024075
22280.25 0 512.90963055
22645.499963 0 512.90963055
22645.5 0 501.690070325
23010.749963 0 501.690070325
23010.75 0 490.720584625
23375.999963 0 490.720584625
23376 0 480.007932225
23741.249963 0 480.007932225
23741.25 0 469.545354375
24106.499963 0 469.545354375
24106.5 0 459.3260923
24471.749963 0 459.3260923
24471.75 0 449.350145975
24836.999963 0 449.350145975
24837 0 439.6175154
25202.249963 0 439.6175154
25202.25 0 430.12144185
25567.499963 0 430.12144185
25567.5 0 420.848407725
25932.749963 0 420.848407725
25932.75 0 411.805171825
26297.999963 0 411.805171825
26298 0 402.9782166
26663.249963 0 402.9782166
26663.25 0 394.381059625
27028.499963 0 394.381059625
27028.5 0 385.973148225
27393.749963 0 385.973148225
27393.75 0 377.81531135
27758.999963 0 377.81531135
27759 0 369.7723736
28124.249963 0 369.7723736
28124.25 0 362.0673744
28489.499963 0 362.0673744
28489.5 0 354.429962925
28854.749963 0 354.429962925
28854.75 0 347.062902275
29219.999963 0 347.062902275
29220 0 339.763429375
29585.249963 0 339.763429375
29585.25 0 332.801895
29950.499963 0 332.801895
29950.5 0 325.90794835
30315.749963 0 325.90794835
30315.75 0 319.21676485
30680.999963 0 319.21676485
30681 0 312.66075675
31046.249963 0 312.66075675
31046.25 0 306.375099525
31411.499963 0 306.375099525
31411.5 0 300.15703
31776.749963 0 300.15703
31776.75 0 294.0741359
32141.999963 0 294.0741359
32142 0 288.194004925
32507.249963 0 288.194004925
32507.25 0 282.4490494
32872.499963 0 282.4490494
32872.5 0 276.839269275
33237.749963 0 276.839269275
33237.75 0 271.4322523
33602.999963 0 271.4322523
33603 0 266.025235325
33968.249963 0 266.025235325
33968.25 0 260.8885692
34333.499963 0 260.8885692
34333.5 0 255.819490775
34698.749963 0 255.819490775
34698.75 0 250.818000075
35063.999963 0 250.818000075
35064 0 246.0868602175
35429.249963 0 246.0868602175
35429.25 0 241.3557203625
35794.499963 0 241.3557203625
35794.5 0 236.75975593
36159.749963 0 236.75975593
36159.75 0 232.298966925
36524.999963 0 232.298966925
36525 0 227.9733533425
36890.249963 0 227.9733533425
36890.25 0 223.71532747
37255.499963 0 223.71532747
37255.5 0 219.592477025
37620.749963 0 219.592477025
37620.75 0 215.5372142925
37985.999963 0 215.5372142925
37986 0 211.6171269825
38351.249963 0 211.6171269825
38351.25 0 207.764627385
38716.499963 0 207.764627385
38716.5 0 204.0473032125
39081.749963 0 204.0473032125
39081.75 0 200.3975667525
39446.999963 0 200.3975667525
39447 0 196.815418005
39812.249963 0 196.815418005
39812.25 0 193.30085697
40177.499963 0 193.30085697
40177.5 0 189.98905907
40542.749963 0 189.98905907
40542.75 0 186.6096734575
40907.999963 0 186.6096734575
40908 0 183.433050985
41273.249963 0 183.433050985
41273.25 0 180.25642851
41638.499963 0 180.25642851
41638.5 0 177.21498146
48213 0 132.94502995
57344.25 0 95.433849665
67206 0 72.048501235
80720.25 0 54.205345205
98252.25 0 42.3774955675
121628.25 0 34.9428472225
203809.5 0 28.85995312
381686.25 0 28.7923654075
384242.99996 0 29.1581108825
