0 0 690.414274325
365.2499635 0 690.414274325
365.25 0 693.070990125
730.4999635 0 693.070990125
730.5 0 696.10723675
1095.7499635 0 696.10723675
1095.75 0 699.49575885
1460.9999635 0 699.49575885
1461 0 703.194992
1826.2499635 0 703.194992
1826.25 0 707.1810878
2191.4999635 0 707.1810878
2191.5 0 711.42610945
2556.7499635 0 711.42610945
2556.75 0 715.8823601
2921.9999635 0 715.8823601
2922 0 720.529398275
3287.2499635 0 720.529398275
3287.25 0 725.319527025
3652.4999635 0 728.596851475
3652.5 0 733.511293625
4017.7499635 0 733.511293625
4017.75 0 738.46680355
4382.9999635 0 738.46680355
4383 0 743.41546885
4748.2499635 0 743.41546885
4748.25 0 748.295687875
5113.4999635 0 748.295687875
5113.5 0 753.0184805
5478.7499635 0 753.0184805
5478.75 0 757.529089675
5843.9999635 0 757.529089675
5844 0 761.76591375
6209.2499635 0 761.76591375
6209.25 0 765.653661875
6574.4999635 0 765.653661875
6574.5 0 769.158110875
6939.7499635 0 769.158110875
6939.75 0 772.224503775
7304.9999635 0 772.224503775
7305 0 774.818617375
7670.2499635 0 774.818617375
7670.25 0 776.919917875
8766 0 780.109514025
9861.749963 0 779.58247775
10957.499963 0 774.839151275
10957.5 0 772.238193025
11322.749963 0 772.238193025
11322.75 0 769.137577
11687.999963 0 769.137577
11688 0 765.564681725
12053.249963 0 765.564681725
12053.25 0 761.519507175
12418.499963 0 761.519507175
12418.5 0 757.022587275
12783.749963 0 757.022587275
12783.75 0 752.0807666
13148.999963 0 752.0807666
13149 0 746.71457905
13514.249963 0 746.71457905
13514.25 0 740.930869275
13879.499963 0 740.930869275
13879.5 0 734.750171125
14244.749963 0 734.750171125
14244.75 0 728.165639975
14609.999963 0 728.165639975
14610 0 721.17727585
14975.249963 0 721.17727585
14975.25 0 713.764544825
15340.499963 0 713.764544825
15340.5 0 705.9137577
15705.749963 0 705.9137577
15705.75 0 697.6112252
16070.999963 0 697.6112252
16071 0 688.82272415
16436.249963 0 688.82272415
16436.25 0 679.55509925
16801.499963 0 679.55509925
16801.5 0 668.924980175
17166.749963 0 668.924980175
17166.75 0 657.3444385
17531.999963 0 657.3444385
17532 0 644.259032075
17897.249963 0 644.259032075
17897.25 0 633.5938977
18262.499963 0 633.5938977
18262.5 0 621.059525575
18627.749963 0 621.059525575
18627.75 0 614.1678864
18992.999963 0 614.1678864
18993 0 596.65982205
19358.249963 0 596.65982205
19358.25 0 584.305270375
19723.499963 0 584.305270375
19723.5 0 571.820670775
20088.749963 0 571.820670775
20088.75 0 559.267624925
20453.999963 0 559.267624925
20454 0 546.680355925
20819.249963 0 546.680355925
20819.25 0 534.0862423
21184.499963 0 534.0862423
21184.5 0 521.519507175
21549.749963 0 521.519507175
21549.75 0 504.233728475
21914.999963 0 504.233728475
21915 0 491.927572375
22280.249963 0 491.927572375
22280.25 0 479.743460775
22645.499963 0 479.743460775
22645.5 0 467.681393725
23010.749963 0 467.681393725
23010.75 0 455.7549317
23375.999963 0 455.7549317
23376 0 444.0047562
23741.249963 0 444.0047562
23741.25 0 432.424086975
24106.499963 0 432.424086975
24106.5 0 421.0197043
24471.749963 0 421.0197043
24471.75 0 409.8119489
24836.999963 0 409.8119489
24837 0 398.80760105
25202.249963 0 398.80760105
25202.25 0 388.006660725
25567.499963 0 388.006660725
25567.5 0 377.4294687
25932.749963 0 377.4294687
25932.75 0 367.055684225
26297.999963 0 367.055684225
26298 0 356.905648025
26663.249963 0 356.905648025
26663.25 0 346.979360125
27028.499963 0 346.979360125
27028.5 0 337.283600775
27393.749963 0 337.283600775
27393.75 0 327.798029225
27758.999963 0 327.798029225
27759 0 318.54976645
28124.249963 0 318.54976645
28124.25 0 309.518471725
28489.499963 0 309.518471725
28489.5 0 300.710925275
28854.749963 0 300.710925275
28854.75 0 292.12712715
29219.999963 0 292.12712715
29220 0 283.7670773
29585.249963 0 283.7670773
29585.25 0 275.623995475
29950.499963 0 275.623995475
29950.5 0 267.697881725
30315.749963 0 267.697881725
30315.75 0 259.9751755
30680.999963 0 259.9751755
30681 0 252.4829978
31046.249963 0 252.4829978
31046.25 0 245.18744741
31411.499963 0 245.18744741
31411.5 0 238.108865055
31776.749963 0 238.108865055
31776.75 0 231.23369024
32141.999963 0 231.23369024
32142 0 224.54158221
32507.249963 0 224.54158221
32507.25 0 218.05966197
32872.499963 0 218.05966197
32872.5 0 211.7540282625
33237.749963 0 211.7540282625
33237.75 0 205.651802095
33602.999963 0 205.651802095
33603 0 199.71230196
33968.249963 0 199.71230196
33968.25 0 193.96264886
34333.499963 0 193.96264886
34333.5 0 188.3892822925
34698.749963 0 188.3892822925
34698.75 0 182.9786417575
35063.999963 0 182.9786417575
35064 0 177.737507505
35429.249963 0 177.737507505
35429.25 0 172.6590992825
35794.499963 0 172.6590992825
35794.5 0 167.7366368425
36159.749963 0 167.7366368425
36159.75 0 162.97012018
36524.999963 0 162.97012018
36525 0 158.352769045
36890.249963 0 158.352769045
36890.25 0 153.87780319
37255.499963 0 153.87780319
37255.5 0 149.54522261
37620.749963 0 149.54522261
37620.75 0 145.3482470575
37985.999963 0 145.3482470575
37986 0 141.2936567825
38351.249963 0 141.2936567825
38351.25 0 137.35433078
38716.499963 0 137.35433078
38716.5 0 133.5573900525
39081.749963 0 133.5573900525
39081.75 0 129.8757135975
39446.999963 0 129.8757135975
39447 0 126.309301415
39812.249963 0 126.309301415
39812.25 0 122.858153505
40177.499963 0 122.858153505
40177.5 0 119.515489615
40542.749963 0 119.515489615
40542.75 0 116.29487025
40907.999963 0 116.29487025
40908 0 113.16239415
41273.249963 0 113.16239415
41273.25 0 110.1451823225
41638.499963 0 110.1451823225
41638.5 0 107.2093335125
42003.749963 0 107.2093335125
42003.75 0 104.38196872
42368.999963 0 104.38196872
42369 0 101.6427471975
42734.249963 0 101.6427471975
42734.25 0 98.99166894
43099.499963 0 98.99166894
43099.5 0 96.4219536975
43464.749963 0 96.4219536975
43464.75 0 93.9403817225
43829.999963 0 93.9403817225
43830 0 91.5401727625
44195.249963 0 91.5401727625
44195.25 0 89.2145465675
44560.499963 0 89.2145465675
44560.5 0 86.9567228875
44925.749963 0 86.9567228875
44925.75 0 84.7870424725
45290.999963 0 84.7870424725
45291 0 82.6783843175
45656.249963 0 82.6783843175
45656.25 0 80.6307484275
46021.499963 0 80.6307484275
46021.5 0 78.66447555
46386.749963 0 78.66447555
46386.75 0 76.7456644325
46751.999963 0 76.7456644325
46752 0 74.89465583
47117.249963 0 74.89465583
47117.25 0 73.1046694875
47482.499963 0 73.1046694875
47482.5 0 71.3621449025
50769.75 0 57.991489345
54787.5 0 45.9633235425
59170.5 0 36.5997965025
67571.25 0 25.2903373375
79259.25 0 17.018430756
94599.75 0 11.72983474425
116149.5 0 8.305807839
200157 0 4.42072384575
381686.25 0 2.644298006
384242.99996 0 2.6694045175
