0 0 1.577189129625
1095.7499635 0 7.18875138225
3652.4999635 0 20.25174139875
3652.5 0 23.14909986275
4017.7499635 0 23.14909986275
4017.75 0 26.4044899275
4382.9999635 0 26.4044899275
4383 0 30.0643685075
4748.2499635 0 30.0643685075
4748.25 0 34.1509422825
5113.4999635 0 34.1509422825
5113.5 0 38.652018015
5478.7499635 0 38.652018015
5478.75 0 43.53210589
5843.9999635 0 43.53210589
5844 0 48.7524464
6209.2499635 0 48.7524464
6209.25 0 54.2852471375
6574.4999635 0 54.2852471375
6574.5 0 60.1198134725
6939.7499635 0 60.1198134725
6939.75 0 66.2621398475
7304.9999635 0 66.2621398475
7305 0 72.730141465
7670.2499635 0 72.730141465
7670.25 0 79.54793233
8035.499963 0 79.54793233
8035.5 0 86.7409206925
8400.749963 0 86.7409206925
8400.75 0 94.326613045
8765.999963 0 94.326613045
8766 0 102.3182925225
9131.249963 0 102.3182925225
9131.25 0 110.71800269
9496.499963 0 110.71800269
9496.5 0 119.5148445575
9861.749963 0 119.5148445575
9861.75 0 128.693832025
10226.999963 0 128.693832025
10227 0 138.233848315
10592.249963 0 138.233848315
10592.25 0 148.1124142725
10957.499963 0 148.1124142725
10957.5 0 158.30977549
11322.749963 0 158.30977549
11322.75 0 168.8068587475
11687.999963 0 168.8068587475
11688 0 179.5907215025
12053.249963 0 179.5907215025
12053.25 0 190.6531895175
12418.499963 0 190.6531895175
12418.5 0 201.986088555
12783.749963 0 201.986088555
12783.75 0 213.5826067475
13148.999963 0 213.5826067475
13149 0 225.43729461
13514.249963 0 225.43729461
13514.25 0 237.53993434
13879.499963 0 237.53993434
13879.5 0 249.881670515
14244.749963 0 249.881670515
14244.75 0 262.44206755
14609.999963 0 262.44206755
14610 0 275.18434135
14975.249963 0 275.18434135
14975.25 0 288.036967375
15340.499963 0 288.036967375
15340.5 0 300.8889122
15705.749963 0 300.8889122
15705.75 0 313.57873465
16070.999963 0 313.57873465
16071 0 325.920470825
16436.249963 0 325.920470825
16436.25 0 337.741099375
16801.499963 0 337.741099375
16801.5 0 349.941174025
17166.749963 0 349.941174025
17166.75 0 361.11664355
17531.999963 0 361.11664355
17532 0 369.12610895
17897.249963 0 369.12610895
17897.25 0 379.83774105
18262.499963 0 379.83774105
18262.5 0 390.154491275
18627.749963 0 390.154491275
18627.75 0 397.26625395
18992.999963 0 397.26625395
18993 0 406.326666275
19358.249963 0 406.326666275
19358.25 0 414.46298945
19723.499963 0 414.46298945
19723.5 0 421.33695595
20088.749963 0 421.33695595
20088.75 0 430.70738305
20453.999963 0 430.70738305
20454 0 439.0927883
20819.249963 0 439.0927883
20819.25 0 447.696173225
21184.499963 0 447.696173225
21184.5 0 456.531161525
21549.749963 0 456.531161525
21549.75 0 465.6045651
21914.999963 0 467.8439425
21915 0 477.17316905
22280.249963 0 477.17316905
22280.25 0 486.652977425
22645.499963 0 486.652977425
22645.5 0 496.249144425
23010.749963 0 496.249144425
23010.75 0 505.87268995
23375.999963 0 505.87268995
23376 0 515.42094455
23741.249963 0 515.42094455
23741.25 0 524.81177275
24106.499963 0 524.81177275
24106.5 0 533.908282
24471.749963 0 533.908282
24471.75 0 542.587269
24836.999963 0 542.587269
24837 0 550.691307325
25202.249963 0 550.691307325
25202.25 0 558.1451061
25567.499963 0 558.1451061
25567.5 0 564.852840525
25932.749963 0 564.852840525
25932.75 0 570.8145106
26297.999963 0 570.8145106
26298 0 576.00273785
26663.249963 0 576.00273785
26663.25 0 580.438056125
27028.499963 0 580.438056125
27028.5 0 584.1341547
27393.749963 0 584.1341547
27393.75 0 587.0841889
27758.999963 0 587.0841889
27759 0 589.3155373
29219.999963 0 592.0054757
31411.499963 0 583.5249829
31411.5 0 580.677618075
31776.749963 0 580.677618075
31776.75 0 577.4606434
32141.999963 0 577.4606434
32142 0 573.901437375
32507.249963 0 573.901437375
32507.25 0 570.0273785
32872.499963 0 570.0273785
32872.5 0 565.8658453
33237.749963 0 565.8658453
33237.75 0 561.430527025
33602.999963 0 561.430527025
33603 0 556.755646825
33968.249963 0 556.755646825
33968.25 0 551.86858315
34333.499963 0 551.86858315
34333.5 0 546.78986995
34698.749963 0 546.78986995
34698.75 0 541.5468857
35063.999963 0 541.5468857
35064 0 536.160164275
35429.249963 0 536.160164275
35429.25 0 530.6365503
35794.499963 0 530.6365503
35794.5 0 525.01026695
36159.749963 0 525.01026695
36159.75 0 519.2881588
36524.999963 0 519.2881588
36525 0 513.483915125
36890.249963 0 513.483915125
36890.25 0 507.618069825
37255.499963 0 507.618069825
37255.5 0 501.6974675
37620.749963 0 501.6974675
37620.75 0 495.7357974
37985.999963 0 495.7357974
37986 0 489.739904175
38351.249963 0 489.739904175
38351.25 0 483.723477075
38716.499963 0 483.723477075
38716.5 0 477.70020535
39081.749963 0 477.70020535
39081.75 0 471.670088975
39446.999963 0 471.670088975
39447 0 465.64681725
39812.249963 0 465.64681725
39812.25 0 459.63039015
40177.499963 0 459.63039015
40177.5 0 453.64134155
40542.749963 0 453.64134155
40542.75 0 447.6659822
40907.999963 0 447.6659822
40908 0 441.724846
41273.249963 0 441.724846
41273.25 0 435.82477755
41638.499963 0 435.82477755
41638.5 0 429.9520876
42003.749963 0 429.9520876
42003.75 0 424.1341547
42368.999963 0 424.1341547
42369 0 418.357289525
42734.249963 0 418.357289525
42734.25 0 412.62833675
43099.499963 0 412.62833675
43099.5 0 406.96783025
43464.749963 0 406.96783025
43464.75 0 401.348391525
43829.999963 0 401.348391525
43830 0 395.79739905
44195.249963 0 395.79739905
44195.25 0 390.308008225
44560.499963 0 390.308008225
44560.5 0 384.88706365
44925.749963 0 384.88706365
44925.75 0 379.5208761
45290.999963 0 379.5208761
45291 0 374.229979475
45656.249963 0 374.229979475
45656.25 0 369.0075291
46021.499963 0 369.0075291
46021.5 0 363.853524975
46386.749963 0 363.853524975
46386.75 0 358.76796715
46751.999963 0 358.76796715
46752 0 353.7577002
47117.249963 0 353.7577002
47117.25 0 348.82272415
47482.499963 0 348.82272415
47482.5 0 343.94934975
47847.749963 0 343.94934975
47847.75 0 339.1649555
48212.999963 0 339.1649555
48213 0 334.435318275
48578.249963 0 334.435318275
48578.25 0 329.7946612
48943.499963 0 329.7946612
48943.5 0 325.21560575
49308.749963 0 325.21560575
49308.75 0 320.718685825
49673.999963 0 320.718685825
49674 0 316.28336755
50039.249963 0 316.28336755
50039.25 0 311.9301848
50404.499963 0 311.9301848
50404.5 0 307.645448325
50769.749963 0 307.645448325
50769.75 0 303.4291581
51134.999963 0 303.4291581
51135 0 299.2881588
51500.249963 0 299.2881588
51500.25 0 295.208761125
51865.499963 0 295.208761125
51865.5 0 291.211498975
52230.749963 0 291.211498975
52230.75 0 287.275838475
52595.999963 0 287.275838475
52596 0 283.4017796
52961.249963 0 283.4017796
52961.25 0 279.603011625
53326.499963 0 279.603011625
53326.5 0 275.87268995
53691.749963 0 275.87268995
53691.75 0 272.19712525
54056.999963 0 272.19712525
54057 0 268.59000685
54422.249963 0 268.59000685
54422.25 0 265.0513347
54787.499963 0 265.0513347
54787.5 0 261.567419575
55152.749963 0 261.567419575
55152.75 0 258.151950725
55517.999963 0 258.151950725
55518 0 254.7980835
55883.249963 0 254.7980835
55883.25 0 251.492128675
56248.499963 0 251.492128675
56248.5 0 248.26146475
56613.749963 0 248.26146475
56613.75 0 245.0718685825
56978.999963 0 245.0718685825
56979 0 241.950718685
57344.249963 0 241.950718685
57344.25 0 238.8774811775
57709.499963 0 238.8774811775
57709.5 0 235.8658453125
58074.749963 0 235.8658453125
58074.75 0 232.9089664625
58439.999963 0 232.9089664625
58440 0 230.0
58805.249963 0 230.0
58805.25 0 227.1389459275
59170.499963 0 227.1389459275
59170.5 0 224.3394934975
59535.749963 0 224.3394934975
59535.75 0 221.58110883
59900.999963 0 221.58110883
59901 0 218.8774811775
60266.249963 0 218.8774811775
60266.25 0 216.221765915
60631.499963 0 216.221765915
60631.5 0 213.61396304
60996.749963 0 213.61396304
60996.75 0 211.047227925
61361.999963 0 211.047227925
61362 0 208.5284052025
61727.249963 0 208.5284052025
61727.25 0 203.05200032
62092.499963 0 203.05200032
62092.5 0 200.664343515
62457.749963 0 200.664343515
62457.75 0 198.310410675
62822.999963 0 198.310410675
62823 0 195.996946595
63188.249963 0 195.996946595
63188.25 0 193.7374408625
63553.499963 0 193.7374408625
63553.5 0 191.5049143025
63918.749963 0 191.5049143025
63918.75 0 189.319601295
64283.999963 0 189.319601295
64284 0 187.16126746
64649.249963 0 187.16126746
64649.25 0 185.05689197
71954.25 0 149.77487856
80355 0 121.8312001925
90216.75 0 100.6660390225
101539.5 0 86.1310096025
120532.5 0 72.371631405
184451.25 0 38.31042557
224628.75 0 21.7182342145
293295.75 0 5.3958345875
381686.25 0 0.269791729375
384242.99996 0 0.273785078725
