0 0 0.1296741739275
730.4999635 0 0.1486717462975
730.5 0 0.1565440237825
1095.7499635 0 0.1565440237825
1095.75 0 0.165472413565
1460.9999635 0 0.165472413565
1461 0 0.17547675195
1826.2499635 0 0.17547675195
1826.25 0 0.1864776937175
2191.4999635 0 0.1864776937175
2191.5 0 0.1983582730575
2556.7499635 0 0.1983582730575
2556.75 0 0.2109721117125
2921.9999635 0 0.2109721117125
2922 0 0.2241420509525
3287.2499635 0 0.2241420509525
3287.25 0 0.2376710957325
3652.4999635 0 0.2376710957325
3652.5 0 0.251343098725
4017.7499635 0 0.251343098725
4017.75 0 0.2649364405
4382.9999635 0 0.2649364405
4383 0 0.278229501625
4748.2499635 0 0.278229501625
4748.25 0 0.29102186705
5113.4999635 0 0.291214236825
5113.5 0 0.303333333325
5478.7499635 0 0.303333333325
5478.75 0 0.314624229975
5843.9999635 0 0.314624229975
5844 0 0.324963723475
6209.2499635 0 0.324963723475
6209.25 0 0.334247091025
6574.4999635 0 0.334247091025
6574.5 0 0.342386721425
6939.7499635 0 0.342386721425
6939.75 0 0.34930732375
7304.9999635 0 0.34930732375
7305 0 0.354942505125
9131.249963 0 0.36384668035
10592.249963 0 0.350235098375
10592.25 0 0.344035159425
10957.499963 0 0.344035159425
10957.5 0 0.33678368895
11322.749963 0 0.33678368895
11322.75 0 0.3286104214
11687.999963 0 0.3286104214
11688 0 0.319624606775
12053.249963 0 0.319624606775
12053.25 0 0.3099354951
12418.499963 0 0.3099354951
12418.5 0 0.2996181958
12783.749963 0 0.2996181958
12783.75 0 0.2887409901
13148.999963 0 0.2887409901
13149 0 0.27731070615
13514.249963 0 0.27731070615
13514.25 0 0.265388797075
13879.499963 0 0.265388797075
13879.5 0 0.25298891915
14244.749963 0 0.25298891915
14244.75 0 0.240281775525
14609.999963 0 0.240281775525
14610 0 0.2274107568575
14975.249963 0 0.2274107568575
14975.25 0 0.2145807069525
15340.499963 0 0.2145807069525
15340.5 0 0.20198281335
15705.749963 0 0.20198281335
15705.75 0 0.1897809510925
16070.999963 0 0.1897809510925
16071 0 0.1781185108375
16436.249963 0 0.1781185108375
16436.25 0 0.167091086355
16801.499963 0 0.167091086355
16801.5 0 0.1558273933775
17166.749963 0 0.1558273933775
17166.75 0 0.145430465785
17897.249963 0 0.1381867134225
17897.25 0 0.1285394834975
18262.499963 0 0.1285394834975
18262.5 0 0.119848908915
19358.249963 0 0.10806429196
19358.25 0 0.10153424274
20454 0 0.0879326145275
21184.499963 0 0.08417714489
21549.75 0 0.0775880027075
22280.25 0 0.0720845326575
23010.749963 0 0.0696673758375
24106.5 0 0.0618013739775
25202.25 0 0.0573426073
26298 0 0.05379198146
27393.75 0 0.050917340155
28489.499963 0 0.049305902275
30680.999963 0 0.045536776385
32507.25 0 0.0429420882725
36524.999963 0 0.0402381501325
40177.5 0 0.0386062278725
47847.749963 0 0.03747958698
55517.999963 0 0.0375888370075
59170.499963 0 0.037937071465
62822.999963 0 0.0384218684525
65379.749963 0 0.03885204043
67936.499963 0 0.0393436655475
72684.749963 0 0.0404020251725
77432.999963 0 0.04173853525
82181.249963 0 0.043127994525
87294.749963 0 0.0447433264875
92042.999963 0 0.0463586584525
96791.249963 0 0.04803559206
101539.49996 0 0.049760438055
106652.99996 0 0.0516495551
111401.24996 0 0.0533812457225
116149.49996 0 0.05507871321
120897.74996 0 0.05668035592
130394.25 0 0.05975359343
139890.75 0 0.06216974675
149752.49996 0 0.0639082819975
154500.74996 0 0.0644969199175
157057.49996 0 0.064729637235
159248.99996 0 0.0648802190275
160709.99996 0 0.0649623545525
161440.49996 0 0.0649965776875
161805.74996 0 0.0650034223125
162901.49996 0 0.0650376454475
163997.24996 0 0.065065023955
165458.24996 0 0.06507871321
166553.99996 0 0.0650718685825
167649.74996 0 0.06505817933
168745.49996 0 0.0650308008225
170206.49996 0 0.06498973306
171302.24996 0 0.0649281314175
173493.74996 0 0.0647912388775
174954.74996 0 0.064661190965
176050.49996 0 0.0645653661875
178241.99996 0 0.0643394934975
180433.49996 0 0.064052019165
182624.99996 0 0.0637303216975
184816.49996 0 0.0633675564675
186642.74996 0 0.06302532512
188834.24996 0 0.0625804243675
191025.74996 0 0.062108145105
195043.49996 0 0.061115674195
199426.49996 0 0.0598904859675
203444.24996 0 0.0586516084875
207462 0 0.057186858315
211479.75 0 0.0557837097875
215862.74996 0 0.0543052703625
219880.5 0 0.0526694045175
228281.24996 0 0.0495000012725
236681.99996 0 0.0460970470175
244717.5 0 0.042441262825
253118.25 0 0.0385463151825
261518.99996 0 0.03469920023
269919.74996 0 0.030674421
277955.25 0 0.026779473355
286356 0 0.02310318944025
294756.74996 0 0.01985739973775
303157.49996 0 0.01678244107225
311193 0 0.01404231123925
346622.24996 0 0.00608158491625
381686.25 0 0.002261802929525
384242.99996 0 0.00226557152635
