0 0 260.36680355
365.2499635 0 260.36680355
365.25 0 264.73134525
730.4999635 0 264.73134525
730.5 0 268.90844425
1095.7499635 0 268.90844425
1095.75 0 272.721603425
1460.9999635 0 272.721603425
1461 0 276.226234625
1826.2499635 0 276.226234625
1826.25 0 279.43123115
2191.4999635 0 279.580424375
2191.5 0 282.496919925
2556.7499635 0 282.496919925
2556.75 0 285.1245722
2921.9999635 0 285.1245722
2922 0 287.4640657
3287.2499635 0 287.4640657
3287.25 0 289.50924025
4383 0 293.825462
5478.75 0 295.298425725
6939.7499635 0 293.862423
8035.499963 0 289.55509925
8035.5 0 287.494866525
8400.749963 0 287.494866525
8400.75 0 285.14031485
8765.999963 0 285.14031485
8766 0 282.49828885
9131.249963 0 282.49828885
9131.25 0 279.548254625
9496.499963 0 279.548254625
9496.5 0 276.338124575
9861.749963 0 276.338124575
9861.75 0 272.833675575
10226.999963 0 272.833675575
10227 0 269.07597535
10592.249963 0 269.07597535
10592.25 0 265.058179325
10957.499963 0 265.058179325
10957.5 0 260.780287475
11322.749963 0 260.780287475
11322.75 0 256.276522925
11687.999963 0 256.276522925
11688 0 251.53319645
12053.249963 0 251.53319645
12053.25 0 246.577686515
12418.499963 0 246.577686515
12418.5 0 241.4168377825
12783.749963 0 241.4168377825
12783.75 0 236.0574948675
13148.999963 0 236.0574948675
13149 0 230.2731129425
13514.249963 0 230.2731129425
13514.25 0 224.5220976775
13879.499963 0 224.5220976775
13879.5 0 218.5522566275
14244.749963 0 218.5522566275
14244.75 0 212.3909430075
14609.999963 0 212.3909430075
14610 0 206.03131852
14975.249963 0 206.03131852
14975.25 0 199.50757469
15340.499963 0 199.50757469
15340.5 0 192.840226435
15705.749963 0 192.840226435
15705.75 0 186.05662698
16070.999963 0 186.05662698
16071 0 179.2114827725
16436.249963 0 179.2114827725
16436.25 0 172.332147035
16801.499963 0 172.332147035
16801.5 0 164.827362965
17166.749963 0 164.827362965
17166.75 0 157.2781276675
17531.999963 0 157.2781276675
17532 0 151.7138870075
17897.249963 0 151.7138870075
17897.25 0 143.830088035
18262.499963 0 143.830088035
18262.5 0 136.0731553825
18627.749963 0 136.0731553825
18627.75 0 130.189624935
18992.999963 0 130.189624935
18993 0 124.4233124725
19358.249963 0 124.4233124725
19358.25 0 117.3795208075
19723.499963 0 117.3795208075
19723.5 0 111.63534385
20088.749963 0 111.63534385
20088.75 0 106.09631607
20453.999963 0 106.09631607
20454 0 100.75559916
20819.249963 0 100.75559916
20819.25 0 95.640546345
21184.499963 0 95.640546345
21184.5 0 90.716966095
21549.749963 0 90.716966095
21549.75 0 86.01904994
21914.999963 0 86.01904994
21915 0 81.5194446575
22280.249963 0 81.5194446575
22280.25 0 77.218150245
22645.499963 0 77.218150245
22645.5 0 73.128843315
23010.749963 0 73.128843315
23010.75 0 69.224170645
23375.999963 0 69.224170645
23376 0 65.5178088475
23741.249963 0 65.5178088475
23741.25 0 61.989243
24106.499963 0 61.989243
24106.5 0 58.645311415
24471.749963 0 58.645311415
24471.75 0 55.4723374775
24836.999963 0 55.4723374775
24837 0 52.46348288
25202.249963 0 52.46348288
25202.25 0 49.6050710125
25567.499963 0 49.6050710125
25567.5 0 46.9107784875
25932.749963 0 46.9107784875
25932.75 0 44.360090385
26297.999963 0 44.360090385
26298 0 41.9461684025
26663.249963 0 41.9461684025
26663.25 0 39.6621742325
27028.499963 0 39.6621742325
27028.5 0 37.5012695675
27393.749963 0 37.5012695675
27393.75 0 35.4702927125
27758.999963 0 35.4702927125
27759 0 33.548728755
28854.749963 0 30.02016291
29585.25 0 25.438497955
31411.5 0 19.393435538
32872.499963 0 16.54186197675
33968.249963 0 14.14845491125
36159.75 0 9.9360584755
39081.75 0 6.769922843
42003.75 0 4.7047544605
48213 0 2.325024006675
54422.25 0 1.23773336825
60631.5 0 0.7043455079
66840.749963 0 0.430813271825
78894 0 0.17095764755
94599.749963 0 0.06838305902
109940.25 0 0.0273532236075
140986.5 0 0.0
381686.24996 0 0.006838305902
381686.25 0 0.0
384242.99996 0 0.0
