0 0 0.0066367820895
365.2499635 0 0.0066367820895
365.25 0 0.00636373684775
730.4999635 0 0.00636373684775
730.5 0 0.00610984256725
1095.7499635 0 0.00610984256725
1095.75 0 0.00587809673
1460.9999635 0 0.00587809673
1461 0 0.0056591364915
1826.2499635 0 0.0056591364915
1826.25 0 0.005447460752
2191.4999635 0 0.005447460752
2191.5 0 0.005238940257
2556.7499635 0 0.0052277891855
2556.75 0 0.005020054757
2921.9999635 0 0.005020054757
2922 0 0.00481108829575
3287.2499635 0 0.00481108829575
3287.25 0 0.0046013689255
3652.4999635 0 0.0046013689255
3652.5 0 0.00439178644775
4017.7499635 0 0.00439178644775
4017.75 0 0.00418459958925
4382.9999635 0 0.00418459958925
4383 0 0.00398151950725
4748.2499635 0 0.00398151950725
4748.25 0 0.00378459958925
5113.4999635 0 0.00378459958925
5113.5 0 0.00359411362075
5478.7499635 0 0.00359411362075
5478.75 0 0.0034097878165
5843.9999635 0 0.0034097878165
5844 0 0.00323080082125
6209.2499635 0 0.00323080082125
6209.25 0 0.00305639972625
6574.4999635 0 0.00305639972625
6574.5 0 0.0028866529775
6939.7499635 0 0.0028866529775
6939.75 0 0.00272224503775
7304.9999635 0 0.00272224503775
7305 0 0.00256379192325
7670.2499635 0 0.00256379192325
7670.25 0 0.0024119780972
8035.499963 0 0.0024119780972
8035.5 0 0.002267008898025
8400.749963 0 0.002267008898025
8400.75 0 0.00212854209445
8765.999963 0 0.00212854209445
8766 0 0.0019963723477
9131.249963 0 0.0019963723477
9131.25 0 0.001869678302525
9496.499963 0 0.001869678302525
9496.5 0 0.001748117727575
9861.749963 0 0.001748117727575
9861.75 0 0.00163127994525
10226.999963 0 0.00163127994525
10227 0 0.001518891170425
10592.249963 0 0.001518891170425
10592.25 0 0.00141074606435
10957.499963 0 0.00141074606435
10957.5 0 0.0013067761807
11322.749963 0 0.0013067761807
11322.75 0 0.0012069815195
11687.999963 0 0.0012069815195
11688 0 0.001111430527025
12053.249963 0 0.001111430527025
12053.25 0 0.00102019164955
12418.499963 0 0.00102019164955
12418.5 0 0.0009331964408
12783.749963 0 0.0009331964408
12783.75 0 0.00085065023955
13148.999963 0 0.00085065023955
13149 0 0.00077234770705
13514.249963 0 0.00077234770705
13514.25 0 0.000698494182075
13879.499963 0 0.000698494182075
13879.5 0 0.0006288843258
14244.749963 0 0.0006288843258
14244.75 0 0.00056351813825
14609.999963 0 0.00056351813825
14610 0 0.000502532511975
14975.249963 0 0.000502532511975
14975.25 0 0.0004460643395
15340.499963 0 0.0004460643395
15340.5 0 0.0003941136208
15705.749963 0 0.0003941136208
15705.75 0 0.0003467488022
16070.999963 0 0.0003467488022
16071 0 0.00030396988365
16436.249963 0 0.00030396988365
16436.25 0 0.00026557152635
16801.499963 0 0.00026557152635
16801.5 0 0.000228488884715
17166.749963 0 0.000228488884715
17166.75 0 0.0001963919174
17897.249963 0 0.000174982305345
17897.25 0 0.000147775496235
18262.499963 0 0.000147775496235
18262.5 0 0.0001247410413625
18627.749963 0 0.0001247410413625
18627.75 0 0.000109852916515
18992.999963 0 0.000109852916515
18993 0 9.62068634775e-05
19358.249963 0 9.62068634775e-05
19358.25 0 8.14510609175e-05
20088.75 0 6.194387406e-05
24837 0 1.293634496925e-05
36159.75 0 3.01163586575e-06
58439.999963 0 1.984941820675e-06
69397.5 0 1.779603011625e-06
74876.25 0 1.71115674195e-06
77798.249963 0 1.71115674195e-06
79259.249963 0 1.71115674195e-06
79989.749963 0 1.71115674195e-06
80354.999963 0 1.642710472275e-06
80355 0 1.71115674195e-06
86198.999963 0 1.6437455881e-06
91677.749963 0 1.6437455881e-06
102635.24996 0 1.575256188575e-06
124550.24996 0 1.575256188575e-06
168745.49996 0 1.9861925856e-06
190660.49996 0 2.397128982625e-06
201617.99996 0 2.73957598025e-06
212575.49996 0 3.28749117625e-06
219149.99996 0 3.83540637225e-06
222437.24996 0 4.10936397025e-06
225359.24996 0 4.45181096775e-06
231933.74996 0 5.41066256075e-06
238142.99996 0 6.57498235225e-06
244717.49996 0 8.424196139e-06
250926.74996 0 1.0752835722e-05
254213.99996 0 1.225960251125e-05
257135.99996 0 1.383485869975e-05
260423.24996 0 1.595803008425e-05
263345.24996 0 1.8081201469e-05
268093.49996 0 2.232754423825e-05
272841.74996 0 2.76697174e-05
277589.99996 0 3.438167855e-05
281972.99996 0 4.19155124975e-05
286355.99996 0 5.102460263e-05
290373.74996 0 6.09555655575e-05
294756.74996 0 7.35576150675e-05
298774.49996 0 8.67075797725e-05
302426.99996 0 0.000100131502075
305714.25 0 0.0001149252123675
309366.74996 0 0.0001293079862625
312654 0 0.00014629335734
316306.49996 0 0.0001624568556225
319593.75 0 0.0001810859722875
323246.24996 0 0.0001983453009625
326533.5 0 0.0002177962904225
340413 0 0.000288637919225
354292.5 0 0.0003417522245
368537.24996 0 0.000361327857625
381686.25 0 0.000340779280875
384242.99996 0 0.00034072553045
