0 0 2.08201811195
365.2499635 0 2.08201811195
365.25 0 2.108323206825
730.4999635 0 2.108323206825
730.5 0 2.13570543535
1095.7499635 0 2.13570543535
1095.75 0 2.163209603575
1460.9999635 0 2.163209603575
1461 0 2.19113378615
1826.2499635 0 2.19113378615
1826.25 0 2.219491532
2191.4999635 0 2.219491532
2191.5 0 2.248269292225
2556.7499635 0 2.248269292225
2556.75 0 2.277460292425
2921.9999635 0 2.277460292425
2922 0 2.307064532575
3287.2499635 0 2.307064532575
3287.25 0 2.337054915
3652.4999635 0 2.337054915
3652.5 0 2.36742466525
4017.7499635 0 2.36742466525
4017.75 0 2.3981602345
4382.9999635 0 2.3981602345
4383 0 2.429234525025
4748.2499635 0 2.429234525025
4748.25 0 2.46062043915
5113.4999635 0 2.46062043915
5113.5 0 2.492317976825
5478.7499635 0 2.492317976825
5478.75 0 2.52426616825
5843.9999635 0 2.52426616825
5844 0 2.5564514645
6209.2499635 0 2.5564514645
6209.25 0 2.58882644475
6574.4999635 0 2.58882644475
6574.5 0 2.62136401125
6939.7499635 0 2.62136401125
6939.75 0 2.65398964525
7304.9999635 0 2.65398964525
7305 0 2.68666270025
7670.2499635 0 2.68666270025
7670.25 0 2.719315432
8035.499963 0 2.719315432
8035.5 0 2.75188687075
8400.749963 0 2.75188687075
8400.75 0 2.7843363695
8765.999963 0 2.7843363695
8766 0 2.8164674705
9131.249963 0 2.8164674705
9131.25 0 2.8483750155
9496.499963 0 2.8483750155
9496.5 0 2.879943839
10226.999963 0 2.91103845275
10227 0 2.9415911125
10592.249963 0 2.9415911125
10592.25 0 2.971805051
10957.499963 0 2.971805051
10957.5 0 3.00113831425
11322.749963 0 3.00113831425
11322.75 0 3.0299973675
11687.999963 0 3.0299973675
11688 0 3.05817897825
12053.249963 0 3.05817897825
12053.25 0 3.08561540225
12418.499963 0 3.08561540225
12418.5 0 3.11230663925
12783.749963 0 3.11230663925
12783.75 0 3.138117201
14610 0 3.289322382
19358.25 0 3.499247091
24836.999963 0 3.5506502395
30680.999963 0 3.42491444225
36524.999963 0 3.11937029425
36525 0 3.094661191
36890.249963 0 3.094661191
36890.25 0 3.06899383975
37255.499963 0 3.06899383975
37255.5 0 3.04284736475
37620.749963 0 3.04284736475
37620.75 0 3.016016427
37985.999963 0 3.016016427
37986 0 2.988569473
38351.249963 0 2.988569473
38351.25 0 2.9605065025
38716.499963 0 2.9605065025
38716.5 0 2.931964408
39081.749963 0 2.931964408
39081.75 0 2.902806297
39446.999963 0 2.902806297
39447 0 2.873100616
39812.249963 0 2.873100616
39812.25 0 2.842915811
40177.499963 0 2.842915811
40177.5 0 2.812183436
40542.749963 0 2.812183436
40542.75 0 2.7811088295
40907.999963 0 2.7811088295
40908 0 2.74941820675
41273.249963 0 2.74941820675
41273.25 0 2.71759069125
41638.499963 0 2.71759069125
41638.5 0 2.68507871325
42003.749963 0 2.68507871325
42003.75 0 2.613956863
42368.999963 0 2.613956863
42369 0 2.581310226
42734.249963 0 2.581310226
42734.25 0 2.5485286855
43099.499963 0 2.5485286855
43099.5 0 2.5154098865
43464.749963 0 2.5154098865
43464.75 0 2.482156183975
43829.999963 0 2.482156183975
43830 0 2.448565222825
44195.249963 0 2.448565222825
44195.25 0 2.414906809925
44560.499963 0 2.414906809925
44560.5 0 2.381113493575
44925.749963 0 2.381113493575
44925.75 0 2.3472527255
45290.999963 0 2.3472527255
45291 0 2.313257053975
45656.249963 0 2.313257053975
45656.25 0 2.27926138245
46021.499963 0 2.27926138245
46021.5 0 2.245198259175
46386.749963 0 2.245198259175
46386.75 0 2.211270039375
46751.999963 0 2.211270039375
46752 0 2.177206916125
47117.249963 0 2.177206916125
47117.25 0 2.143413599775
47482.499963 0 2.143413599775
47482.5 0 2.109620283425
47847.749963 0 2.109620283425
47847.75 0 2.075826967075
48212.999963 0 2.075826967075
48213 0 2.04230345765
48578.249963 0 2.04230345765
48578.25 0 2.008982303425
48943.499963 0 2.008982303425
48943.5 0 1.975796052625
49308.749963 0 1.975796052625
49308.75 0 1.94281215705
49673.999963 0 1.94281215705
49674 0 1.9099631649
50039.249963 0 1.9099631649
50039.25 0 1.87751888315
50404.499963 0 1.87751888315
50404.5 0 1.84520950485
50769.749963 0 1.84520950485
50769.75 0 1.8132373852
51134.999963 0 1.8132373852
51135 0 1.78153507245
51500.249963 0 1.78153507245
51500.25 0 1.75017001835
51865.499963 0 1.75017001835
51865.5 0 1.7191422229
52230.749963 0 1.7191422229
52230.75 0 1.688384234375
52595.999963 0 1.688384234375
52596 0 1.6579635045
52961.249963 0 1.6579635045
52961.25 0 1.62788003325
53326.499963 0 1.62788003325
53326.5 0 1.5982012724
53691.749963 0 1.5982012724
53691.75 0 1.568859770175
54056.999963 0 1.568859770175
54057 0 1.53992297835
54422.249963 0 1.53992297835
54422.25 0 1.51132344515
54787.499963 0 1.51132344515
54787.5 0 1.48319607405
55152.749963 0 1.48319607405
55152.75 0 1.4553385099
55517.999963 0 1.4553385099
55518 0 1.4278856561
55883.249963 0 1.4278856561
55883.25 0 1.4009049644
56248.499963 0 1.4009049644
56248.5 0 1.37426153135
56613.749963 0 1.37426153135
56613.75 0 1.3480902604
56978.999963 0 1.3480902604
56979 0 1.322256248125
57344.249963 0 1.322256248125
57344.25 0 1.2968269462
57709.499963 0 1.2968269462
57709.5 0 1.27180235465
58074.749963 0 1.27180235465
58074.75 0 1.2472499252
58439.999963 0 1.2472499252
58440 0 1.2229673027
59170.5 0 1.175751092225
64649.25 0 0.87053201745
70493.25 0 0.62844776125
77067.75 0 0.43486129835
84372.75 0 0.28903065975
93138.75 0 0.176723530585
112497 0 0.0585481009725
142447.5 0 0.00971304900925
381686.25 0 6.745172923e-05
384242.99996 0 6.84462696775e-05
