0 0 1.7447227599749998e-16
18262.499963 0 1.1610882957e-07
38351.249963 0 3.858384668e-08
78528.749963 0 1.704312115e-09
158883.74996 0 1.848049281325e-10
239238.74996 0 2.1902806297e-10
279416.24996 0 2.005475701575e-09
299504.99996 0 3.11909650925e-08
309731.99996 0 1.50595482545e-07
314845.49996 0 3.28761122525e-07
317402.24996 0 4.83572895275e-07
319593.74996 0 6.71122518825e-07
321785.24996 0 9.2859000685e-07
323976.74996 0 1.2806365503e-06
326168.24996 0 1.760020533875e-06
328359.74996 0 2.410034223125e-06
330551.24996 0 3.28756331275e-06
332742.74996 0 4.4671457905e-06
334934.24996 0 6.04537987675e-06
336760.49996 0 7.75448323075e-06
339317.24996 0 1.093483915125e-05
341873.99996 0 1.53305954825e-05
342604.49996 0 1.686632443525e-05
342969.74996 0 1.7687816564e-05
343334.99996 0 1.854702258725e-05
344430.74996 0 2.136810403825e-05
346987.49996 0 2.960862423e-05
348813.74996 0 3.72416153325e-05
350639.99996 0 4.670294319e-05
353927.24996 0 6.96646132775e-05
359771.24996 0 0.00013850787132
359771.25 0 0.0001444435318275
360136.49996 0 0.0001444435318275
360136.5 0 0.0001506146475025
360501.74996 0 0.0001506146475025
360501.75 0 0.0001570321697475
360866.99996 0 0.0001570321697475
360867 0 0.000163704312115
361232.24996 0 0.000163704312115
361232.25 0 0.0001706399726225
361597.49996 0 0.0001706399726225
361597.5 0 0.0001778494182075
361962.74996 0 0.0001778494182075
361962.75 0 0.000185341546885
362327.99996 0 0.000185341546885
362328 0 0.000193127994525
362693.24996 0 0.000193127994525
362693.25 0 0.0002012183436
363058.49996 0 0.0002012183436
363058.5 0 0.000209622861055
363423.74996 0 0.000209622861055
363423.75 0 0.0002183545516775
363788.99996 0 0.0002183545516775
363789 0 0.0002274243668725
364154.24996 0 0.0002274243668725
364154.25 0 0.0002368432580425
364519.49996 0 0.0002368432580425
364519.5 0 0.0002466249144425
364884.74996 0 0.0002466249144425
364884.75 0 0.000256780971925
365249.99996 0 0.000256780971925
365250 0 0.00026732580425
365615.24996 0 0.00026732580425
365615.25 0 0.000278273100625
365980.49996 0 0.000278273100625
365980.5 0 0.000289637234775
366345.74996 0 0.000289637234775
366345.75 0 0.0003014236824
366710.99996 0 0.0003014236824
366711 0 0.00031366872005
367076.24996 0 0.00031366872005
367076.25 0 0.00032635865845
367441.49996 0 0.00032635865845
367441.5 0 0.00033954141
367806.74996 0 0.00033954141
367806.75 0 0.000353203285425
368171.99996 0 0.000353203285425
368172 0 0.0003673853525
368537.24996 0 0.0003673853525
368537.25 0 0.000382087611225
368902.49996 0 0.000382087611225
368902.5 0 0.0003973374401
369267.74996 0 0.0003973374401
369267.75 0 0.0004131485284
369632.99996 0 0.0004131485284
369633 0 0.000429548254625
369998.24996 0 0.000429548254625
369998.25 0 0.00044653661875
370363.49996 0 0.00044653661875
370363.5 0 0.0004641615332
370728.74996 0 0.0004641615332
370728.75 0 0.00048242299795
371093.99996 0 0.00048242299795
371094 0 0.000501348391525
371459.24996 0 0.000501348391525
371459.25 0 0.000520958247775
371824.49996 0 0.000520958247775
371824.5 0 0.00054127994525
372189.74996 0 0.00054127994525
372189.75 0 0.0005623340178
372554.99996 0 0.0005623340178
372555 0 0.00058414784395
372920.24996 0 0.00058414784395
372920.25 0 0.000606735112925
373285.49996 0 0.000606735112925
373285.5 0 0.0006301300479
373650.74996 0 0.0006301300479
373650.75 0 0.000654366872
374015.99996 0 0.000654366872
374016 0 0.000679445585225
374381.24996 0 0.000679445585225
374381.25 0 0.0007054346338
374746.49996 0 0.0007054346338
374746.5 0 0.00073232032855
375111.74996 0 0.00073232032855
375111.75 0 0.000760157426425
375476.99996 0 0.000760157426425
375477 0 0.0007888188514
375842.24996 0 0.0007888188514
375842.25 0 0.00081863505295
376207.49996 0 0.00081863505295
376207.5 0 0.000849484590825
376572.74996 0 0.000849484590825
376572.75 0 0.000881401681475
376937.99996 0 0.000881401681475
376938 0 0.000914441071225
377303.24996 0 0.000914441071225
377303.25 0 0.000948595916725
377668.49996 0 0.000948595916725
377668.5 0 0.000983941494175
378033.74996 0 0.000983941494175
378033.75 0 0.001020498333425
378398.99996 0 0.001020498333425
378399 0 0.00105829380765
378764.24996 0 0.00105829380765
378764.25 0 0.001097389506375
379129.49996 0 0.001097389506375
379129.5 0 0.001137799116225
379494.74996 0 0.001137799116225
379494.75 0 0.00117959107005
379859.99996 0 0.00117959107005
379860 0 0.001222779054425
380225.24996 0 0.001222779054425
380225.25 0 0.001267431502225
380590.49996 0 0.001267431502225
380590.5 0 0.001313568943325
380955.74996 0 0.001313568943325
380955.75 0 0.00136125981055
381320.99996 0 0.00136125981055
381321 0 0.0014105314771
381686.24996 0 0.0014105314771
381686.25 0 0.001461438689225
384242.99996 0 0.001461724846
