0 0 2501.83436
365.2499635 0 2501.83436
365.25 0 2443.092497975
730.4999635 0 2443.092497975
730.5 0 2394.1625586
1095.7499635 0 2394.1625586
1095.75 0 2348.694180375
1460.9999635 0 2348.694180375
1461 0 2309.957676125
1826.2499635 0 2309.957676125
1826.25 0 2271.15674195
2191.4999635 0 2271.15674195
2191.5 0 2238.535249825
4017.75 0 2121.211498975
6939.7499635 0 2000.403833
11688 0 1643.46338125
15340.5 0 1460.5065024
22280.249963 0 1282.95687885
28854.75 0 1093.36071185
35794.499963 0 907.255304575
42369 0 745.92744695
52230.75 0 588.980150575
63918.75 0 479.534565375
84738 0 390.349075975
92408.25 0 375.701574275
100078.5 0 366.529774125
102269.99996 0 364.955509925
103365.74996 0 364.1341547
103730.99996 0 363.8603696
104096.24996 0 363.6550308
105922.5 0 362.21765915
107748.75 0 361.25941135
115419 0 358.726899375
123819.75 0 362.30498665
128202.74996 0 362.512730325
132220.5 0 362.9974656
136603.49996 0 363.68994455
138794.99996 0 364.036184025
140621.25 0 364.5209193
145004.24996 0 365.421141925
149021.99996 0 366.39061245
157422.74996 0 368.675793
165823.49996 0 371.030221425
174224.24996 0 373.31540195
182259.74996 0 375.6005825
215497.49996 0 384.810552525
248735.24996 0 395.751719925
381686.25 0 410.1300479
384242.99996 0 410.1300479
