0 0 1.335544683075e-10
1826.2499635 0 1.12500559685e-08
2921.9999635 0 3.28150554125e-08
2922 0 4.56290051275e-08
3287.2499635 0 4.56290051275e-08
3287.25 0 6.26108573075e-08
3652.4999635 0 6.26108573075e-08
3652.5 0 8.480196058e-08
4017.7499635 0 8.480196058e-08
4017.75 0 1.13402004415e-07
4382.9999635 0 1.13402004415e-07
4383 0 1.49765562195e-07
4748.2499635 0 1.49765562195e-07
4748.25 0 1.953883990775e-07
5113.4999635 0 1.953883990775e-07
5113.5 0 2.51885306975e-07
5478.7499635 0 2.51885306975e-07
5478.75 0 3.20955399775e-07
5843.9999635 0 3.20955399775e-07
5844 0 4.0433785095e-07
6209.2499635 0 4.0433785095e-07
6209.25 0 5.03756379575e-07
6574.4999635 0 5.03756379575e-07
6574.5 0 6.20852009525e-07
6939.7499635 0 6.20852009525e-07
6939.75 0 7.57117320175e-07
7304.9999635 0 7.57117320175e-07
7305 0 9.13809006425e-07
7670.2499635 0 9.13809006425e-07
7670.25 0 1.0918807736e-06
8035.499963 0 1.0918807736e-06
8035.5 0 1.291900642375e-06
8400.749963 0 1.291900642375e-06
8400.75 0 1.5139919776e-06
8765.999963 0 1.5139919776e-06
8766 0 1.7577731616e-06
9131.249963 0 1.7577731616e-06
9131.25 0 2.022309468225e-06
9496.499963 0 2.022309468225e-06
9496.5 0 2.30612323035e-06
9861.749963 0 2.30612323035e-06
9861.75 0 2.60716062625e-06
10226.999963 0 2.60716062625e-06
10227 0 2.92281879275e-06
10592.249963 0 2.92281879275e-06
10592.25 0 3.25004072125e-06
10957.499963 0 3.25004072125e-06
10957.5 0 3.5852881445e-06
11322.749963 0 3.5852881445e-06
11322.75 0 3.924731329e-06
11687.999963 0 3.924731329e-06
11688 0 4.264255853e-06
12053.249963 0 4.264255853e-06
12053.25 0 4.59961850725e-06
12418.499963 0 4.59961850725e-06
12418.5 0 4.92656252575e-06
12783.749963 0 4.92656252575e-06
12783.75 0 5.24089892575e-06
13148.999963 0 5.24089892575e-06
13149 0 5.5386285165e-06
13514.249963 0 5.5386285165e-06
13514.25 0 5.81604357325e-06
13879.499963 0 5.8729637235e-06
13879.5 0 6.12923340175e-06
14244.749963 0 6.12923340175e-06
14244.75 0 6.35866529775e-06
14609.999963 0 6.35866529775e-06
14610 0 6.5590006845e-06
14975.249963 0 6.5590006845e-06
14975.25 0 6.72813141675e-06
15340.499963 0 6.72813141675e-06
15340.5 0 6.86495551e-06
15705.749963 0 6.86495551e-06
15705.75 0 6.968514716e-06
16070.999963 0 6.968514716e-06
16071 0 7.03867214225e-06
16436.249963 0 7.03867214225e-06
16436.25 0 7.075633128e-06
16801.5 0 7.07896242775e-06
17166.749963 0 7.07896242775e-06
17166.75 0 7.0386677525e-06
17531.999963 0 7.0386677525e-06
17532 0 6.98805086025e-06
17897.249963 0 6.98805086025e-06
17897.25 0 6.8854209445e-06
18262.499963 0 6.8854209445e-06
18262.5 0 6.74187691175e-06
18627.749963 0 6.74187691175e-06
18627.75 0 6.62766449825e-06
18992.999963 0 6.62766449825e-06
18993 0 6.43634496925e-06
19358.249963 0 6.43634496925e-06
19358.25 0 6.25325119775e-06
19723.499963 0 6.25325119775e-06
19723.5 0 6.05503080075e-06
20088.749963 0 6.05503080075e-06
20088.75 0 5.84435318275e-06
20453.999963 0 5.84435318275e-06
20454 0 5.50637325175e-06
21184.499963 0 5.4934214095e-06
21184.5 0 5.14209445575e-06
21549.749963 0 5.14209445575e-06
21549.75 0 4.90540725525e-06
21914.999963 0 4.90540725525e-06
21915 0 4.668035592e-06
22280.249963 0 4.668035592e-06
22280.25 0 4.4316221765e-06
22645.499963 0 4.4316221765e-06
22645.5 0 4.197741273e-06
23010.749963 0 4.197741273e-06
23010.75 0 3.96783025325e-06
23375.999963 0 3.96783025325e-06
23376 0 3.74298425725e-06
23741.249963 0 3.74298425725e-06
23741.25 0 3.524366872e-06
24106.499963 0 3.524366872e-06
24106.5 0 3.3125941135e-06
24471.749963 0 3.3125941135e-06
24471.75 0 3.0529380925e-06
24836.999963 0 3.0529380925e-06
24837 0 2.86033960675e-06
25202.249963 0 2.86033960675e-06
25202.25 0 2.67587529775e-06
25567.499963 0 2.67587529775e-06
25567.5 0 2.500015738e-06
25932.749963 0 2.500015738e-06
25932.75 0 2.33262647805e-06
26297.999963 0 2.33262647805e-06
26298 0 2.173841967225e-06
26663.249963 0 2.173841967225e-06
26663.25 0 2.023796654725e-06
27028.499963 0 2.023796654725e-06
27028.5 0 1.8820199683e-06
27393.749963 0 1.8820199683e-06
27393.75 0 1.748511907975e-06
27758.999963 0 1.748511907975e-06
27759 0 1.623138024525e-06
28124.249963 0 1.623138024525e-06
28124.25 0 1.50542774575e-06
28489.499963 0 1.50542774575e-06
28489.5 0 1.39517939785e-06
28854.749963 0 1.39517939785e-06
28854.75 0 1.292191307e-06
29219.999963 0 1.292191307e-06
29220 0 1.195992900975e-06
29585.249963 0 1.195992900975e-06
29585.25 0 1.1064497306e-06
29950.499963 0 1.1064497306e-06
29950.5 0 1.023292897475e-06
30315.749963 0 1.023292897475e-06
30315.75 0 9.46051829325e-07
30680.999963 0 9.46051829325e-07
30681 0 8.74323178575e-07
31046.249963 0 8.74323178575e-07
31046.25 0 8.07770822225e-07
31411.499963 0 8.07770822225e-07
31411.5 0 7.4612586185e-07
31776.749963 0 7.4612586185e-07
31776.75 0 6.89052174425e-07
32141.999963 0 6.89052174425e-07
32142 0 6.3634808615e-07
32507.249963 0 6.3634808615e-07
32507.25 0 5.87475800225e-07
32872.499963 0 5.87475800225e-07
32872.5 0 5.42569765825e-07
33237.749963 0 5.42569765825e-07
33237.75 0 5.0095773695e-07
33602.999963 0 5.0095773695e-07
33603 0 4.626397136e-07
33968.249963 0 4.626397136e-07
33968.25 0 4.2734679735e-07
34333.499963 0 4.2734679735e-07
34333.5 0 3.948773144e-07
34698.749963 0 3.948773144e-07
34698.75 0 3.64962366325e-07
35063.999963 0 3.64962366325e-07
35064 0 3.3740027935e-07
35429.249963 0 3.3740027935e-07
35429.25 0 3.1212382885e-07
35794.499963 0 3.1212382885e-07
35794.5 0 2.88864116425e-07
36159.749963 0 2.88864116425e-07
36159.75 0 2.67486692875e-07
36524.999963 0 2.67486692875e-07
36525 0 2.478571089825e-07
36890.249963 0 2.478571089825e-07
36890.25 0 2.29840915545e-07
37255.499963 0 2.29840915545e-07
37255.5 0 2.132364387575e-07
37620.749963 0 2.132364387575e-07
37620.75 0 1.9811090322e-07
37985.999963 0 1.9811090322e-07
37986 0 1.841954105275e-07
38351.249963 0 1.841954105275e-07
38351.25 0 1.713555114725e-07
38716.499963 0 1.713555114725e-07
38716.5 0 1.596584306575e-07
39081.749963 0 1.596584306575e-07
39081.75 0 1.489024942775e-07
39446.999963 0 1.489024942775e-07
39447 0 1.390204777275e-07
39812.249963 0 1.390204777275e-07
39812.25 0 1.300123810075e-07
40908 0 1.071560161975e-07
43464.75 0 7.226644756e-08
46752 0 4.96117565575e-08
58805.25 0 3.0923317095e-08
181529.25 0 3.159556312e-09
251657.24996 0 2.299081401475e-08
282338.24996 0 6.15777357825e-08
310827.74996 0 1.256427818525e-07
338586.74996 0 2.15992647455e-07
384242.99996 0 3.96577686525e-07
