0 0 35.6953414225
365.2499635 0 35.6953414225
365.25 0 33.50169269
730.4999635 0 33.50169269
730.5 0 31.5995332025
1095.7499635 0 31.5995332025
1095.75 0 29.791338185
1460.9999635 0 29.791338185
1461 0 28.1891728325
1826.2499635 0 28.1891728325
1826.25 0 26.5633136775
2191.4999635 0 26.5633136775
2191.5 0 25.129522005
2556.7499635 0 25.129522005
2556.75 0 23.8003661535
2921.9999635 0 23.8003661535
2922 0 22.566663933
3287.2499635 0 22.566663933
3287.25 0 21.420055443
3652.4999635 0 21.420055443
3652.5 0 20.353003067
4017.7499635 0 20.353003067
4017.75 0 19.35892852175
4382.9999635 0 19.35892852175
4383 0 18.431253524
4748.2499635 0 18.431253524
4748.25 0 17.564085028
5113.4999635 0 17.564085028
5113.5 0 16.7518726075
5478.7499635 0 16.7518726075
5478.75 0 15.98954550225
5843.9999635 0 15.98954550225
5844 0 15.27223852375
6209.2499635 0 15.27223852375
6209.25 0 14.596319911
6574.4999635 0 14.596319911
6574.5 0 13.9576097135
6939.7499635 0 13.9576097135
6939.75 0 13.35460040775
7304.9999635 0 13.35460040775
7305 0 12.78311204325
7670.2499635 0 12.78311204325
7670.25 0 12.24314461975
8035.499963 0 12.24314461975
8035.5 0 11.73264242375
8400.749963 0 11.73264242375
8400.75 0 11.2488645045
8765.999963 0 11.2488645045
8766 0 10.79249609975
9131.249963 0 10.79249609975
9131.25 0 10.36079625925
9496.499963 0 10.36079625925
9496.5 0 9.95445022225
9861.749963 0 9.95445022225
9861.75 0 9.5707170395
10226.999963 0 9.5707170395
10227 0 9.20891147775
10592.249963 0 9.20891147775
10592.25 0 8.8690335435
10957.499963 0 8.8690335435
10957.5 0 8.54902753275
11322.749963 0 8.54902753275
11322.75 0 8.2468377465
11687.999963 0 8.2468377465
11688 0 7.9631494415
12053.249963 0 7.9631494415
12053.25 0 7.69522169075
12418.499963 0 7.69522169075
12418.5 0 7.443054525
12783.749963 0 7.443054525
12783.75 0 7.2045922655
13148.999963 0 7.2045922655
13149 0 6.97914971375
13514.249963 0 6.97914971375
13514.25 0 6.76535643625
13879.499963 0 6.76535643625
13879.5 0 6.56252723775
14244.749963 0 6.56252723775
14244.75 0 6.370662159
15340.5 0 5.845091519
16070.999963 0 5.68337847475
16436.249963 0 5.52851824
17531.999963 0 5.06346789125
18262.5 0 4.63792320825
18993 0 4.40045278025
19723.5 0 4.14244541325
20454 0 3.920692997
20819.249963 0 3.920692997
20819.25 0 3.81460810125
21184.499963 0 3.81460810125
21184.5 0 3.71057661675
21549.75 0 3.6106519145
21914.999963 0 3.6106519145
22280.25 0 3.41764715675
23010.749963 0 3.32662047775
23375.999963 0 3.23833163525
24471.749963 0 2.987838766
25202.25 0 2.761302152
26298 0 2.55666864875
27393.749963 0 2.431426163575
28489.499963 0 2.261016818625
29220 0 2.106350934975
31411.499963 0 1.884624774125
33237.749963 0 1.6991773922
36890.25 0 1.391951382625
39812.249963 0 1.2496467625
42368.999963 0 1.135404503775
47482.5 0 0.957574052025
57709.5 0 0.765451943875
62823 0 0.706680301175
67936.499963 0 0.667060985625
73049.999963 0 0.634972210825
75606.749963 0 0.622006707725
77067.749963 0 0.6158686516
77432.999963 0 0.613820807675
77798.249963 0 0.613141820675
78163.499963 0 0.611093908275
88025.25 0 0.5838677618
92043 0 0.5791365503
96060.75 0 0.575774948675
104096.24996 0 0.575893908275
112131.74996 0 0.58081471595
119802 0 0.58984770705
127837.5 0 0.600939219725
135872.99996 0 0.61408158795
143908.49996 0 0.629286652975
151578.74996 0 0.6438016427
159614.24996 0 0.66106057495
167649.74996 0 0.678317043125
175685.24996 0 0.696937987675
183355.49996 0 0.7162313484
191390.99996 0 0.738260095825
199061.24996 0 0.76095893225
207096.74996 0 0.787759069125
214766.99996 0 0.815229295
222437.24996 0 0.8481854894
229742.24996 0 0.883922655725
237047.24996 0 0.924542778925
244352.24996 0 0.969366872
252022.49996 0 1.021100616025
259327.49996 0 1.07278234085
266632.49996 0 1.127112251875
273937.49996 0 1.1827063655
281607.74996 0 1.24162833675
288912.74996 0 1.297049281325
296217.74996 0 1.351733744
303522.74996 0 1.403643394925
310827.75 0 1.453467488025
318132.75 0 1.495750855575
332742.75 0 1.559742642025
357214.5 0 1.589112251875
381686.25 0 1.5115724718
384242.99996 0 1.5114791239
