0 0 62.00118339
365.2499635 0 62.00118339
365.25 0 59.0577626025
730.4999635 0 59.0577626025
730.5 0 56.2189115075
1095.7499635 0 56.2189115075
1095.75 0 53.47274105
1460.9999635 0 53.47274105
1461 0 50.8149279325
1826.2499635 0 50.8149279325
1826.25 0 48.25067362
2191.4999635 0 48.25067362
2191.5 0 45.7877465325
2556.7499635 0 45.7877465325
2556.75 0 43.4349283625
2921.9999635 0 43.4349283625
2922 0 41.2030273475
3287.2499635 0 41.2030273475
3287.25 0 39.1055537875
3652.4999635 0 39.1055537875
3652.5 0 37.149262825
4017.7499635 0 37.149262825
4017.75 0 35.344287185
4382.9999635 0 35.344287185
4383 0 33.69603099
4748.2499635 0 33.69603099
4748.25 0 32.2119248975
5113.4999635 0 32.2119248975
5113.5 0 30.89196891
5478.7499635 0 30.89196891
5478.75 0 29.7415671475
5843.9999635 0 29.7415671475
5844 0 28.7580175475
6209.2499635 0 28.7580175475
6209.25 0 27.9419956275
6574.4999635 0 27.9419956275
6574.5 0 27.292150355
6939.7499635 0 27.292150355
6939.75 0 26.805779675
7670.25 0 26.31332936
8765.999963 0 26.793292265
8766 0 27.08898015
9131.249963 0 27.08898015
9131.25 0 27.534565365
9496.499963 0 27.534565365
9496.5 0 28.12936345
9861.749963 0 28.12936345
9861.75 0 28.87063655
10226.999963 0 28.87063655
10227 0 29.7583846675
10592.249963 0 29.7583846675
10592.25 0 30.790554415
10957.499963 0 30.790554415
10957.5 0 31.9678302525
11322.749963 0 31.9678302525
11322.75 0 33.2874743325
11687.999963 0 33.2874743325
11688 0 34.7433264875
12053.249963 0 34.7433264875
12053.25 0 36.3203285425
12418.499963 0 36.3203285425
12418.5 0 37.988364135
12783.749963 0 37.988364135
12783.75 0 39.70568104
13148.999963 0 39.70568104
13149 0 41.42368241
13514.249963 0 41.42368241
13514.25 0 43.1006160175
13879.499963 0 43.1006160175
13879.5 0 44.70294319
14244.749963 0 44.70294319
14244.75 0 46.206707735
14609.999963 0 46.206707735
14610 0 47.59890486
14975.249963 0 47.59890486
14975.25 0 48.8726899375
15340.499963 0 48.8726899375
15340.5 0 50.0246406575
15705.749963 0 50.0246406575
15705.75 0 51.054757015
16070.999963 0 51.054757015
16071 0 51.9637234775
16436.249963 0 51.9637234775
16436.25 0 52.7556468175
16801.499963 0 52.7556468175
16801.5 0 53.492029465
17166.749963 0 53.492029465
17166.75 0 54.0688410025
17897.249963 0 54.4398139975
17897.25 0 54.841204655
19723.499963 0 55.12012578
20819.249963 0 54.31964408
20819.25 0 53.907597535
21184.499963 0 53.907597535
21184.5 0 53.4271047225
21549.749963 0 53.4271047225
21549.75 0 52.884325805
21914.999963 0 52.884325805
21915 0 52.28199863
22280.249963 0 52.28199863
22280.25 0 51.625598905
22645.499963 0 51.625598905
22645.5 0 50.919917865
23010.749963 0 50.919917865
23010.75 0 50.16974675
23375.999963 0 50.16974675
23376 0 49.3798767975
23741.249963 0 49.3798767975
23741.25 0 48.5537303225
24106.499963 0 48.5537303225
24106.5 0 47.696783025
24471.749963 0 47.696783025
24471.75 0 46.8151950725
24836.999963 0 46.8151950725
24837 0 45.91101985
25202.249963 0 45.91101985
25202.25 0 44.9890485975
25567.499963 0 44.9890485975
25567.5 0 44.0554414775
25932.749963 0 44.0554414775
25932.75 0 43.1122518825
26297.999963 0 43.1122518825
26298 0 42.163586585
26663.249963 0 42.163586585
26663.25 0 41.214236825
27028.499963 0 41.214236825
27028.5 0 40.2669404525
27393.749963 0 40.2669404525
27393.75 0 39.323750855
27758.999963 0 39.323750855
27759 0 38.3867214225
28124.249963 0 38.3867214225
28124.25 0 37.4599589325
28489.499963 0 37.4599589325
28489.5 0 36.5462012325
28854.749963 0 36.5462012325
28854.75 0 35.6468172475
29219.999963 0 35.6468172475
29220 0 34.762491445
29585.249963 0 34.762491445
29585.25 0 33.8952772075
29950.499963 0 33.8952772075
29950.5 0 33.047227925
30315.749963 0 33.047227925
30315.75 0 32.216974675
30680.999963 0 32.216974675
30681 0 31.407255305
31046.249963 0 31.407255305
31046.25 0 30.6173853525
31411.499963 0 30.6173853525
31411.5 0 29.8480492825
31776.749963 0 29.8480492825
31776.75 0 29.09924709
32141.999963 0 29.09924709
32142 0 28.3709787825
32507.249963 0 28.3709787825
32507.25 0 27.663928815
32872.499963 0 27.663928815
32872.5 0 26.976043805
33237.749963 0 26.976043805
33237.75 0 26.30937714
33602.999963 0 26.30937714
33603 0 25.66255989
33968.249963 0 25.66255989
33968.25 0 25.0349075975
34333.499963 0 25.0349075975
34333.5 0 24.42642026
34698.749963 0 24.42642026
34698.75 0 23.8364134155
35063.999963 0 23.8364134155
35064 0 23.26557152625
35429.249963 0 23.26557152625
35429.25 0 22.32513610325
35794.499963 0 22.32513610325
35794.5 0 21.7983269425
36159.749963 0 21.7983269425
36159.75 0 21.287665189
36524.999963 0 21.287665189
36525 0 20.793150843
36890.249963 0 20.793150843
36890.25 0 20.314783904
37255.499963 0 20.314783904
37255.5 0 19.851218755
37620.749963 0 19.851218755
37620.75 0 19.40245539575
37985.999963 0 19.40245539575
37986 0 18.9671482095
38351.249963 0 18.9671482095
38351.25 0 18.546642813
38716.499963 0 18.546642813
38716.5 0 18.13959358925
39081.749963 0 18.13959358925
39081.75 0 17.74398211225
39446.999963 0 17.74398211225
39447 0 17.361826808
39812.249963 0 17.361826808
39812.25 0 16.99178205925
40177.499963 0 16.99178205925
40177.5 0 16.633175057
40542.749963 0 16.633175057
40542.75 0 16.285332993
40907.999963 0 16.285332993
40908 0 15.94825586725
41273.249963 0 15.94825586725
41273.25 0 15.62261648825
41638.499963 0 15.62261648825
41638.5 0 15.3057236215
42003.749963 0 15.3057236215
42003.75 0 14.999595693
42368.999963 0 14.999595693
42369 0 14.7022142765
47117.25 0 11.555488294
52961.25 0 8.983340885
60266.25 0 6.9386754455
73050 0 4.90881179575
91677.75 0 3.351932616
122358.75 0 1.836767571625
156692.25 0 0.787186102125
222437.25 0 0.09082916563
380955.74996 0 0.0006728086343
380955.75 0 0.0
384242.99996 0 0.0
