0 0 7403.87347075
365.25 0 7188.448864
1095.7499635 0 7129.20647575
1461 0 7025.86745475
2191.4999635 0 6980.10588225
2556.75 0 6893.5657805
3287.2499635 0 6848.3252075
3652.5 0 6743.18623875
4017.7499635 0 6743.18623875
4017.75 0 6680.128572
4382.9999635 0 6680.128572
4748.2499635 0 6609.640943
5478.7499635 0 6447.142442
5844 0 6262.98719575
6574.4999635 0 6165.756742
6939.75 0 5966.567129
7670.2499635 0 5866.7412615
8035.5 0 5670.074492
8765.999963 0 5574.53917
9131.25 0 5390.92820075
9861.749963 0 5303.40162275
10226.999963 0 5218.98050425
10957.5 0 4985.23649425
12053.249963 0 4845.70579525
12783.75 0 4659.6780995
13879.5 0 4499.56757075
14609.999963 0 4451.3439495
14975.25 0 4362.06130825
15705.749963 0 4320.58945925
16071 0 4243.36511975
16801.499963 0 4207.129968
17166.75 0 4131.3578275
17897.249963 0 4104.73037225
18262.5 0 4028.04656025
18992.999963 0 3994.6832835
19358.25 0 3931.74516075
20088.749963 0 3891.060477
20454 0 3819.90876175
21184.499963 0 3782.98966975
21549.75 0 3706.9456235
22280.249963 0 3667.8884475
22645.5 0 3587.63738025
23010.75 0 3546.51263625
23375.999963 0 3546.51263625
23741.25 0 3463.22388775
24106.499963 0 3463.22388775
24106.5 0 3420.99278975
24471.749963 0 3420.99278975
24837 0 3335.90690025
25202.249963 0 3335.90690025
25202.25 0 3293.12057125
25567.499963 0 3293.12057125
25932.75 0 3207.61363725
26297.999963 0 3207.61363725
26298 0 3165.030642
26663.249963 0 3165.030642
27028.5 0 3080.2042255
27393.749963 0 3080.2042255
27393.75 0 3038.1682455
27758.999963 0 3038.1682455
28124.25 0 2955.05613025
28489.5 0 2913.98067925
28854.749963 0 2913.98067925
29220 0 2833.3400605
29585.249963 0 2833.3400605
29585.25 0 2793.63933675
29950.499963 0 2793.63933675
30315.75 0 2715.81595
31411.499963 0 2640.124486
32141.999963 0 2566.83879425
33603 0 2393.974384875
35429.249963 0 2266.866208025
36890.25 0 2121.7229527
38716.499963 0 2016.149657725
40177.5 0 1896.397777325
42003.749963 0 1809.249828875
43464.75 0 1711.130732375
45656.25 0 1606.8199863
46752 0 1559.61943875
47847.75 0 1515.44695415
48943.5 0 1473.95893225
49673.999963 0 1460.81724845
50039.25 0 1435.0862423
50769.749963 0 1422.770705
51135 0 1398.691307325
52230.749963 0 1375.6440794
53326.499963 0 1342.8973306
54422.249963 0 1312.14579055
56613.749963 0 1255.94592745
58805.249963 0 1206.35318275
60631.5 0 1162.405886375
63188.25 0 1117.433264875
65744.999963 0 1083.6071184
70493.249963 0 1022.778234075
75241.5 0 972.7008898
79989.75 0 937.35318275
89851.499963 0 889.939082825
91312.499963 0 884.74401095
91677.749963 0 883.44490075
92042.999963 0 882.3524983
92408.249963 0 881.122518825
94599.75 0 873.683093775
99348 0 862.7227926
111035.99996 0 848.564681725
122358.74996 0 842.68172485
133681.5 0 842.995893225
139525.49996 0 843.831622175
145004.25 0 845.362080775
150848.25 0 846.8918549
156692.24996 0 849.095140325
162536.24996 0 850.621492125
168014.99996 0 852.136208075
173858.99996 0 854.3429158
179337.74996 0 856.537987675
190660.49996 0 858.87611225
236316.74996 0 861.923340175
258962.24996 0 852.70362765
270284.99996 0 844.613278575
281607.74996 0 833.052703625
294391.49996 0 815.2772074
306809.99996 0 793.383272975
319228.5 0 764.4968797
325437.75 0 749.334945775
331647 0 731.414429775
344430.74996 0 692.7600547
356849.24996 0 648.533754475
381686.25 0 545.377842975
384242.99996 0 545.338809025
