0 0 64821.05647
1460.9999635 0 71188.8315175
2921.9999635 0 79377.16362
4382.9999635 0 90373.59651
5478.7499635 0 101367.9762925
7670.2499635 0 132302.116385
7670.25 0 138867.947675
8035.499963 0 138867.947675
8035.5 0 145910.09943
8400.749963 0 145910.09943
8400.75 0 153460.736975
8765.999963 0 153460.736975
8766 0 161552.709995
9131.249963 0 161552.709995
9131.25 0 170222.29002
9496.499963 0 170222.29002
9496.5 0 179505.06421
9861.749963 0 179505.06421
9861.75 0 189429.776045
10226.999963 0 189429.776045
10227 0 200014.9034725
10592.249963 0 200014.9034725
10592.25 0 211255.6559125
10957.499963 0 211255.6559125
10957.5 0 223116.4462025
11322.749963 0 223116.4462025
11322.75 0 235534.312445
11687.999963 0 235534.312445
11688 0 248426.44605
12053.249963 0 248426.44605
12053.25 0 261694.29795
12418.499963 0 261694.29795
12418.5 0 275240.687825
12783.749963 0 275240.687825
12783.75 0 288970.488475
13148.999963 0 288970.488475
13149 0 302801.57565
13514.249963 0 302801.57565
13514.25 0 316662.775025
13879.499963 0 316662.775025
13879.5 0 330494.546575
14244.749963 0 330494.546575
14244.75 0 344251.037575
14609.999963 0 344251.037575
14610 0 357890.501575
14975.249963 0 357890.501575
14975.25 0 371393.091875
15340.499963 0 371393.091875
15340.5 0 384724.59005
15705.749963 0 384724.59005
15705.75 0 397850.777675
16070.999963 0 397850.777675
16071 0 410785.342125
16801.499963 0 423494.064975
16801.5 0 437145.539375
17166.749963 0 437145.539375
17166.75 0 448180.91335
17531.999963 0 448180.91335
17532 0 461736.576175
17897.249963 0 461736.576175
17897.25 0 474089.4274
18262.499963 0 474089.4274
18262.5 0 489868.207725
18992.999963 0 499501.852
19358.249963 0 504086.23275
19358.25 0 519654.681425
19723.499963 0 519654.681425
19723.5 0 529461.681875
20088.749963 0 529461.681875
20088.75 0 538905.96705
20453.999963 0 538905.96705
20454 0 547980.6932
20819.249963 0 547980.6932
20819.25 0 556699.547775
21184.499963 0 556699.547775
21184.5 0 565035.155975
21549.749963 0 565035.155975
21549.75 0 573008.048875
21914.999963 0 573086.92675
21915 0 580684.4627
22280.249963 0 580684.4627
22280.25 0 587926.078025
23376 0 607460.6434
24836.999963 0 623744.01095
25932.75 0 640657.0842
28489.5 0 658405.201925
31411.499963 0 663483.915125
33237.749963 0 660453.56115
34698.749963 0 655645.8608
36524.999963 0 646892.1532
37985.999963 0 638227.350425
40177.5 0 620665.22455
41273.25 0 612520.173175
42369 0 604142.60145
43099.499963 0 601318.162975
43464.75 0 595607.736525
44195.249963 0 592742.26505
44560.5 0 586983.966775
45290.999963 0 584097.9788
45656.25 0 578332.841675
46386.749963 0 575453.692525
46752 0 569702.233075
47482.499963 0 566843.60045
47847.75 0 561133.174
48943.5 0 552653.01975
50039.25 0 544295.964525
50769.749963 0 541533.07555
51135 0 536062.0083
51865.499963 0 533360.66885
52230.75 0 527992.1841
52961.249963 0 525338.7165
53326.5 0 520093.330775
54056.999963 0 517494.573825
54422.25 0 512365.448275
55152.749963 0 509835.079675
55518 0 504774.34245
56248.499963 0 502380.750525
56613.749963 0 499850.381925
57344.249963 0 495063.198075
58805.25 0 483300.403475
59900.999963 0 478718.38465
60631.499963 0 474341.53085
62092.5 0 463536.173025
63918.749963 0 455329.57215
65379.75 0 445481.6511
67205.999963 0 437958.933625
68667 0 429000.061
70858.499963 0 420588.2951
72684.75 0 411013.9274
74876.249963 0 403491.209925
76702.499963 0 396378.8225
78893.999963 0 388377.38665
80720.249963 0 382085.6593
84372.75 0 369433.816275
86929.499963 0 363210.477275
89121 0 356371.6432
93869.249963 0 345839.83875
98617.49996 0 335855.141
103000.5 0 327101.4334
107018.25 0 320604.54105
111036 0 314654.7554
115053.75 0 309650.924025
119071.49996 0 305065.02395
127106.99996 0 296303.901425
134777.25 0 288637.919225
139890.75 0 284188.9117
145004.24996 0 280150.5818
154866 0 271937.029425
159979.5 0 267898.699525
165092.99996 0 264202.60095
174954.74996 0 256536.61875
185181.74996 0 248459.9589325
195043.49996 0 240451.74538
204905.25 0 232032.85421
214767 0 224709.103355
224993.99996 0 221697.4674875
234855.75 0 224640.657085
245082.74996 0 230047.91239
254944.5 0 232991.101985
262979.99996 0 231074.606435
270650.24996 0 225462.01232
275398.49996 0 220191.649555
280146.74996 0 213826.146475
284894.99996 0 206639.28816
289643.24996 0 198699.520875
294391.49996 0 190349.075975
299139.74996 0 181616.78736
303887.99996 0 172720.7126225
308270.99996 0 164508.951325
317767.49996 0 146785.23319
326898.75 0 129677.397155
336395.24996 0 114143.4820325
345526.5 0 99157.017665
363788.99996 0 74727.027805
381686.25 0 55087.2320375
384242.99996 0 55099.24709
