0 0 103003.3486025
2191.5 0 109833.379105
5113.5 0 112720.0547575
8400.749963 0 113396.3039025
11687.999963 0 111279.26078
14975.249963 0 107120.465435
17897.249963 0 102528.56557
17897.25 0 101714.49034
20088.749963 0 98606.7651025
20088.75 0 97829.5687875
20453.999963 0 97829.5687875
20454 0 97165.6399725
20819.249963 0 97165.6399725
20819.25 0 96492.12868
21184.499963 0 96492.12868
21184.5 0 95817.9329225
21549.749963 0 95817.9329225
21549.75 0 95126.6256
21914.999963 0 95126.6256
21915 0 94428.4736475
22280.249963 0 94428.4736475
22280.25 0 93723.47707
22645.499963 0 93723.47707
22645.5 0 93011.635865
23010.749963 0 93011.635865
23010.75 0 92286.1054075
23375.999963 0 92286.1054075
23376 0 91546.885695
23741.249963 0 91546.885695
23741.25 0 90800.821355
24106.499963 0 90800.821355
24106.5 0 90034.223135
24471.749963 0 90034.223135
24471.75 0 89253.93566
24836.999963 0 89253.93566
24837 0 88459.9589325
25202.249963 0 88459.9589325
25202.25 0 87652.29295
25567.499963 0 87652.29295
25567.5 0 86817.24846
25932.749963 0 86817.24846
25932.75 0 85975.3593425
26297.999963 0 85975.3593425
26298 0 85106.0917175
26663.249963 0 85106.0917175
26663.25 0 84216.2902125
27028.499963 0 84216.2902125
27028.5 0 83319.64408
27393.749963 0 83319.64408
27393.75 0 82388.7748125
27758.999963 0 82388.7748125
27759 0 81457.905545
28124.249963 0 81457.905545
28124.25 0 80492.8131425
28489.499963 0 80492.8131425
28489.5 0 79520.8761125
28854.749963 0 79520.8761125
28854.75 0 78528.4052025
29219.999963 0 78528.4052025
29220 0 77535.9342925
29585.249963 0 77535.9342925
29585.25 0 76516.0848725
29950.499963 0 76516.0848725
29950.5 0 75503.0800825
30315.749963 0 75503.0800825
30315.75 0 74469.54141
30680.999963 0 74469.54141
30681 0 73429.15811
31046.249963 0 73429.15811
31046.25 0 72395.6194375
31411.499963 0 72395.6194375
31411.5 0 71355.23614
31776.749963 0 71355.23614
31776.75 0 70308.0082125
32141.999963 0 70308.0082125
32142 0 69267.624915
32507.249963 0 69267.624915
32507.25 0 68227.241615
32872.499963 0 68227.241615
32872.5 0 67193.7029425
33237.749963 0 67193.7029425
33237.75 0 66160.16427
33602.999963 0 66160.16427
33603 0 65133.470225
33968.249963 0 65133.470225
33968.25 0 64113.6208075
34333.499963 0 64113.6208075
34333.5 0 63107.4606425
34698.749963 0 63107.4606425
34698.75 0 62101.30048
35063.999963 0 62101.30048
35064 0 61115.674195
35429.249963 0 61115.674195
35429.25 0 60136.89254
35794.499963 0 60136.89254
35794.5 0 59164.95551
36159.749963 0 59164.95551
36159.75 0 58213.5523625
36524.999963 0 58213.5523625
36525 0 57268.99384
36890.249963 0 57268.99384
36890.25 0 56338.1245725
37255.499963 0 56338.1245725
37255.5 0 55420.9445575
37620.749963 0 55420.9445575
37620.75 0 54517.4538
37985.999963 0 54517.4538
37986 0 53634.49692
38351.249963 0 53634.49692
38351.25 0 52758.3846675
38716.499963 0 52758.3846675
38716.5 0 51895.96167
39081.749963 0 51895.96167
39081.75 0 51054.0725525
39446.999963 0 51054.0725525
39447 0 50219.0280625
39812.249963 0 50219.0280625
39812.25 0 49411.36208
40177.499963 0 49411.36208
40177.5 0 48603.6960975
40542.749963 0 48603.6960975
40542.75 0 47823.408625
40907.999963 0 47823.408625
40908 0 47049.9657775
41273.249963 0 47049.9657775
41273.25 0 46290.2121825
41638.499963 0 46290.2121825
41638.5 0 45550.99247
42003.749963 0 45550.99247
42003.75 0 44825.4620125
42368.999963 0 44825.4620125
42369 0 44106.77618
42734.249963 0 44106.77618
42734.25 0 43415.4688575
43099.499963 0 43415.4688575
43099.5 0 42724.1615325
43464.749963 0 42724.1615325
43464.75 0 42053.38809
48578.25 0 34004.106775
55152.75 0 26687.2005475
62457.75 0 21279.945243
71589 0 16995.208761
82911.75 0 13860.36960975
98617.5 0 11608.4873375
116880 0 10526.83813525
148291.5 0 10362.57018
156326.99996 0 10472.08215
163997.25 0 10629.50560725
172032.74996 0 10807.46255875
179702.99996 0 10999.10850675
195408.74996 0 11464.53438
210749.24996 0 11984.7162385
226454.99996 0 12614.410067
241795.49996 0 13367.30486225
266997.74996 0 14982.6064225
292199.99996 0 16851.154414
342239.25 0 20519.80541575
381686.25 0 22094.03998725
384242.99996 0 22094.45585225
