0 0 0.344626259575
365.2499635 0 0.344626259575
365.25 0 0.3298189386
730.4999635 0 0.3298189386
730.5 0 0.31487418995
1095.7499635 0 0.31487418995
1095.75 0 0.2998713251
1460.9999635 0 0.2998713251
1461 0 0.28488555325
1826.2499635 0 0.28488555325
1826.25 0 0.2699955022
2191.4999635 0 0.2699955022
2191.5 0 0.25527501365
2556.7499635 0 0.25527501365
2556.75 0 0.24079724565
2921.9999635 0 0.24079724565
2922 0 0.2266285190325
3287.2499635 0 0.2268747433275
3287.25 0 0.2130643394925
3652.4999635 0 0.2130643394925
3652.5 0 0.199681724845
4017.7499635 0 0.199681724845
4017.75 0 0.186780287475
4382.9999635 0 0.186780287475
4383 0 0.174402464065
4748.2499635 0 0.174402464065
4748.25 0 0.16258658453
5113.4999635 0 0.16258658453
5113.5 0 0.1513620807675
5478.7499635 0 0.1513620807675
5478.75 0 0.14075154004
5843.9999635 0 0.14075154004
5844 0 0.1307720739225
6209.2499635 0 0.1307720739225
6209.25 0 0.1214284736475
6574.4999635 0 0.1214284736475
6574.5 0 0.11272347707
6939.7499635 0 0.11272347707
6939.75 0 0.1046488706375
7304.9999635 0 0.1046488706375
7305 0 0.0971937029425
7670.2499635 0 0.0971937029425
7670.25 0 0.0903394934975
8035.499963 0 0.0903394934975
8035.5 0 0.084065023955
8400.749963 0 0.084065023955
8400.75 0 0.0783367556475
8765.999963 0 0.0783367556475
8766 0 0.0731416837775
9131.249963 0 0.0731416837775
9131.25 0 0.0684394250525
9496.499963 0 0.0684394250525
9496.5 0 0.0641820670775
9861.749963 0 0.0641820670775
9861.75 0 0.06036276523
10226.999963 0 0.06036276523
10227 0 0.056940451745
10592.249963 0 0.056940451745
10592.25 0 0.0538672142375
10957.499963 0 0.0538672142375
10957.5 0 0.0511225188225
11322.749963 0 0.0511225188225
11322.75 0 0.048678986995
11687.999963 0 0.048678986995
11688 0 0.0464955509925
12053.249963 0 0.0464955509925
12053.25 0 0.04455852156
12418.499963 0 0.04455852156
12418.5 0 0.042833675565
12783.749963 0 0.042833675565
12783.75 0 0.0412799452425
13148.999963 0 0.0412799452425
13149 0 0.0399041752225
13514.249963 0 0.0399041752225
13514.25 0 0.0386721423675
13879.499963 0 0.0386721423675
13879.5 0 0.037549623545
14244.749963 0 0.037549623545
14244.75 0 0.03654346338
14609.999963 0 0.03654346338
14610 0 0.03561943874
14975.249963 0 0.03561943874
14975.25 0 0.0347775496225
15340.499963 0 0.0347775496225
15340.5 0 0.0339904175225
15705.749963 0 0.0339904175225
15705.75 0 0.0332443531825
16801.499963 0 0.03187542779
16801.5 0 0.0311699233275
17166.749963 0 0.0311699233275
17166.75 0 0.0304654898775
17897.249963 0 0.029945695625
17897.25 0 0.0292060232725
18262.499963 0 0.0292060232725
18262.5 0 0.028464615215
18992.999963 0 0.0278591668775
18993 0 0.02716628564
19358.249963 0 0.02716628564
19358.25 0 0.0265161386875
20088.749963 0 0.02597599755
20088.75 0 0.02521560575
21184.499963 0 0.02388090349075
21184.5 0 0.023203285421
21549.749963 0 0.023203285421
21549.75 0 0.02252566735125
21914.999963 0 0.02252566735125
21915 0 0.0218343600275
22280.249963 0 0.0218343600275
22280.25 0 0.02114305270375
22645.499963 0 0.02114305270375
22645.5 0 0.02045174538
23010.749963 0 0.02045174538
23010.75 0 0.01975359342925
23375.999963 0 0.01975359342925
23376 0 0.0190554414785
23741.249963 0 0.0190554414785
23741.25 0 0.01835044490075
24106.499963 0 0.01835044490075
24106.5 0 0.017659137577
24471.749963 0 0.017659137577
24471.75 0 0.01695414099925
24836.999963 0 0.01695414099925
24837 0 0.0162628336755
25202.249963 0 0.0162628336755
25202.25 0 0.01557837097875
25567.499963 0 0.01557837097875
25567.5 0 0.014900752909
25932.749963 0 0.014900752909
25932.75 0 0.014229979466
26297.999963 0 0.014229979466
26298 0 0.01356605065025
26663.249963 0 0.01356605065025
26663.25 0 0.01292950034225
27028.499963 0 0.01292950034225
27028.5 0 0.01229295003425
27393.749963 0 0.01229295003425
27393.75 0 0.011683778234
27758.999963 0 0.011683778234
27759 0 0.01109514031475
28124.249963 0 0.01109514031475
28124.25 0 0.0105133470225
28489.499963 0 0.0105133470225
28489.5 0 0.00996577686525
28854.749963 0 0.00996577686525
28854.75 0 0.00942505133475
29950.499963 0 0.00843258042425
30681 0 0.00709103353875
31776.749963 0 0.00631074606425
32507.25 0 0.00528405201925
33602.999963 0 0.0046954141
34333.5 0 0.0039356605065
35794.499963 0 0.0033059548255
36890.25 0 0.0026420260095
39447 0 0.001813826146475
43829.999963 0 0.001088295687875
47847.75 0 0.000698151950725
56248.5 0 0.0004038329911
69762.749963 0 0.000314852840525
76337.249963 0 0.000335386721425
82911.749963 0 0.0003627652293
86198.999963 0 0.0003832991102
89486.249963 0 0.0004038329911
96060.749963 0 0.000472279260775
102635.24996 0 0.000547570157425
109209.74996 0 0.00062970568105
116879.99996 0 0.000759753593425
124184.99996 0 0.000896646132775
131489.99996 0 0.001047227926075
138794.99996 0 0.001218343600275
146099.99996 0 0.001396303901425
153404.99996 0 0.001587953456525
160709.99996 0 0.001779603011625
168014.99996 0 0.0019780971937
175319.99996 0 0.002162902121825
182624.99996 0 0.002340862423
197234.99996 0 0.0026420260095
211844.99996 0 0.00282683093775
226454.99996 0 0.0028884325805
236316.74996 0 0.00284052019175
246178.49996 0 0.00273785078725
265536.74996 0 0.00239561943875
275398.49996 0 0.00216959051125
284894.99996 0 0.0019368899517
294756.74996 0 0.0016836569898
304253.24996 0 0.00145095643025
342969.75 0 0.000650192739975
381686.25 0 0.0002190122913575
384242.99996 0 0.00021902806297
