0 0 0.26862833675
365.2499635 0 0.26862833675
365.25 0 0.2575578371
730.4999635 0 0.2575578371
730.5 0 0.24627652293
1095.7499635 0 0.24627652293
1095.75 0 0.234848733745
1460.9999635 0 0.234848733745
1461 0 0.223341546885
1826.2499635 0 0.223341546885
1826.25 0 0.21181998631
2191.4999635 0 0.21181998631
2191.5 0 0.20035249829
2556.7499635 0 0.20035249829
2556.75 0 0.1890034223125
2921.9999635 0 0.1890034223125
2922 0 0.177833675565
3287.2499635 0 0.177833675565
3287.25 0 0.1669028062975
3652.4999635 0 0.1669028062975
3652.5 0 0.1562621492125
4017.7499635 0 0.1562621492125
4017.75 0 0.1459623545525
4382.9999635 0 0.1459623545525
4383 0 0.136044490075
4748.2499635 0 0.136044490075
4748.25 0 0.1265462012325
5113.4999635 0 0.1265462012325
5113.5 0 0.1174982888425
5478.7499635 0 0.1174982888425
5478.75 0 0.10892402464
5843.9999635 0 0.10892402464
5844 0 0.1008418891175
6209.2499635 0 0.1008418891175
6209.25 0 0.09326146475
6574.4999635 0 0.09326146475
6574.5 0 0.0861861738525
6939.7499635 0 0.0861861738525
6939.75 0 0.079615331965
7304.9999635 0 0.079615331965
7305 0 0.0735400410675
7670.2499635 0 0.0735400410675
7670.25 0 0.0679500342225
8035.499963 0 0.0679500342225
8035.5 0 0.0628254620125
8400.749963 0 0.0628254620125
8400.75 0 0.0581505817925
8765.999963 0 0.0581505817925
8766 0 0.05390075291
9131.249963 0 0.05390075291
9131.25 0 0.0500513347025
9496.499963 0 0.0500513347025
9496.5 0 0.0465770020525
9861.749963 0 0.0465770020525
9861.75 0 0.04345174538
10226.999963 0 0.04345174538
10227 0 0.0406488706375
10592.249963 0 0.0406488706375
10592.25 0 0.0381416837775
10957.499963 0 0.0381416837775
10957.5 0 0.03590349076
11322.749963 0 0.03590349076
11322.75 0 0.03391101985
11687.999963 0 0.03391101985
11688 0 0.032138261465
12053.249963 0 0.032138261465
12053.25 0 0.030564681725
12418.499963 0 0.030564681725
12418.5 0 0.0291670088975
12783.749963 0 0.0291670088975
12783.75 0 0.0279260780275
13148.999963 0 0.0279260780275
13149 0 0.0268227241625
13514.249963 0 0.0268227241625
13514.25 0 0.0258418891175
13879.499963 0 0.0258418891175
13879.5 0 0.02496440793975
14244.749963 0 0.02496440793975
14244.75 0 0.02417864476375
14609.999963 0 0.02417864476375
14610 0 0.02347022587275
14975.249963 0 0.02347022587275
14975.25 0 0.022828199863
15340.499963 0 0.022828199863
15340.5 0 0.02223956194375
15705.749963 0 0.02223956194375
15705.75 0 0.02169609856275
16070.999963 0 0.02169609856275
16071 0 0.021189596167
16801.499963 0 0.02071184120475
16801.5 0 0.020216157926
17166.749963 0 0.020216157926
17166.75 0 0.019732557719
17897.249963 0 0.0193839332255
17897.25 0 0.018887063655
18262.499963 0 0.018887063655
18262.5 0 0.01839715289325
20088.749963 0 0.016796797041
20088.75 0 0.0163127994525
21549.749963 0 0.01504996577675
21549.75 0 0.0146221765915
21914.999963 0 0.0146221765915
21915 0 0.014191649555
22280.249963 0 0.014191649555
22280.25 0 0.013758384668
22645.499963 0 0.013758384668
22645.5 0 0.0133216974675
23375.999963 0 0.01288295687875
23376 0 0.012442162902
23741.249963 0 0.012442162902
23741.25 0 0.012
24106.499963 0 0.012
24106.5 0 0.0115564681725
24471.749963 0 0.0115564681725
24471.75 0 0.011114989733
24836.999963 0 0.011114989733
24837 0 0.010672826831
25202.249963 0 0.010672826831
25202.25 0 0.010234770705
25567.499963 0 0.010234770705
25567.5 0 0.00979876796725
25932.749963 0 0.00979876796725
25932.75 0 0.00936960985625
26297.999963 0 0.00936960985625
26298 0 0.00894524298425
26663.249963 0 0.00894524298425
26663.25 0 0.00852977412725
27028.499963 0 0.00852977412725
27028.5 0 0.00812114989725
27393.749963 0 0.00812114989725
27393.75 0 0.00772416153325
27758.999963 0 0.00772416153325
27759 0 0.0073374401095
28124.249963 0 0.0073374401095
28124.25 0 0.00696303901425
29585.25 0 0.00559411362075
33603 0 0.00293976728275
37986 0 0.001474332648875
44560.5 0 0.0006167008898
54422.25 0 0.000271047227925
80355 0 0.0002039698836425
106287.74996 0 0.000353867214225
121628.24996 0 0.0005112936345
136968.74996 0 0.000715947980825
152309.24996 0 0.0009575633128
167649.74996 0 0.0012142368241
198330.74996 0 0.001642710472275
228646.49996 0 0.001779603011625
305348.99996 0 0.000855578370975
381686.25 0 0.00012320328542
384242.99996 0 0.00012320328542
