0 0 8.2610126095
730.4999635 0 8.1948733745
1826.2499635 0 7.94893908275
1826.25 0 7.7689253935
2191.4999635 0 7.7689253935
2191.5 0 7.54613278575
2556.7499635 0 7.54613278575
2556.75 0 7.2930184805
2921.9999635 0 7.2930184805
2922 0 7.02224503775
3287.2499635 0 7.02224503775
3287.25 0 6.7445585215
3652.4999635 0 6.7445585215
3652.5 0 6.468035592
4017.7499635 0 6.468035592
4017.75 0 6.19828884325
4382.9999635 0 6.19828884325
4383 0 5.93887748125
4748.2499635 0 5.93887748125
4748.25 0 5.69192334025
5113.4999635 0 5.69192334025
5113.5 0 5.45859000675
5478.7499635 0 5.45859000675
5478.75 0 5.23901437375
5843.9999635 0 5.23901437375
5844 0 5.03319644075
6209.2499635 0 5.03319644075
6209.25 0 4.8404517455
6574.4999635 0 4.8404517455
6574.5 0 4.6605065025
6939.7499635 0 4.6605065025
6939.75 0 4.4922655715
7304.9999635 0 4.4922655715
7305 0 4.3351813825
7670.2499635 0 4.3351813825
7670.25 0 4.18850102675
8035.499963 0 4.18850102675
8035.5 0 4.05147159475
8400.749963 0 4.05147159475
8400.75 0 3.923340178
8765.999963 0 3.923340178
8766 0 3.80349075975
9131.249963 0 3.80349075975
9131.25 0 3.69130732375
9496.499963 0 3.69130732375
9496.5 0 3.58624229975
10592.249963 0 3.395208761
10957.499963 0 3.308350445
11322.749963 0 3.22683093775
11688 0 3.0778234085
12053.25 0 3.0097878165
12783.75 0 2.8851471595
13879.5 0 2.72279260775
14975.25 0 2.58418891175
15705.749963 0 2.542162902
16071 0 2.46310746065
16801.499963 0 2.425804243675
17166.75 0 2.348036541225
17532 0 2.32063455585
17897.249963 0 2.32063455585
17897.25 0 2.281861738525
18262.499963 0 2.281861738525
18262.5 0 2.2448010676
18627.749963 0 2.2448010676
18627.75 0 2.2150144637
18992.999963 0 2.2150144637
18993 0 2.1831933724
19358.249963 0 2.1831933724
19358.25 0 2.154144777275
19723.499963 0 2.154144777275
19723.5 0 2.1309092896
20088.749963 0 2.1309092896
20088.75 0 2.099041752225
20453.999963 0 2.099041752225
20454 0 2.0726899384
20819.249963 0 2.0726899384
20819.25 0 2.0471594798
21184.499963 0 2.0471594798
21184.5 0 2.022381930175
21549.749963 0 2.022381930175
21549.75 0 1.9984257358
21914.999963 0 1.9984257358
21915 0 1.975085557825
22280.249963 0 1.975085557825
22280.25 0 1.952635181375
22645.499963 0 1.952635181375
22645.5 0 1.93080082135
23010.749963 0 1.93080082135
23010.75 0 1.909650924025
23375.999963 0 1.909650924025
23376 0 1.8891854894
23741.249963 0 1.8891854894
24106.5 0 1.850308008225
24471.749963 0 1.850308008225
24471.75 0 1.831759069125
24836.999963 0 1.831759069125
25202.25 0 1.796440793975
25567.499963 0 1.796440793975
25567.5 0 1.779603011625
25932.749963 0 1.779603011625
26298 0 1.747433264875
26663.249963 0 1.747433264875
26663.25 0 1.7320328542
27028.499963 0 1.7320328542
27393.749963 0 1.717111567425
28489.499963 0 1.6744695414
29585.249963 0 1.6345653662
31411.5 0 1.56125941135
32507.25 0 1.527241615325
33603 0 1.494661190975
34698.75 0 1.4636550308
35429.249963 0 1.4535249829
35794.499963 0 1.443737166325
36890.249963 0 1.415058179325
37985.999963 0 1.3880219028
39812.25 0 1.3381245722
41638.499963 0 1.3081451061
43099.5 0 1.273990417525
44925.749963 0 1.24934976045
46386.75 0 1.221492128675
48212.999963 0 1.201437371675
49674 0 1.17891854895
52961.249963 0 1.148117727575
56248.499963 0 1.120054757025
59535.749963 0 1.097672826825
65745 0 1.06577686515
72319.499963 0 1.046543463375
78528.749963 0 1.032703817075
90947.25 0 1.017801491525
103730.99996 0 1.008846424325
116149.5 0 0.9994128421
128933.24996 0 0.986766373175
141351.75 0 0.967694130825
147926.24996 0 0.955662895525
154135.49996 0 0.9413074443
160344.74996 0 0.92490121435
166553.99996 0 0.906444205625
174589.5 0 0.87636611735
182625 0 0.843553657425
186642.75 0 0.825096648725
190660.5 0 0.80663964
194678.25 0 0.78613185255
198696 0 0.765624065075
202713.75 0 0.744432684725
206731.5 0 0.7211905256
208922.99996 0 0.711620224775
210749.25 0 0.6986319594
214767 0 0.67470620735
218784.75 0 0.650780455325
222802.5 0 0.62548751745
224993.99996 0 0.614550030825
226820.25 0 0.6008781725
229011.74996 0 0.589940685875
230838 0 0.57558523465
233029.49996 0 0.564647748
234855.75 0 0.5516594826
237047.24996 0 0.539354810125
238873.5 0 0.52636654475
241064.99996 0 0.5147454652
242891.25 0 0.501073606875
245082.74996 0 0.49013612025
246909 0 0.476464261925
249100.49996 0 0.4655267753
250926.75 0 0.4525385099
253118.24996 0 0.44160102325
254944.5 0 0.42792916495
257135.99996 0 0.417675271225
258962.25 0 0.404687005825
261153.74996 0 0.3944331121
262980 0 0.381444846725
265171.49996 0 0.3718745459
266997.75 0 0.3588862805
269189.24996 0 0.3493159797
271015.5 0 0.337694900125
273206.99996 0 0.328124599325
275033.25 0 0.316503519775
277224.74996 0 0.30693321895
279051 0 0.296679325225
281242.49996 0 0.287792617325
283068.75 0 0.276171537775
285260.24996 0 0.267968422775
287086.5 0 0.258398121975
289277.99996 0 0.250195006975
291104.25 0 0.24062470617
293295.74996 0 0.2324215911875
295122 0 0.2228512903725
317036.99996 0 0.146288883865
338586.74996 0 0.091601450645
381686.25 0 0.0314452741025
384242.99996 0 0.0314852840525
