0 0 135.3412348475
730.4999635 0 138.0396988375
730.5 0 140.8925393575
1095.7499635 0 140.8925393575
1095.75 0 143.813141685
1460.9999635 0 143.813141685
1461 0 146.60643395
1826.2499635 0 146.60643395
1826.25 0 149.0095824775
2556.75 0 151.77138946
3287.2499635 0 151.95208761
4017.7499635 0 150.1998631075
4748.2499635 0 146.4941820675
4748.25 0 144.22108145
5113.4999635 0 144.22108145
5113.5 0 141.7953456525
5478.7499635 0 141.7953456525
5478.75 0 139.2874743325
5843.9999635 0 139.2874743325
5844 0 136.7508555775
6209.2499635 0 136.7508555775
6209.25 0 134.224503765
6574.4999635 0 134.224503765
6574.5 0 131.7351129375
7304.9999635 0 129.3025325125
7305 0 126.940451745
7670.2499635 0 126.940451745
7670.25 0 124.65708419
8035.499963 0 124.65708419
8035.5 0 122.457905545
8400.749963 0 122.457905545
8400.75 0 120.346338125
8765.999963 0 120.346338125
8766 0 118.321013005
9131.249963 0 118.321013005
9131.25 0 116.3839835725
9496.499963 0 116.3839835725
9496.5 0 114.5338809025
9861.749963 0 114.5338809025
9861.75 0 112.767967145
10226.999963 0 112.767967145
10227 0 111.08350445
11322.749963 0 107.9534565375
11687.999963 0 106.501026695
12053.249963 0 105.1197809725
13514.25 0 99.194387405
15340.5 0 94.6591375775
17166.75 0 91.02637015
18262.499963 0 89.8405201925
18993 0 88.049674425
20088.749963 0 87.0857867575
20819.249963 0 85.9548254625
22645.499963 0 83.4360027375
24106.5 0 80.9787816575
25932.75 0 78.5626283375
27758.999963 0 76.6666666675
29585.249963 0 74.3052703625
31046.25 0 71.9917864475
32507.25 0 70.1848049275
33968.25 0 68.4120465425
34698.75 0 67.5427789175
35429.25 0 66.6872005475
35794.5 0 66.262833675
36159.749963 0 66.262833675
36159.75 0 65.8384668025
36524.999963 0 65.8384668025
36525 0 65.427789185
36890.249963 0 65.427789185
36890.25 0 65.0171115675
37255.499963 0 65.0171115675
37255.5 0 64.60643395
37620.749963 0 64.60643395
37620.75 0 64.2026009575
37985.999963 0 64.2026009575
37986 0 63.7987679675
38351.249963 0 63.7987679675
38351.25 0 63.4017796025
38716.499963 0 63.4017796025
38716.5 0 63.00479124
39081.749963 0 63.00479124
39081.75 0 62.6214921275
39446.999963 0 62.6214921275
39447 0 62.2381930175
39812.25 0 61.8548939075
40542.75 0 61.10882957
41273.25 0 60.3764544825
41638.5 0 60.02053388
42003.749963 0 60.02053388
42003.75 0 59.6646132775
42368.999963 0 59.6646132775
42369 0 59.3155373025
42734.249963 0 59.3155373025
42734.25 0 58.9664613275
43099.499963 0 58.9664613275
43099.5 0 58.6310746075
43464.749963 0 58.6310746075
43464.75 0 58.295687885
43829.999963 0 58.295687885
43830 0 57.96714579
44195.249963 0 57.96714579
44195.25 0 57.638603695
44560.499963 0 57.638603695
44560.5 0 57.323750855
44925.749963 0 57.323750855
44925.75 0 56.99520876
45290.999963 0 56.99520876
45291 0 56.694045175
45656.249963 0 56.694045175
46386.749963 0 56.0780287475
47117.249963 0 55.4893908275
48212.999963 0 54.6338124575
49673.999963 0 53.5523613975
50769.75 0 52.5462012325
52230.749963 0 51.841204655
53326.5 0 50.9445585225
54787.5 0 50.1163586575
56248.5 0 49.34291581
56979 0 48.9801505825
57709.5 0 48.62422998
58074.75 0 48.453114305
58439.999963 0 48.453114305
58440 0 48.28199863
58805.249963 0 48.28199863
58805.25 0 48.12457221
59170.499963 0 48.12457221
59900.999963 0 47.8028747425
60631.499963 0 47.49486653
62092.499963 0 46.90622861
63553.499963 0 46.36550308
64649.25 0 45.8658453125
67571.249963 0 45.0855578375
70127.999963 0 44.3942505125
72684.75 0 43.7303216975
75241.5 0 43.216974675
78163.499963 0 42.765229295
80720.249963 0 42.3236833275
85833.749963 0 41.6673962025
91312.499963 0 41.0863086425
96425.999963 0 40.621438595
101539.5 0 40.1497322225
106653 0 39.7053711475
112131.74996 0 39.233664775
117245.25 0 38.6730861875
122723.99996 0 38.0851623025
127837.49996 0 37.4288751775
133316.24996 0 36.64269789
138429.74996 0 35.83601163
143543.24996 0 34.9336168325
148656.74996 0 33.969695115
154135.49996 0 32.8417016175
159248.99996 0 31.7205444425
164362.49996 0 30.5241877025
169475.99996 0 29.2731403675
174589.5 0 27.8785302225
179703 0 26.5386106725
184816.5 0 25.1645095025
189930 0 23.7562267105
195408.74996 0 22.3479439185
200522.24996 0 20.925988478
205635.74996 0 19.52454201025
210749.24996 0 18.12993186675
215862.75 0 16.66695848075
220976.25 0 15.3407115795
226089.75 0 14.0554826235
231203.25 0 12.81127161325
235951.49996 0 11.79949562675
240334.5 0 10.74670169475
245082.74996 0 9.82379792325
249465.75 0 8.88722150325
254213.99996 0 8.060026271
258597 0 7.23283103875
263345.24996 0 6.51501699425
267728.25 0 5.79720294975
273572.25 0 4.9973530145
279416.24996 0 4.32739323975
290739 0 3.11736385025
302426.99996 0 2.214969051575
313749.75 0 1.517663979775
347718 0 0.4511973994
381686.25 0 0.116217511965
384242.99996 0 0.1163586584525
