0 0 130.1363598475
365.2499635 0 130.1363598475
365.25 0 132.3670890075
730.4999635 0 132.40383299
730.5 0 134.7939767275
1095.7499635 0 134.7939767275
1095.75 0 137.2710472275
1460.9999635 0 137.2710472275
1461 0 139.683778235
1826.2499635 0 139.683778235
1826.25 0 141.811088295
3287.2499635 0 144.582477755
4017.7499635 0 143.0485968525
4748.2499635 0 139.6399726225
4748.25 0 137.5229295
5113.4999635 0 137.5229295
5113.5 0 135.252566735
5478.7499635 0 135.252566735
5478.75 0 132.8980150575
5843.9999635 0 132.8980150575
5844 0 130.5119780975
6209.2499635 0 130.5119780975
6209.25 0 128.1327857625
6574.4999635 0 128.1327857625
6574.5 0 125.785763175
7304.9999635 0 123.49212868
7305 0 121.2642026
7670.2499635 0 121.2642026
7670.25 0 119.110198495
8035.499963 0 119.110198495
8035.5 0 117.0349075975
8400.749963 0 117.0349075975
8400.75 0 115.0424366875
8765.999963 0 115.0424366875
8766 0 113.1321013
9131.249963 0 113.1321013
9131.25 0 111.3045859
9496.499963 0 111.3045859
9496.5 0 109.55852156
9861.749963 0 109.55852156
9861.75 0 107.89117043
10226.999963 0 107.89117043
10227 0 106.3025325125
10592.249963 0 106.3025325125
10592.25 0 104.787816565
11687.999963 0 101.973305955
12418.499963 0 99.427789185
13879.5 0 94.10130048
16071 0 89.267624915
17166.75 0 87.131244985
18262.5 0 85.1932921575
18993 0 83.94694577
19358.25 0 83.3473092975
19723.499963 0 83.3473092975
19723.5 0 82.8615511175
20088.749963 0 82.8615511175
20088.75 0 82.156057495
20453.999963 0 82.156057495
20454 0 81.5605749475
20819.249963 0 81.5605749475
20819.25 0 80.958247775
21184.499963 0 80.958247775
21914.999963 0 79.77412731
22645.499963 0 78.57631759
23741.25 0 76.2012320325
24471.75 0 75.0376454475
25202.25 0 73.874058865
25567.499963 0 73.874058865
25567.5 0 73.305954825
25932.749963 0 73.305954825
25932.75 0 72.73100616
26297.999963 0 72.73100616
26298 0 72.176591375
26663.249963 0 72.176591375
27393.749963 0 71.06091718
28124.249963 0 69.97946612
29220 0 67.8850102675
30315.75 0 66.38603696
31046.249963 0 65.9000684475
31411.5 0 64.955509925
32507.25 0 63.5728952775
33237.749963 0 63.1348391525
33603 0 62.2587269
34333.499963 0 61.8343600275
34698.75 0 61.006160165
35429.249963 0 60.6023271725
35794.5 0 59.808350445
36524.999963 0 59.425051335
36890.25 0 58.6721423675
37620.749963 0 58.3025325125
37986 0 57.58384668
38351.25 0 57.2416153325
38716.499963 0 57.2416153325
38716.5 0 56.8925393575
39081.749963 0 56.8925393575
39081.75 0 56.557152635
39446.999963 0 56.557152635
40177.499963 0 55.9000684475
40542.75 0 55.2635181375
41273.25 0 54.64750171
41638.499963 0 54.64750171
41638.5 0 54.3531827525
42003.749963 0 54.3531827525
42734.249963 0 53.77138946
43099.499963 0 53.4839151275
44560.499963 0 52.4093086925
45656.249963 0 51.6427104725
47847.75 0 50.0273785075
49673.999963 0 49.1923340175
51134.999963 0 48.4257357975
54056.999963 0 47.06365503
56979 0 45.770020535
59901 0 44.8117727575
63188.249963 0 44.0109514025
66110.249963 0 43.34017796
71954.249963 0 42.3203285425
83642.249963 0 41.1362080775
95330.249963 0 40.3653745425
107018.24996 0 39.8677099
118706.24996 0 39.1927948375
130394.24996 0 38.1838309075
142082.24996 0 36.7658275475
147926.24996 0 35.8932100925
153770.24996 0 34.9115154575
159614.24996 0 33.8139263175
165092.99996 0 32.70270253
170936.99996 0 31.4278629675
176415.74996 0 30.146206085
182259.74996 0 28.714568075
187738.49996 0 27.3033820375
190660.49996 0 26.539841765
192121.49996 0 26.15807163
192486.74996 0 26.0489944475
192851.99996 0 25.9603692375
193217.24996 0 25.85810938
198695.99996 0 24.378750103
210018.74996 0 21.26323310175
220976.25 0 18.16816807175
232298.99996 0 15.2844400815
243256.5 0 12.50297194875
252752.99996 0 10.47140944025
261884.25 0 8.562558761
271380.74996 0 6.9468530075
280512 0 5.5015803505
300965.99996 0 3.18369024
321054.75 0 1.690696315875
381686.25 0 0.1772504202125
384242.99996 0 0.1779603011625
