0 0 0.3603560526
365.2499635 0 0.3603560526
365.25 0 0.34663071265
730.4999635 0 0.34663071265
730.5 0 0.3324484742
1095.7499635 0 0.3324484742
1095.75 0 0.317934626875
1460.9999635 0 0.317934626875
1461 0 0.3032069701
1826.2499635 0 0.3032069701
1826.25 0 0.28837377045
2191.4999635 0 0.28837377045
2191.5 0 0.273533080675
2556.7499635 0 0.273533080675
2556.75 0 0.2587775061
2921.9999635 0 0.2587775061
2922 0 0.244200333045
3287.2499635 0 0.244200333045
3287.25 0 0.2299016569825
3652.4999635 0 0.2299016569825
3652.5 0 0.21597748789
4017.7499635 0 0.2171006160175
4017.75 0 0.2035770020525
4382.9999635 0 0.2035770020525
4383 0 0.1906098562625
4748.2499635 0 0.1906098562625
4748.25 0 0.1782744695425
5113.4999635 0 0.1782744695425
5113.5 0 0.1666249144425
5478.7499635 0 0.1666249144425
5478.75 0 0.1557036276525
5843.9999635 0 0.1557036276525
5844 0 0.1455311430525
6209.2499635 0 0.1455311430525
6209.25 0 0.1361163586575
6574.4999635 0 0.1361163586575
6574.5 0 0.1274585900075
6939.7499635 0 0.1274585900075
6939.75 0 0.11952772074
7304.9999635 0 0.11952772074
7305 0 0.112313483915
7670.2499635 0 0.112313483915
7670.25 0 0.10577686516
8035.499963 0 0.10577686516
8035.5 0 0.099876796715
8400.749963 0 0.099876796715
8400.75 0 0.094572210815
8765.999963 0 0.094572210815
8766 0 0.0898357289525
9131.249963 0 0.0898357289525
9131.25 0 0.0855920602325
9496.499963 0 0.0855920602325
9496.5 0 0.0818275154
9861.749963 0 0.0818275154
9861.75 0 0.0784804928125
10226.999963 0 0.0784804928125
10227 0 0.075516769335
10592.249963 0 0.075516769335
10592.25 0 0.0728952772075
10957.499963 0 0.0728952772075
10957.5 0 0.070574948665
11322.749963 0 0.070574948665
11322.75 0 0.0685284052025
11687.999963 0 0.0685284052025
11688 0 0.0667077344275
12053.249963 0 0.0667077344275
12053.25 0 0.065092402465
12418.499963 0 0.065092402465
12418.5 0 0.0636618754275
12783.749963 0 0.0636618754275
12783.75 0 0.0623750855575
13148.999963 0 0.0623750855575
13149 0 0.0612183436
13514.249963 0 0.0612183436
13514.25 0 0.0601505817925
13879.499963 0 0.0601505817925
13879.5 0 0.05918548939
14244.749963 0 0.05918548939
14244.75 0 0.05826146475
14609.999963 0 0.05826146475
14610 0 0.0573853524975
14975.249963 0 0.0573853524975
14975.25 0 0.0565297741275
15340.499963 0 0.0565297741275
15340.5 0 0.0556810403825
16070.999963 0 0.05483230664
16071 0 0.053963039015
16436.249963 0 0.053963039015
16436.25 0 0.0530732375075
16801.499963 0 0.0530732375075
16801.5 0 0.052064047755
17166.749963 0 0.052064047755
17166.75 0 0.0509851206425
17897.249963 0 0.050174650905
17897.25 0 0.0489596167
18262.499963 0 0.0489596167
18262.5 0 0.047697318015
18627.749963 0 0.047697318015
18627.75 0 0.04666180709
18992.999963 0 0.04666180709
18993 0 0.0454543036775
19358.249963 0 0.0454543036775
19358.25 0 0.044314278645
20088.749963 0 0.0433534698525
20088.75 0 0.0420123203275
20453.999963 0 0.0420123203275
20454 0 0.040848733745
20819.249963 0 0.040848733745
20819.25 0 0.039671457905
21184.499963 0 0.039671457905
21184.5 0 0.03848733744
21549.749963 0 0.03848733744
21549.75 0 0.0372963723475
21914.999963 0 0.0372963723475
21915 0 0.0360985626275
22280.249963 0 0.0360985626275
22280.25 0 0.0348939082825
22645.499963 0 0.0348939082825
22645.5 0 0.03370294319
23010.749963 0 0.03370294319
23010.75 0 0.0324982888425
23375.999963 0 0.0324982888425
23376 0 0.03130732375
23741.249963 0 0.03130732375
23741.25 0 0.030123203285
24106.499963 0 0.030123203285
24106.5 0 0.0289596167
24471.749963 0 0.0289596167
24471.75 0 0.0278028747425
24836.999963 0 0.0278028747425
24837 0 0.0266735112925
25202.249963 0 0.0266735112925
25202.25 0 0.0255578370975
25567.499963 0 0.0255578370975
25567.5 0 0.024483230664
25932.749963 0 0.024483230664
25932.75 0 0.023422313484
26297.999963 0 0.023422313484
26298 0 0.02240930869275
26663.249963 0 0.02240930869275
26663.25 0 0.02140999315525
27028.499963 0 0.02140999315525
27028.5 0 0.02045859000675
27393.749963 0 0.02045859000675
27393.75 0 0.01952772073925
27758.999963 0 0.01952772073925
27759 0 0.01865160848725
28124.249963 0 0.01865160848725
28124.25 0 0.01779603011625
28489.499963 0 0.01779603011625
28489.5 0 0.01697467488025
28854.749963 0 0.01697467488025
28854.75 0 0.016194387406
29219.999963 0 0.016194387406
29220 0 0.0154483230665
29585.249963 0 0.0154483230665
29585.25 0 0.01472963723475
29950.499963 0 0.01472963723475
29950.5 0 0.014045174538
31776.75 0 0.011088295688
33603 0 0.00878165639975
36159.749963 0 0.0066940451745
38351.25 0 0.00494182067075
44560.5 0 0.002546201232
55152.75 0 0.001081451060925
65745 0 0.000622861054075
78163.5 0 0.000451745379875
90581.999963 0 0.00043805612595
103000.49996 0 0.00049965776865
115053.74996 0 0.000622861054075
121993.49996 0 0.00073237508555
128933.24996 0 0.000855578370975
135872.99996 0 0.0009993155373
142447.49996 0 0.001156741957575
149387.24996 0 0.001334702258725
156326.99996 0 0.001526351813825
163266.74996 0 0.0017248459959
169841.24996 0 0.00190280629705
176780.99996 0 0.00209445585215
183720.74996 0 0.002272416153325
197234.99996 0 0.002546201232
224263.49996 0 0.002751540041
243986.99996 0 0.00258042436675
263710.49996 0 0.002217659137575
283433.99996 0 0.001744862669025
303157.49996 0 0.001259038161175
381686.25 0 0.0001573797701475
384242.99996 0 0.00015742642026
