0 0 581.017111575
365.2499635 0 581.017111575
365.25 0 583.0862423
730.4999635 0 583.0862423
730.5 0 585.076659825
1095.7499635 0 585.076659825
1095.75 0 586.540041075
2191.4999635 0 587.144421625
2191.5 0 585.771846825
2556.7499635 0 585.771846825
2556.75 0 584.698478725
2921.9999635 0 584.698478725
2922 0 583.413171675
3287.2499635 0 583.413171675
3287.25 0 582.032150275
3652.4999635 0 582.032150275
3652.5 0 580.589598225
4017.7499635 0 580.589598225
4017.75 0 579.078678775
4382.9999635 0 579.078678775
4383 0 577.472044975
4748.2499635 0 577.472044975
4748.25 0 575.673982475
5113.4999635 0 575.673982475
5113.5 0 573.643470825
5478.7499635 0 573.643470825
5478.75 0 571.2711222
5843.9999635 0 571.2711222
5844 0 568.495405925
6209.2499635 0 568.495405925
6209.25 0 565.241117875
6574.4999635 0 565.241117875
6574.5 0 561.41938045
6939.7499635 0 561.41938045
6939.75 0 556.982336475
7304.9999635 0 556.982336475
7305 0 551.827434825
7670.2499635 0 551.827434825
7670.25 0 545.934165325
8035.499963 0 545.934165325
8035.5 0 539.213650325
8400.749963 0 539.213650325
8400.75 0 531.638542875
8765.999963 0 532.251882275
8766 0 523.7577002
9131.249963 0 523.7577002
9131.25 0 514.32580425
9496.499963 0 514.32580425
9496.5 0 503.942505125
9861.749963 0 503.942505125
9861.75 0 492.60095825
10226.999963 0 492.60095825
10227 0 480.29431895
10592.249963 0 480.29431895
10592.25 0 466.99520875
10957.499963 0 466.99520875
10957.5 0 452.279260775
11322.749963 0 452.279260775
11322.75 0 434.818617375
11687.999963 0 434.818617375
11688 0 412.9158111
12053.249963 0 412.9158111
12053.25 0 386.187542775
12418.499963 0 386.187542775
12418.5 0 355.947980825
12783.749963 0 355.947980825
12783.75 0 324.40109515
13148.999963 0 324.40109515
13149 0 293.456536625
13514.249963 0 293.456536625
13514.25 0 264.42847365
13879.499963 0 264.42847365
13879.5 0 237.932922655
14244.749963 0 237.932922655
14244.75 0 214.1683778225
14609.999963 0 214.1683778225
14610 0 193.0663928825
14975.249963 0 193.0663928825
14975.25 0 174.4284736475
15340.499963 0 174.4284736475
15340.5 0 158.0082135525
15705.749963 0 158.0082135525
15705.75 0 143.54551677
16070.999963 0 143.54551677
16071 0 130.7871321025
16436.249963 0 130.7871321025
16436.25 0 119.514031485
16801.499963 0 119.514031485
16801.5 0 108.6931487
17166.749963 0 108.6931487
17166.75 0 100.6976795
17531.999963 0 100.6976795
17532 0 91.8480492825
17897.249963 0 91.8480492825
17897.25 0 84.399153925
18262.499963 0 84.399153925
18262.5 0 75.92090658
18627.749963 0 75.92090658
18627.75 0 74.2726841875
18992.999963 0 74.2726841875
18993 0 67.255304585
19358.249963 0 67.255304585
19358.25 0 62.8268309375
19723.499963 0 62.8268309375
19723.5 0 58.7953456525
20088.749963 0 58.7953456525
20088.75 0 55.133470225
20453.999963 0 55.133470225
20454 0 50.2120962425
20819.249963 0 50.2120962425
20819.25 0 47.956031405
21184.499963 0 47.956031405
21184.5 0 45.53506727
21549.749963 0 45.53506727
21549.75 0 43.1384548225
21914.999963 0 43.1384548225
21915 0 40.851360325
22280.249963 0 40.851360325
22280.25 0 38.70284593
22645.499963 0 38.70284593
22645.5 0 36.7029149925
23010.749963 0 36.7029149925
23010.75 0 34.8380960825
23375.999963 0 34.8380960825
23376 0 33.1057012425
24106.499963 0 32.8999368175
24106.5 0 29.897330595
24471.749963 0 29.897330595
24471.75 0 28.5147159475
24836.999963 0 28.5147159475
24837 0 27.214236825
25202.249963 0 27.214236825
25202.25 0 26.0095824775
25567.499963 0 26.0095824775
25567.5 0 24.873374401
25932.749963 0 24.873374401
25932.75 0 23.812457221
26297.999963 0 23.812457221
26298 0 22.81314168375
26663.249963 0 22.81314168375
26663.25 0 21.87542778925
27028.499963 0 21.87542778925
27028.5 0 20.99247091025
27393.749963 0 20.99247091025
27393.75 0 20.16427104725
27758.999963 0 20.16427104725
27759 0 19.383983573
28124.249963 0 19.383983573
28124.25 0 18.64476386025
28489.499963 0 18.64476386025
28489.5 0 17.93976728275
29950.5 0 15.509924709
31411.5 0 13.5318275155
32142 0 12.6830937715
32872.5 0 11.909650924
33237.75 0 11.55373032175
33603 0 11.20465434625
33968.25 0 10.876112252
34333.499963 0 10.876112252
34333.5 0 10.56125941125
34698.749963 0 10.56125941125
34698.75 0 10.26009582475
35064 0 9.96577686525
35429.249963 0 9.96577686525
35429.25 0 9.6988364135
35794.499963 0 9.6988364135
35794.5 0 9.42505133475
37986 0 8.04243668725
40177.5 0 6.94729637225
44560.5 0 5.331964408
56979 0 2.94318959625
66475.5 0 2.080766598225
75972 0 1.5537303217
84738 0 1.238877481175
93504 0 1.01300479125
102270 0 0.848733744
111036 0 0.7255304586
128568 0 0.5544147844
146100 0 0.43805612595
175685.25 0 0.3216974675
205270.49996 0 0.2532511978
220245.74996 0 0.239561943875
227550.74996 0 0.273785078725
234855.74996 0 0.369609856275
242160.74996 0 0.5338809035
249465.74996 0 0.69130732375
264075.74996 0 0.739219712525
322881 0 0.0889797643925
381686.25 0 0.006844597261
384242.99996 0 0.00684462696775
