0 0 175967.4709625
365.2499635 0 178287.8993575
365.25 0 180231.954405
730.4999635 0 180231.954405
730.5 0 182839.794455
1095.7499635 0 182839.794455
1095.75 0 186075.5662925
1460.9999635 0 186075.5662925
1461 0 189811.4081625
1826.2499635 0 189919.515385
1826.25 0 193840.1306625
2191.4999635 0 193840.1306625
2191.5 0 198099.24709
2556.7499635 0 198099.24709
2556.75 0 202087.611225
2921.9999635 0 202087.611225
2922 0 205722.7926075
3287.2499635 0 205722.7926075
3287.25 0 208848.733745
3652.4999635 0 208848.733745
3652.5 0 211365.50308
4017.7499635 0 211365.50308
4017.75 0 213219.712525
4748.25 0 214923.3401775
5843.9999635 0 214146.4750175
5844 0 212942.5051325
6209.2499635 0 212942.5051325
6209.25 0 211262.1492125
6574.4999635 0 211262.1492125
6574.5 0 209156.7419575
6939.7499635 0 209156.7419575
6939.75 0 206677.61807
7304.9999635 0 206677.61807
7305 0 203872.005475
7670.2499635 0 203872.005475
7670.25 0 200786.4476375
8035.499963 0 200786.4476375
8035.5 0 197467.4880225
8400.749963 0 197467.4880225
8400.75 0 193958.9322375
8765.999963 0 193958.9322375
8766 0 190303.216975
9131.249963 0 190303.216975
9131.25 0 186541.4099925
9496.499963 0 186541.4099925
9496.5 0 182711.841205
9861.749963 0 182711.841205
9861.75 0 178853.5249825
10226.999963 0 178853.5249825
10227 0 174996.5776875
10592.249963 0 174996.5776875
10592.25 0 171174.5379875
10957.499963 0 171174.5379875
10957.5 0 167419.5756325
11322.749963 0 167419.5756325
11322.75 0 163737.166325
11687.999963 0 163737.166325
11688 0 160130.0479125
12053.249963 0 160130.0479125
12053.25 0 156543.46338
12418.499963 0 156543.46338
12418.5 0 152902.121835
12783.749963 0 152902.121835
12783.75 0 149096.50924
13148.999963 0 149096.50924
13149 0 145065.023955
13514.249963 0 145065.023955
13514.25 0 140793.9767275
13879.499963 0 140793.9767275
13879.5 0 136338.1245725
14244.749963 0 136338.1245725
14244.75 0 131752.224505
14609.999963 0 131752.224505
14610 0 127132.1013
14975.249963 0 127132.1013
14975.25 0 122546.2012325
15340.499963 0 122546.2012325
15340.5 0 118049.281315
15705.749963 0 118049.281315
15705.75 0 113689.253935
16070.999963 0 113689.253935
16071 0 109514.031485
16436.249963 0 109514.031485
16436.25 0 105509.92471
16801.499963 0 105509.92471
16801.5 0 101387.88247
17166.749963 0 101387.88247
17166.75 0 97461.37102
17531.999963 0 97461.37102
17532 0 93438.394415
17897.249963 0 93438.394415
17897.25 0 90581.921525
18262.499963 0 90581.921525
18262.5 0 87405.000265
18992.999963 0 85735.01278
18993 0 81861.738535
19358.249963 0 81861.738535
19358.25 0 79390.8282
19723.499963 0 79390.8282
19723.5 0 77049.9657775
20088.749963 0 77049.9657775
20088.75 0 74832.30664
20453.999963 0 74832.30664
20454 0 72724.1615325
20819.249963 0 72724.1615325
20819.25 0 70718.6858325
21184.499963 0 70718.6858325
21184.5 0 68815.879535
21549.749963 0 68815.879535
21549.75 0 67002.0533875
21914.999963 0 67002.0533875
21915 0 65270.362765
22280.249963 0 65270.362765
22280.25 0 63613.96304
22645.499963 0 63613.96304
22645.5 0 62039.6988375
23010.749963 0 62039.6988375
23010.75 0 60527.0362775
23375.999963 0 60527.0362775
23376 0 59082.8199875
23741.249963 0 59082.8199875
23741.25 0 57686.516085
24106.499963 0 57686.516085
24106.5 0 56365.50308
24471.749963 0 56365.50308
24471.75 0 55078.71321
24836.999963 0 55078.71321
24837 0 53846.680355
25202.249963 0 53846.680355
25202.25 0 52662.55989
25567.499963 0 52662.55989
25567.5 0 51519.5071875
25932.749963 0 51519.5071875
25932.75 0 50417.522245
26297.999963 0 50417.522245
26298 0 49356.605065
26663.249963 0 49356.605065
26663.25 0 48316.221765
27028.499963 0 48316.221765
27028.5 0 47330.5954825
27393.749963 0 47330.5954825
27393.75 0 46258.14573
29219.999963 0 42692.99704
30680.999963 0 39523.9759825
33603 0 33554.742355
37255.5 0 28452.891645
40908 0 24580.40255125
43464.75 0 22442.67929525
46021.499963 0 20899.14748725
50769.75 0 18112.594489
54787.5 0 16507.59460025
58805.249963 0 15380.67978475
66475.5 0 13625.42458725
72319.499963 0 12839.99911
77798.249963 0 12252.6374485
83277 0 11781.382162
88755.75 0 11453.5523975
95330.249963 0 11159.87156675
101539.49996 0 10920.82903025
104826.74996 0 10811.552442
106287.74996 0 10763.74393475
107018.24996 0 10736.42478775
107383.49996 0 10729.59500075
107748.74996 0 10722.765214
113957.99996 0 10524.701398
138794.99996 0 9691.46741325
151213.5 0 9151.91425925
163632 0 8557.722811
176050.5 0 7895.23349525
188469 0 7198.59524575
213671.24996 0 5818.97832
238508.24996 0 4753.53158525
263345.25 0 3585.63804925
288182.25 0 2527.0211015
334934.25 0 1277.170124225
381686.25 0 696.638249575
384242.99996 0 698.151950725
