0 0 6.544138813e-05
2921.9999635 0 0.01332374120925
6209.2499635 0 0.07891989404
6209.25 0 0.0917806298675
6574.4999635 0 0.0917806298675
6574.5 0 0.10597361592
6939.7499635 0 0.10597361592
6939.75 0 0.1215668234525
7304.9999635 0 0.1215668234525
7305 0 0.138633973545
7670.2499635 0 0.138633973545
7670.25 0 0.1572572751375
8035.499963 0 0.1572572751375
8035.5 0 0.1775206484275
8400.749963 0 0.1775206484275
8400.75 0 0.1995089719125
8765.999963 0 0.1995089719125
8766 0 0.2233071240975
9131.249963 0 0.2233071240975
9131.25 0 0.2489972454675
9496.499963 0 0.2489972454675
9496.5 0 0.276647101925
9861.749963 0 0.276647101925
9861.75 0 0.306250532925
10226.999963 0 0.306250532925
10227 0 0.337630936425
10592.249963 0 0.337630936425
10592.25 0 0.37038240155
10957.499963 0 0.37038240155
10957.5 0 0.4039018802
11322.749963 0 0.4039018802
11322.75 0 0.437534302025
11687.999963 0 0.437534302025
11688 0 0.4706684049
12053.249963 0 0.4706684049
12053.25 0 0.502805185375
12418.499963 0 0.502805185375
12418.5 0 0.53357364225
12783.749963 0 0.53357364225
12783.75 0 0.562714348525
13148.999963 0 0.562714348525
13149 0 0.5900637077
13514.249963 0 0.5900637077
13514.25 0 0.615527258225
13879.499963 0 0.615527258225
13879.5 0 0.6390666679
14244.749963 0 0.6390666679
14244.75 0 0.66069699575
14609.999963 0 0.66069699575
14610 0 0.680458627575
14975.249963 0 0.680458627575
14975.25 0 0.698406323675
16801.499963 0 0.753942505125
18262.5 0 0.79745908235
22645.5 0 0.82245037645
29950.499963 0 0.813600273775
34698.749963 0 0.775071868575
36890.25 0 0.73671457905
39081.75 0 0.696735112925
41273.25 0 0.653045859
42369 0 0.630554414775
43464.75 0 0.607939767275
44195.249963 0 0.6004791239
44560.5 0 0.585489390825
45290.999963 0 0.578028747425
45656.25 0 0.563244353175
46386.749963 0 0.555920602325
46752 0 0.54140999315
47482.499963 0 0.534360027375
47847.75 0 0.520260095825
48578.249963 0 0.513278576325
48943.5 0 0.49965776865
49673.999963 0 0.49288158795
50039.25 0 0.479739904175
50769.749963 0 0.47323750855
51135 0 0.460574948675
51865.499963 0 0.454346338125
52230.75 0 0.442162902125
52596 0 0.43620807665
52961.249963 0 0.43620807665
52961.25 0 0.430390143725
53326.499963 0 0.430390143725
53326.5 0 0.424572210825
53691.749963 0 0.424572210825
53691.75 0 0.418891170425
54056.999963 0 0.418891170425
54057 0 0.413278576325
54422.249963 0 0.413278576325
54422.25 0 0.407734428475
54787.499963 0 0.407734428475
54787.5 0 0.402327173175
55152.749963 0 0.402327173175
55883.249963 0 0.39178644765
56613.749963 0 0.381519507175
57709.5 0 0.362012320325
58440 0 0.352772073925
59170.5 0 0.343874058875
59535.75 0 0.339561943875
59900.999963 0 0.339561943875
59901 0 0.335249828875
60266.249963 0 0.335249828875
60266.25 0 0.331074606425
60631.499963 0 0.331074606425
61361.999963 0 0.3229979466
62092.499963 0 0.3151266256
63188.25 0 0.300273785075
64283.999963 0 0.293292265575
65014.499963 0 0.286516084875
66475.499963 0 0.273785078725
69397.499963 0 0.2509924709
72319.5 0 0.2292950034225
75241.5 0 0.21293634497
79259.249963 0 0.19582477755
82911.75 0 0.1804928131425
86929.499963 0 0.169130732375
90582 0 0.1590691307325
97887 0 0.145722108145
105191.99996 0 0.137440109515
119436.75 0 0.1292265571525
143543.24996 0 0.1314852840525
155596.49996 0 0.137029431895
167284.49996 0 0.1442847364825
175319.99996 0 0.1504449007525
183355.49996 0 0.15728952772
191390.99996 0 0.164750171115
199426.49996 0 0.1728952772075
215497.49996 0 0.1911704312125
231568.49996 0 0.2119780971925
240699.74996 0 0.2249828884325
249465.74996 0 0.23846680356
258231.74996 0 0.25427789185
266997.74996 0 0.281998631075
270284.99996 0 0.301642710475
273572.24996 0 0.32970568105
276859.49996 0 0.366735112925
280146.74996 0 0.410677618075
283433.99996 0 0.458521560575
286721.24996 0 0.5069815195
290008.49996 0 0.55427789185
293295.74996 0 0.6
296582.99996 0 0.64483230665
298409.24996 0 0.669815195075
298774.49996 0 0.67481177275
299139.74996 0 0.679876796725
299870.24996 0 0.690006844625
306079.49996 0 0.779534565375
312288.74996 0 0.875427789175
318132.75 0 0.9760781997
324341.99996 0 1.070506433275
330186 0 1.168977675425
336395.25 0 1.2625150766
342604.5 0 1.3490628698
362327.99996 0 1.580199612825
381686.25 0 1.802669404525
384242.99996 0 1.802669404525
