0 0 0.10931117482
2922 0 0.10403078274
7670.25 0 0.097067949375
14244.749963 0 0.0924978823375
16070.999963 0 0.0851219588275
16071 0 0.0831635547275
16436.249963 0 0.0831635547275
16436.25 0 0.081133786215
16801.499963 0 0.081133786215
16801.5 0 0.0788782295325
17897.249963 0 0.0746389386925
17897.25 0 0.07242434433
18262.499963 0 0.07242434433
18262.5 0 0.06961137187
18992.999963 0 0.06904511279
18993 0 0.066412818025
20453.999963 0 0.061182630195
20454 0 0.05877176198
23376 0 0.0486203259175
24106.499963 0 0.0484692519275
24106.5 0 0.0463710841025
25202.25 0 0.0433614273425
30681 0 0.0322518822725
36525 0 0.02501026694
42369 0 0.02026009582475
59170.5 0 0.013216974675
74145.75 0 0.01047912388775
89121 0 0.0090212183435
103365.75 0 0.0082067077345
117610.49996 0 0.00770704996575
124915.49996 0 0.00750855578375
131855.24996 0 0.0073579739905
145734.75 0 0.0071047227925
155596.5 0 0.00697467488025
165458.24996 0 0.00687200547575
175319.99996 0 0.00676249144425
184816.49996 0 0.0066872005475
194678.24996 0 0.006611909651
199426.49996 0 0.006570841889
204174.74996 0 0.00653661875425
209288.24996 0 0.0065092402465
214036.49996 0 0.0065023956195
214401.74996 0 0.0064955509925
214766.99996 0 0.0065023956195
215497.49996 0 0.0065023956195
216593.24996 0 0.0065092402465
218784.74996 0 0.00652292950025
221341.49996 0 0.00656399726225
223532.99996 0 0.006605065024
254213.99996 0 0.0088227241615
284529.75 0 0.010219028063
381686.25 0 0.0084707992535
384242.99996 0 0.00846680355925
