0 0 1.1301586893
1095.7499635 0 1.123798767975
2191.4999635 0 1.11008898015
2191.5 0 1.098863791925
2556.7499635 0 1.098863791925
2556.75 0 1.084387405875
2921.9999635 0 1.084387405875
2922 0 1.067583846675
3287.2499635 0 1.067583846675
3287.25 0 1.0495208761
3652.4999635 0 1.0495208761
3652.5 0 1.031136208075
4017.7499635 0 1.031136208075
4017.75 0 1.0131964408
4382.9999635 0 1.0131964408
4383 0 0.996201232025
4748.2499635 0 0.996201232025
4748.25 0 0.98045859
5113.4999635 0 0.98045859
5113.5 0 0.96615331965
5478.7499635 0 0.96615331965
5478.75 0 0.9533264887
5843.9999635 0 0.9533264887
5844 0 0.941950718675
6574.5 0 0.923189596175
7305 0 0.90894592745
8035.5 0 0.898220397
8400.749963 0 0.898220397
8400.75 0 0.893908282
8765.999963 0 0.893908282
9496.499963 0 0.88686516085
9861.75 0 0.8814715948
10957.5 0 0.875516769325
12053.249963 0 0.8725119781
13148.999963 0 0.868733744
13879.499963 0 0.865249828875
14609.999963 0 0.85808350445
15340.499963 0 0.8446680356
15340.5 0 0.83534565365
15705.749963 0 0.83534565365
15705.75 0 0.824435318275
16070.999963 0 0.824435318275
16071 0 0.8121560575
16436.249963 0 0.8121560575
16436.25 0 0.798774811775
16801.499963 0 0.798774811775
16801.5 0 0.783222573225
17166.749963 0 0.783222573225
17166.75 0 0.766512565375
17531.999963 0 0.766512565375
17532 0 0.75390620295
17897.249963 0 0.75390620295
17897.25 0 0.735462012325
18262.499963 0 0.735462012325
18262.5 0 0.716777078625
18992.999963 0 0.70179218585
18993 0 0.6847761456
19723.499963 0 0.671678546125
19723.5 0 0.65377138945
20088.749963 0 0.65377138945
20088.75 0 0.638685831625
20453.999963 0 0.638685831625
20454 0 0.6238329911
20819.249963 0 0.6238329911
20819.25 0 0.60922655715
21184.499963 0 0.60922655715
21184.5 0 0.594866529775
21549.749963 0 0.594866529775
21549.75 0 0.5807871321
21914.999963 0 0.5807871321
21915 0 0.56696783025
22280.249963 0 0.56696783025
22280.25 0 0.5534291581
22645.499963 0 0.5534291581
22645.5 0 0.5401779603
23010.749963 0 0.5401779603
23010.75 0 0.5272073922
23375.999963 0 0.5272073922
23376 0 0.514524298425
23741.249963 0 0.514524298425
23741.25 0 0.502128678975
24106.499963 0 0.502128678975
24106.5 0 0.490020533875
24471.749963 0 0.490020533875
24471.75 0 0.478193018475
24836.999963 0 0.478193018475
24837 0 0.46665982205
25202.249963 0 0.46665982205
25202.25 0 0.4554072553
25567.499963 0 0.4554072553
25567.5 0 0.4444421629
25932.749963 0 0.4444421629
25932.75 0 0.4337577002
26297.999963 0 0.4337577002
26298 0 0.423353867225
26663.249963 0 0.423353867225
26663.25 0 0.41323750855
27028.499963 0 0.41323750855
27028.5 0 0.4034017796
27393.749963 0 0.4034017796
27393.75 0 0.393839835725
28124.249963 0 0.38455852155
28489.5 0 0.3668035592
29585.249963 0 0.3501026694
30315.749963 0 0.334496919925
30680.999963 0 0.327036276525
31411.5 0 0.306160164275
32507.25 0 0.287405886375
33602.999963 0 0.2758384668
34698.749963 0 0.260095824775
35429.25 0 0.245927446955
36525 0 0.233196440795
37620.75 0 0.2217659137575
38351.249963 0 0.218275154005
38716.5 0 0.211498973305
39446.999963 0 0.2083504449
39812.25 0 0.2022587269
41273.25 0 0.19144421629
42734.249963 0 0.184257357975
44195.249963 0 0.175701574265
45291 0 0.16830937714
46752 0 0.16187542779
48212.999963 0 0.15763175907
50769.75 0 0.148117727585
54056.999963 0 0.1410677618075
56979 0 0.135181382615
60266.249963 0 0.1314168377825
63188.25 0 0.1282683093775
68301.75 0 0.1251882272425
73415.249963 0 0.12340862423
83277 0 0.12136534696
92773.5 0 0.12047597294
102269.99996 0 0.1197234256925
120897.74996 0 0.1181499178125
139525.49996 0 0.116713236705
158153.24996 0 0.11520814221
195408.74996 0 0.1125400201525
232664.24996 0 0.110350791795
307175.25 0 0.10713536265
381686.25 0 0.1049461342925
384242.99996 0 0.1049965776875
