0 0 1.03547475655
365.2499635 0 1.03547475655
365.25 0 1.0554075508
730.4999635 0 1.0554075508
730.5 0 1.076285800375
1095.7499635 0 1.076285800375
1095.75 0 1.09701355395
1460.9999635 0 1.09701355395
1461 0 1.116909540525
1826.2499635 0 1.116909540525
1826.25 0 1.135010825775
2191.4999635 0 1.135132426275
2191.5 0 1.15270362765
2556.7499635 0 1.15270362765
2556.75 0 1.168062970575
4017.75 0 1.21473648185
5844 0 1.246071184125
8035.499963 0 1.244483230675
10957.499963 0 1.196605065025
13514.249963 0 1.15186858315
16436.249963 0 1.1110130048
18992.999963 0 1.066878624275
20819.249963 0 1.0123447224
21184.499963 0 1.00350710385
21549.749963 0 0.99313115205
21914.999963 0 0.9818437548
22645.499963 0 0.95775095385
22645.5 0 0.945240445275
23010.749963 0 0.945240445275
23010.75 0 0.932578498625
23375.999963 0 0.932578498625
23376 0 0.919736864025
24106.499963 0 0.91842018275
24106.5 0 0.893976728275
24471.749963 0 0.893976728275
24471.75 0 0.88090349075
28489.499963 0 0.7546201232
30315.75 0 0.685489390825
32142 0 0.63285420945
34698.75 0 0.566735112925
37255.5 0 0.509103353875
42734.25 0 0.410677618075
49674 0 0.323545516775
58074.75 0 0.254893908275
63188.25 0 0.2260780287475
68301.75 0 0.20410677618
78528.75 0 0.17446954141
95695.499963 0 0.152416098
112497 0 0.14626201598
247274.24996 0 0.1393557683825
381686.25 0 0.1310819470025
384242.99996 0 0.1312114989725
