0 0 7.9702153585e-07
4017.7499635 0 2.99782305925e-06
9131.249963 0 7.1808120815e-06
13148.999963 0 1.314415104825e-05
19723.5 0 2.66615364875e-05
24837 0 3.17303216975e-05
29220 0 3.30513347025e-05
46386.749963 0 3.22149212875e-05
59535.749963 0 3.39500342225e-05
67571.249963 0 3.610403833e-05
75241.499963 0 3.87645448325e-05
84372.749963 0 4.257357974e-05
93138.749963 0 4.67898699525e-05
103730.99996 0 5.25462012325e-05
114323.24996 0 5.8952772075e-05
124550.24996 0 6.57357974e-05
134411.99996 0 7.27926078025e-05
145369.49996 0 8.1232032855e-05
155961.74996 0 8.9945242985e-05
166919.24996 0 9.95208761125e-05
177511.49996 0 0.000109288158795
184451.24996 0 0.0001159411362075
191025.74996 0 0.0001224093086925
197600.24996 0 0.00012902806297
204174.74996 0 0.000135927446955
211114.49996 0 0.0001442162902125
217688.99996 0 0.0001537645448325
223167.74996 0 0.00016320328542
224628.74996 0 0.000165927446955
224993.99996 0 0.0001666324435325
225359.24996 0 0.0001673305954825
225724.49996 0 0.00016803559206
228281.24996 0 0.00017309377139
240699.74996 0 0.0001996988364125
252753 0 0.000226420260095
269919.75 0 0.0002596167009
289643.25 0 0.000292060232725
308271 0 0.00031839291635
326898.75 0 0.00033903393895
345526.5 0 0.0003537775265
364884.75 0 0.000362212230075
381686.25 0 0.0003629705681
384242.99996 0 0.0003629705681
