0 0 0.0
1460.9999635 0 0.0
1461 0 7.1759875375e-08
6209.2499635 0 6.55754127575e-07
116514.74996 0 7.6293620975e-06
171667.49996 0 1.310683552425e-05
199426.49996 0 1.8527878471e-05
226820.24996 0 3.1895306065e-05
232298.99996 0 5.48250039575e-05
237412.49996 0 8.586990727e-05
248004.74996 0 0.0001443260007475
258596.99996 0 0.000207617874915
268823.99996 0 0.00028761120665
275763.74996 0 0.000364615869975
282703.49996 0 0.000460000141675
289643.24996 0 0.000565915474925
296217.74996 0 0.00068744179235
298043.99996 0 0.00072770544065
299139.74996 0 0.000771009541375
299870.24996 0 0.000771009541375
300235.49996 0 0.000796364043575
300600.74996 0 0.000796364043575
300965.99996 0 0.00081541325815
301696.49996 0 0.00081541325815
303522.74996 0 0.000862556645375
310827.74996 0 0.00107908017445
323611.49996 0 0.001585865866275
336395.24996 0 0.002318487024275
340778.25 0 0.00271864851975
341873.99996 0 0.00271864851975
341874 0 0.00280355637575
342604.5 0 0.00286605591475
343700.24996 0 0.00286605591475
343700.25 0 0.00295551837525
344430.75 0 0.0030215842435
345526.49996 0 0.0030215842435
345526.5 0 0.00311541807075
346257 0 0.003184637289
347352.74996 0 0.003184637289
347352.75 0 0.00328315302025
349178.99996 0 0.003355859102
349179 0 0.0034610603785
349909.5 0 0.00353643368825
351005.24996 0 0.00353643368825
351005.25 0 0.00364652992275
351735.74996 0 0.00364652992275
351735.75 0 0.0037261471015
352831.49996 0 0.0037261471015
352831.5 0 0.003841261867
353561.99996 0 0.003841261867
353562 0 0.0039255378925
354657.74996 0 0.0039255378925
354657.75 0 0.00404635833825
355388.24996 0 0.00404635833825
355388.25 0 0.00413426655625
356483.99996 0 0.00413426655625
356484 0 0.0042597897595
357214.49996 0 0.0042597897595
357214.5 0 0.0043397223385
358310.24996 0 0.0043397223385
358310.25 0 0.00447262313
360136.49996 0 0.00457006114875
360136.5 0 0.00470913914925
360866.99996 0 0.00470913914925
360867 0 0.0048115276115
361962.74996 0 0.0048115276115
361962.75 0 0.004956689341
362693.24996 0 0.004956689341
362693.25 0 0.0050631894005
363788.99996 0 0.0050631894005
363789 0 0.00521627017375
364519.49996 0 0.00521627017375
364519.5 0 0.005362518789
365615.24996 0 0.005362518789
365615.25 0 0.00557195948675
367076.24996 0 0.00557195948675
367076.25 0 0.00585775416325
369267.74996 0 0.00589697479625
369267.75 0 0.0062330714475
371093.99996 0 0.0062330714475
371094 0 0.00655625437925
372920.24996 0 0.00655625437925
372920.25 0 0.00689188179825
374746.49996 0 0.00689188179825
374746.5 0 0.007246955703
376572.74996 0 0.007246955703
376572.75 0 0.00761758703025
378398.99996 0 0.00761758703025
378399 0 0.00800589096625
380225.24996 0 0.00800589096625
380225.25 0 0.00841616235775
381686.25 0 0.00841616235775
384242.99996 0 0.00841616235775
