0 0 2.71377376675e-07
365.2499635 0 2.71377376675e-07
365.25 0 2.83853077725e-07
730.4999635 0 2.83853077725e-07
730.5 0 2.965845361e-07
1095.7499635 0 2.965845361e-07
1095.75 0 3.09323094325e-07
1460.9999635 0 3.09323094325e-07
1461 0 3.2203623655e-07
1826.2499635 0 3.2203623655e-07
1826.25 0 3.34258640925e-07
2191.4999635 0 3.34258640925e-07
2191.5 0 3.4731227495e-07
2556.7499635 0 3.4731227495e-07
2556.75 0 3.59833284025e-07
2921.9999635 0 3.59833284025e-07
2922 0 3.72251027075e-07
3287.2499635 0 3.72251027075e-07
3287.25 0 3.845485195e-07
3652.4999635 0 3.845485195e-07
3652.5 0 3.96705379875e-07
4017.7499635 0 3.96705379875e-07
4017.75 0 4.08705982425e-07
4382.9999635 0 4.08705982425e-07
4383 0 4.20532663175e-07
4748.2499635 0 4.20532663175e-07
4748.25 0 4.32169796375e-07
5113.4999635 0 4.32169796375e-07
5113.5 0 4.43599718075e-07
5478.7499635 0 4.43599718075e-07
5478.75 0 4.54809520025e-07
5843.9999635 0 4.54809520025e-07
5844 0 4.65784255825e-07
6209.2499635 0 4.65784255825e-07
6209.25 0 4.76518490425e-07
6574.4999635 0 4.76518490425e-07
6574.5 0 4.8697417845e-07
6939.7499635 0 4.8697417845e-07
6939.75 0 4.97178495125e-07
7304.9999635 0 4.97178495125e-07
7305 0 5.07083883775e-07
7670.2499635 0 5.07083883775e-07
7670.25 0 5.16697138175e-07
8035.499963 0 5.16697138175e-07
8035.5 0 5.260046707e-07
8400.749963 0 5.260046707e-07
8400.75 0 5.349860999e-07
8765.999963 0 5.349860999e-07
8766 0 5.43641425775e-07
9131.249963 0 5.43641425775e-07
9131.25 0 5.51950266875e-07
9496.499963 0 5.51950266875e-07
9496.5 0 5.5990582935e-07
9861.749963 0 5.5990582935e-07
9861.75 0 5.67487731775e-07
10226.999963 0 5.71731690625e-07
10227 0 5.78993839825e-07
10592.249963 0 5.78993839825e-07
10592.25 0 5.858658453e-07
10957.499963 0 5.858658453e-07
10957.5 0 5.923340178e-07
11322.749963 0 5.923340178e-07
11322.75 0 5.98418891175e-07
11687.999963 0 5.98418891175e-07
11688 0 6.040862423e-07
12053.249963 0 6.040862423e-07
12053.25 0 6.0934976045e-07
12418.499963 0 6.0934976045e-07
12418.5 0 6.14229979475e-07
12783.749963 0 6.14229979475e-07
12783.75 0 6.1869267625e-07
13148.999963 0 6.1869267625e-07
13149 0 6.2277891855e-07
13514.249963 0 6.2277891855e-07
13514.25 0 6.264750171e-07
13879.499963 0 6.264750171e-07
13879.5 0 6.29801505825e-07
14244.749963 0 6.29801505825e-07
14244.75 0 6.32758384675e-07
15705.75 0 6.410677618e-07
17897.249963 0 6.442268277e-07
19358.249963 0 6.407597536e-07
20088.749963 0 6.367488022e-07
20088.75 0 6.3402464065e-07
20453.999963 0 6.3402464065e-07
20454 0 6.2881961035e-07
21184.499963 0 6.254742628e-07
21184.5 0 6.21216855325e-07
21549.749963 0 6.21216855325e-07
21549.75 0 6.16206134375e-07
21914.999963 0 6.16206134375e-07
21915 0 6.105355825e-07
22280.249963 0 6.105355825e-07
22280.25 0 6.04264036625e-07
22645.499963 0 6.04264036625e-07
22645.5 0 5.974481953e-07
23010.749963 0 5.974481953e-07
23010.75 0 5.90129390175e-07
23375.999963 0 5.90129390175e-07
23376 0 5.823703386e-07
24106.499963 0 5.81550652125e-07
24106.5 0 5.66036960975e-07
24471.749963 0 5.66036960975e-07
24471.75 0 5.57241615325e-07
24836.999963 0 5.57241615325e-07
24837 0 5.48220397e-07
25202.249963 0 5.48220397e-07
25202.25 0 5.3902121835e-07
25567.499963 0 5.3902121835e-07
25567.5 0 5.297193703e-07
25932.749963 0 5.297193703e-07
25932.75 0 5.203285421e-07
26297.999963 0 5.203285421e-07
26298 0 5.1090349075e-07
26663.249963 0 5.1090349075e-07
26663.25 0 5.014715948e-07
27028.499963 0 5.014715948e-07
27028.5 0 4.9206707735e-07
27393.749963 0 4.9206707735e-07
27393.75 0 4.827173169e-07
27758.999963 0 4.827173169e-07
27759 0 4.7343600275e-07
28124.249963 0 4.7343600275e-07
28124.25 0 4.64257357975e-07
28489.499963 0 4.64257357975e-07
28489.5 0 4.5516769335e-07
28854.749963 0 4.5516769335e-07
28854.75 0 4.4620807665e-07
29219.999963 0 4.4620807665e-07
29220 0 4.37378507875e-07
29585.249963 0 4.37378507875e-07
29585.25 0 4.28685831625e-07
29950.499963 0 4.28685831625e-07
29950.5 0 4.2013689255e-07
30315.749963 0 4.2013689255e-07
30315.75 0 4.1173853525e-07
30680.999963 0 4.1173853525e-07
30681 0 4.03497604375e-07
31046.249963 0 4.03497604375e-07
31046.25 0 3.954072553e-07
31411.499963 0 3.954072553e-07
31411.5 0 3.87481177275e-07
31776.749963 0 3.87481177275e-07
31776.75 0 3.79712525675e-07
32141.999963 0 3.79712525675e-07
32142 0 3.72101300475e-07
32507.249963 0 3.72101300475e-07
32507.25 0 3.6465434635e-07
32872.499963 0 3.6465434635e-07
32872.5 0 3.57357974e-07
33237.749963 0 3.57357974e-07
33237.75 0 3.50219028075e-07
33602.999963 0 3.50219028075e-07
33603 0 3.43244353175e-07
33968.249963 0 3.43244353175e-07
33968.25 0 3.36413415475e-07
34333.499963 0 3.36413415475e-07
34333.5 0 3.297467488e-07
34698.749963 0 3.297467488e-07
34698.75 0 3.232238193e-07
35063.999963 0 3.232238193e-07
35064 0 3.16844626975e-07
35429.249963 0 3.16844626975e-07
35429.25 0 3.10616016425e-07
35794.499963 0 3.10616016425e-07
35794.5 0 3.0453114305e-07
36159.749963 0 3.0453114305e-07
36159.75 0 2.98583162225e-07
36524.999963 0 2.98583162225e-07
36525 0 2.92785763175e-07
36890.249963 0 2.92785763175e-07
36890.25 0 2.871047228e-07
37255.499963 0 2.871047228e-07
37255.5 0 2.815742642e-07
37620.749963 0 2.815742642e-07
37620.75 0 2.76160164275e-07
37985.999963 0 2.76160164275e-07
37986 0 2.70882956875e-07
38351.249963 0 2.70882956875e-07
38351.25 0 2.65728952775e-07
38716.499963 0 2.65728952775e-07
38716.5 0 2.6069815195e-07
39081.749963 0 2.6069815195e-07
39081.75 0 2.557837098e-07
39446.999963 0 2.557837098e-07
39447 0 2.509924709e-07
39812.249963 0 2.509924709e-07
39812.25 0 2.46310746065e-07
40177.499963 0 2.46310746065e-07
40177.5 0 2.417453798775e-07
40542.749963 0 2.417453798775e-07
40542.75 0 2.3728952772e-07
40907.999963 0 2.3728952772e-07
40908 0 2.3293634497e-07
41273.249963 0 2.3293634497e-07
41273.25 0 2.2869267625e-07
41638.499963 0 2.2869267625e-07
41638.5 0 2.245448323075e-07
42003.749963 0 2.245448323075e-07
42003.75 0 2.20506502395e-07
42368.999963 0 2.20506502395e-07
42369 0 2.16557152635e-07
42734.249963 0 2.16557152635e-07
42734.25 0 2.1271047228e-07
43099.499963 0 2.1271047228e-07
43099.5 0 2.08952772075e-07
43464.749963 0 2.08952772075e-07
43464.75 0 2.052772073925e-07
43829.999963 0 2.052772073925e-07
43830 0 2.01704312115e-07
44195.249963 0 2.01704312115e-07
44195.25 0 1.982135523625e-07
44560.499963 0 1.982135523625e-07
44560.5 0 1.948049281325e-07
44925.749963 0 1.948049281325e-07
44925.75 0 1.914715947975e-07
45290.999963 0 1.914715947975e-07
45291 0 1.882340862425e-07
45656.249963 0 1.882340862425e-07
45656.25 0 1.8505817933e-07
46021.499963 0 1.8505817933e-07
46021.5 0 1.8196440794e-07
46386.749963 0 1.8196440794e-07
46386.75 0 1.78952772075e-07
46751.999963 0 1.78952772075e-07
46752 0 1.7600273785e-07
47117.249963 0 1.7600273785e-07
47117.25 0 1.731211498975e-07
47482.499963 0 1.731211498975e-07
47482.5 0 1.703216974675e-07
47847.749963 0 1.703216974675e-07
47847.75 0 1.675701574275e-07
48212.999963 0 1.675701574275e-07
48213 0 1.6490075291e-07
48578.249963 0 1.6490075291e-07
48578.25 0 1.622861054075e-07
55152.75 0 1.22047614755e-07
62823 0 9.41446853325e-08
72319.5 0 7.331989974e-08
86929.5 0 5.701465001e-08
109940.25 0 4.566544406e-08
147561 0 3.418192798e-08
193217.25 0 2.63919404625e-08
277955.24996 0 2.437728851975e-08
381686.25 0 3.868131732e-08
384242.99996 0 3.9425051335e-08
