0 0 0.0
1460.9999635 0 0.0
1461 0 9.8516353635e-07
114323.24996 0 0.00010364900558
170571.74996 0 0.000179693135175
226820.24996 0 0.000437878303875
237412.49996 0 0.001178874699425
248004.74996 0 0.00198139576665
258596.99996 0 0.002850305394
268823.99996 0 0.00394850286375
282703.49996 0 0.0063151637865
296217.74996 0 0.00943762212
310827.74996 0 0.014814273786
323611.49996 0 0.0217717382705
336395.24996 0 0.0318296104025
340778.25 0 0.0373232725925
341873.99996 0 0.0373232725925
341874 0 0.0384889396625
342604.5 0 0.0393469716275
343700.24996 0 0.0393469716275
343700.25 0 0.0405751670975
344430.75 0 0.0414821598175
345526.49996 0 0.0414821598175
345526.5 0 0.04277036809
346257 0 0.0437206519275
347352.74996 0 0.0437206519275
347352.75 0 0.045073136245
349178.99996 0 0.046071289885
349179 0 0.047515557465
349909.5 0 0.04855032844
351005.24996 0 0.04855032844
351005.25 0 0.0500617970025
351735.74996 0 0.0500617970025
351735.75 0 0.051154830415
352831.49996 0 0.051154830415
352831.5 0 0.0527351964475
353561.99996 0 0.0527351964475
353562 0 0.0538921893625
354657.74996 0 0.0538921893625
354657.75 0 0.0555508864675
355388.24996 0 0.0555508864675
355388.25 0 0.0567577443425
356483.99996 0 0.0567577443425
356484 0 0.0584810037875
357214.49996 0 0.0584810037875
357214.5 0 0.0597513811675
358310.24996 0 0.0597513811675
358310.25 0 0.061581223085
360136.49996 0 0.0629227965175
360136.5 0 0.0648376892175
360866.99996 0 0.0648376892175
360867 0 0.066247422735
361962.74996 0 0.066247422735
361962.75 0 0.068246079135
362693.24996 0 0.068246079135
362693.25 0 0.0697124231
363788.99996 0 0.0697124231
363789 0 0.071820112695
364519.49996 0 0.071820112695
364519.5 0 0.0738337338625
365615.24996 0 0.0738337338625
365615.25 0 0.076717413965
367076.24996 0 0.076717413965
367076.25 0 0.0806523723175
369267.74996 0 0.0811923808275
369267.75 0 0.08581992092
371093.99996 0 0.08581992092
371094 0 0.09026965872
372920.24996 0 0.09026965872
372920.25 0 0.0948907382
374746.49996 0 0.0948907382
374746.5 0 0.0997795662325
376572.74996 0 0.0997795662325
376572.75 0 0.1048825963325
378398.99996 0 0.1048825963325
378399 0 0.1102289513925
380225.24996 0 0.1102289513925
380225.25 0 0.11587776493
381686.25 0 0.11587776493
384242.99996 0 0.11587776493
