0 0 0.2146047581025
365.2499635 0 0.2146047581025
365.25 0 0.2165894169
730.4999635 0 0.2165894169
730.5 0 0.2185665424875
1095.7499635 0 0.2185665424875
1095.75 0 0.2205347651875
1460.9999635 0 0.2205347651875
1461 0 0.22249476984
3287.25 0 0.2320910335375
5113.4999635 0 0.2398672142375
5113.5 0 0.2418254620125
5478.7499635 0 0.2418254620125
5478.75 0 0.2437926078025
5843.9999635 0 0.2437926078025
5844 0 0.245767967145
6209.2499635 0 0.245767967145
6209.25 0 0.2477392197125
6574.4999635 0 0.2477392197125
6574.5 0 0.24963928816
8035.499963 0 0.2518809035
8035.5 0 0.2499103353875
8400.749963 0 0.2499103353875
8400.75 0 0.2461718001375
8765.999963 0 0.2461718001375
8766 0 0.240869267625
9131.249963 0 0.240869267625
9131.25 0 0.234414784395
9496.499963 0 0.234414784395
9496.5 0 0.22724845996
9861.749963 0 0.22724845996
9861.75 0 0.2197262149225
10226.999963 0 0.2197262149225
10227 0 0.212156057495
10592.249963 0 0.212156057495
10592.25 0 0.20471594798
10957.499963 0 0.20471594798
10957.5 0 0.197549623545
11322.749963 0 0.197549623545
11322.75 0 0.190711841205
11687.999963 0 0.190711841205
11688 0 0.1842505133475
12053.249963 0 0.1842505133475
12053.25 0 0.1781793292275
12418.499963 0 0.1781793292275
12418.5 0 0.1724914442175
12783.749963 0 0.1724914442175
12783.75 0 0.167186858315
13148.999963 0 0.167186858315
13149 0 0.1622381930175
13514.249963 0 0.1622381930175
13514.25 0 0.1576249144425
13879.499963 0 0.1576249144425
13879.5 0 0.15334017796
14244.749963 0 0.15334017796
14244.75 0 0.14934291581
14609.999963 0 0.14934291581
14610 0 0.14561943874
14975.249963 0 0.14561943874
14975.25 0 0.1421629021225
15340.499963 0 0.1421629021225
15340.5 0 0.1389322381925
15705.749963 0 0.1389322381925
15705.75 0 0.135927446955
16070.999963 0 0.135927446955
16071 0 0.1331211498975
16436.249963 0 0.1331211498975
16436.25 0 0.130506502395
16801.499963 0 0.130506502395
16801.5 0 0.127862828715
17166.749963 0 0.127862828715
17166.75 0 0.1253651950975
17531.999963 0 0.1253651950975
17532 0 0.12289327646
19723.5 0 0.11301010653
20453.999963 0 0.1122693203975
20454 0 0.110438056125
23010.749963 0 0.1043531827525
25202.249963 0 0.0994524298425
29585.249963 0 0.089308692675
33968.25 0 0.0771321013
38351.25 0 0.06645448323
40907.999963 0 0.0616221765925
43099.5 0 0.05645448323
47847.75 0 0.048247775495
51134.999963 0 0.0440246406575
54056.999963 0 0.040349075975
59901 0 0.034031485285
67936.5 0 0.02812457221
75972 0 0.0239425051335
85833.75 0 0.02038329911025
95695.5 0 0.0179739904175
102635.24996 0 0.01681724846
109209.74996 0 0.01591375770025
122358.75 0 0.01467285917275
135872.99996 0 0.013931667035
142447.49996 0 0.013684602989
143543.24996 0 0.013643425648
144273.74996 0 0.0136228369775
144638.99996 0 0.013602248307
145004.24996 0 0.01359538541675
145734.74996 0 0.01356793385625
149021.99996 0 0.013478716284
162170.99996 0 0.0132042006775
168745.49996 0 0.013108120215
175319.99996 0 0.01303262842325
181894.49996 0 0.01297086241175
188468.99996 0 0.01292282218075
195043.49996 0 0.01288850772975
201617.99996 0 0.01286105616925
208192.49996 0 0.0128336046085
211479.74996 0 0.01281987882825
214766.99996 0 0.01281987882825
218054.24996 0 0.01280615304775
221341.49996 0 0.012813015938
223167.74996 0 0.012813015938
224628.74996 0 0.01281987882825
226454.99996 0 0.0128336046085
227915.99996 0 0.01286105616925
230107.49996 0 0.01292968507075
231933.74996 0 0.01301203975275
233759.99996 0 0.013142434666
235586.24996 0 0.0133345955905
237412.49996 0 0.013602248307
239238.74996 0 0.013972844376
241064.99996 0 0.0144532466875
242891.24996 0 0.0150846325825
245447.99996 0 0.01621014656975
247639.49996 0 0.01742487812875
250196.24996 0 0.0190788346585
252387.74996 0 0.020629847836
254944.49996 0 0.02249655396075
257135.99996 0 0.024040704248
261519 0 0.0268888036675
267363 0 0.02910551719
273207 0 0.030169265165
327629.24996 0 0.030438056125
381686.25 0 0.030437545365
384242.99996 0 0.0303696098575
