0 0 0.0001556958679025
1095.7499635 0 0.0001710135523625
2556.7499635 0 0.0001829788501025
3652.4999635 0 0.000192888158795
5113.5 0 0.000210488706365
6574.4999635 0 0.000221521560575
9131.249963 0 0.000248506502395
11688 0 0.000281451060925
14244.75 0 0.000308014373725
16801.499963 0 0.000321696098575
17897.25 0 0.000326119272325
18993 0 0.0003268813896
19358.25 0 0.000326688835
19723.499963 0 0.000326688835
19723.5 0 0.000326394320075
20453.999963 0 0.000326414091825
21184.499963 0 0.000324451745375
21549.75 0 0.00032240451745
21915 0 0.000321193018475
22280.249963 0 0.000321193018475
22280.25 0 0.000319874743325
22645.499963 0 0.000319874743325
22645.5 0 0.00031843942505
23010.749963 0 0.00031843942505
23741.249963 0 0.000315284052025
24106.499963 0 0.000313588637925
25567.499963 0 0.000306045859
27028.499963 0 0.00029764134155
28489.499963 0 0.000288723477075
29585.25 0 0.0002795523614
31046.25 0 0.00027039904175
32507.249963 0 0.000263659137575
33968.249963 0 0.000254969199175
35064 0 0.00024672826831
36890.25 0 0.00023720054757
38716.499963 0 0.00023022587269
40542.749963 0 0.0002223750855575
42003.75 0 0.00021546201232
44195.249963 0 0.00020945927447
46021.499963 0 0.00020433264887
49674 0 0.0001958384668025
58074.75 0 0.0001883915126625
63188.249963 0 0.0001887885010275
67936.499963 0 0.0001913826146475
72684.749963 0 0.0001954209445575
77432.999963 0 0.000200280629705
82181.249963 0 0.0002055236139625
86929.499963 0 0.0002108624229975
91677.749963 0 0.0002161327857625
96425.999963 0 0.0002212251882275
101174.25 0 0.0002264613278575
105922.5 0 0.00023108145106
115419 0 0.0002395893223825
124915.5 0 0.0002471389459275
134412 0 0.000253812457225
142082.25 0 0.0002585763176
149752.5 0 0.000262799452425
157422.75 0 0.000266646132775
165092.99996 0 0.000269739904175
180433.49996 0 0.0002750787132
195408.75 0 0.00027891854895
205635.75 0 0.000280616016425
215862.74996 0 0.00028166324435
226089.74996 0 0.00028232032855
235951.49996 0 0.0002824366872
241064.99996 0 0.000282313483925
243621.74996 0 0.00028219712525
246178.49996 0 0.00028201916495
248735.24996 0 0.00028196440795
251291.99996 0 0.00028176591375
253848.74996 0 0.000281567419575
256040.24996 0 0.00028135523615
258596.99996 0 0.000281074606425
261153.74996 0 0.00028084873375
263710.49996 0 0.00028054757015
266267.24996 0 0.00028023956195
271380.74996 0 0.00027954141
276128.99996 0 0.0002788295688
279781.49996 0 0.0002781245722
283068.74996 0 0.00027754962355
289643.24996 0 0.000276303901425
296217.74996 0 0.00027488706365
302792.24996 0 0.00027336071185
309366.74996 0 0.00027173853525
315941.24996 0 0.00027001368925
322515.74996 0 0.000268240930875
329090.24996 0 0.000266187542775
355388.25 0 0.000257494866525
381686.25 0 0.000247843942505
384242.99996 0 0.000247843942505
