0 0 0.001240045846525
1095.75 0 0.001162470910325
6939.7499635 0 0.00115717316905
14975.249963 0 0.001101430527025
16801.499963 0 0.001036338124575
16801.5 0 0.0010159753239
17166.749963 0 0.0010159753239
17166.75 0 0.000994068379
17531.999963 0 0.000994068379
17532 0 0.000969846746275
18262.499963 0 0.000951109558175
18262.5 0 0.00092980021065
18627.749963 0 0.00092980021065
18627.75 0 0.000910037381425
18992.999963 0 0.000910037381425
18993 0 0.0008911715225
19358.249963 0 0.0008911715225
19358.25 0 0.000873072444675
19723.499963 0 0.000873072444675
19723.5 0 0.00085572557915
20453.999963 0 0.0008462154415
20454 0 0.000823066392875
23010.75 0 0.000735249828875
28124.25 0 0.000639425051325
33237.749963 0 0.000553456536625
35794.499963 0 0.0004989973741
36159.749963 0 0.000491495705225
36524.999963 0 0.000484198627325
37255.499963 0 0.000469536274525
38351.249963 0 0.000448190616725
43099.5 0 0.00036008010595
48943.5 0 0.000284313250325
54787.5 0 0.0002301648404525
62822.999963 0 0.00018201776568
70493.25 0 0.0001496923925325
78528.749963 0 0.00013005165948
86198.999963 0 0.0001177080043325
93869.25 0 0.00011000174449
101539.5 0 0.0001058417281125
119071.5 0 0.00010134072679
136603.5 0 9.813546827e-05
171667.5 0 9.0838390365e-05
241795.49996 0 7.11976573125e-05
311923.49996 0 4.84198627325e-05
381686.25 0 2.912011463e-05
384242.99996 0 2.92265571525e-05
