0 0 0.0301762140075
1095.7499635 0 0.0285895987975
2191.4999635 0 0.0267715137975
2191.5 0 0.0260847014575
2556.7499635 0 0.0260847014575
2556.75 0 0.02537934142
2921.9999635 0 0.02537934142
2922 0 0.0246699433245
3287.2499635 0 0.0246699433245
3287.25 0 0.0239682106975
3652.4999635 0 0.0239682106975
3652.5 0 0.02328317784225
4017.7499635 0 0.02328317784225
4017.75 0 0.022620936069
4382.9999635 0 0.022620936069
4383 0 0.0219860025295
4748.2499635 0 0.0219860025295
4748.25 0 0.02138049891575
5113.4999635 0 0.02138049891575
5113.5 0 0.020805930945
7670.2499635 0 0.01798633872425
9861.75 0 0.01581413643025
14244.749963 0 0.01392856792575
14975.249963 0 0.01371229219175
15340.499963 0 0.01361236732725
16436.249963 0 0.01334133824275
18262.5 0 0.0128143303665
25567.499963 0 0.01166657013725
32507.25 0 0.0109965776865
43464.75 0 0.01063175906925
48943.5 0 0.010584531143
54422.25 0 0.010570841889
65379.75 0 0.01057357974
76337.249963 0 0.0105811088295
119802 0 0.01056947296375
207096.75 0 0.01040451745375
250926.74996 0 0.0102717161335
294391.5 0 0.0101074781675
381686.25 0 0.00975162924075
384242.99996 0 0.00975359342925
