0 0 353.258518025
730.4999635 0 349.214921275
2921.9999635 0 344.09445585
7670.2499635 0 333.6276523
9131.25 0 323.64134155
10592.25 0 313.05954825
11322.75 0 307.54962355
12053.25 0 302.162902125
12783.75 0 297.0568104
13148.999963 0 297.0568104
13149 0 294.63381245
13514.249963 0 294.63381245
13514.25 0 292.327173175
13879.499963 0 292.327173175
13879.5 0 290.1300479
14244.749963 0 290.1300479
14609.999963 0 288.042436675
15340.5 0 282.505133475
16070.999963 0 280.90349075
16436.249963 0 279.40451745
17166.75 0 275.34507185
17897.25 0 273.367556475
18262.5 0 272.42475615
18627.749963 0 272.42475615
18627.75 0 271.627263025
18992.999963 0 271.627263025
18993 0 270.8350445
19358.249963 0 270.8350445
19358.25 0 270.16427105
19723.499963 0 270.16427105
19723.5 0 269.52772075
20088.749963 0 269.52772075
20819.249963 0 268.1278582
21549.749963 0 267.289527725
22645.499963 0 265.893223825
25202.249963 0 262.950034225
27758.999963 0 259.37713895
29585.25 0 254.004106775
30680.999963 0 251.505817925
31411.499963 0 248.6173853525
32507.249963 0 243.600273785
33237.75 0 237.8507871325
34333.499963 0 233.668720055
35064 0 227.0157426425
36159.749963 0 222.3887748125
36890.25 0 215.2566735125
37985.999963 0 210.4312115
38716.5 0 203.1759069125
39812.249963 0 198.3572895275
40542.75 0 191.23887748
41638.499963 0 186.57084189
42369 0 179.739904175
43464.749963 0 175.3114305275
44195.25 0 168.8637919225
45290.999963 0 164.71594798
46021.5 0 158.71321013
46752 0 154.8596851475
47482.5 0 151.1225188225
47847.749963 0 151.1225188225
47847.75 0 149.308692675
48213 0 147.51540041
48578.249963 0 147.51540041
48578.25 0 145.7494866525
48943.499963 0 145.7494866525
49673.999963 0 142.3203285425
50404.499963 0 138.993839835
51500.249963 0 134.229979465
52961.249963 0 128.247775495
54057 0 122.6830937725
55517.999963 0 118.69310868
56613.75 0 113.7880390025
58440 0 108.11676597
60266.249963 0 103.930011935
62092.499963 0 99.09335327
63553.5 0 94.6466373825
65379.75 0 90.5624998675
67205.999963 0 87.538733065
69032.249963 0 84.0155658625
70493.25 0 80.772883815
73049.999963 0 77.2018289025
75241.5 0 73.43238205
77798.249963 0 70.5043906675
79989.749963 0 67.8226789325
84737.999963 0 62.75342282
89121 0 58.5324632775
96060.749963 0 53.78473893
102635.24996 0 50.0563386875
115784.25 0 44.6450275075
125280.74996 0 42.230118725
127837.49996 0 41.6896717175
128933.24996 0 41.4639153725
129663.74996 0 41.327093345
130028.99996 0 41.2586823325
132220.49996 0 40.8618984525
134411.99996 0 40.5061611825
139160.24996 0 39.822051045
143543.25 0 39.2542396325
152674.5 0 38.4264663675
159979.5 0 37.968112575
167284.49996 0 37.64658081
181529.24996 0 37.24295583
195774 0 37.0582460925
210018.75 0 36.9829939775
224628.74996 0 36.9829939775
231933.74996 0 36.99667618
238873.49996 0 37.017199485
253118.24996 0 37.0582460925
267362.99996 0 37.119816005
324707.24996 0 37.420824465
381686.25 0 37.8312905475
384242.99996 0 37.8507871325
