0 0 0.0
21184.5 0 6.798637955250001e-20
188834.24996 0 3.6985950205e-09
242525.99996 0 4.424689554e-08
263345.24996 0 1.077998832825e-07
280146.74996 0 2.14782570285e-07
294391.49996 0 3.77977075775e-07
306444.74996 0 6.01910612725e-07
309366.74996 0 6.72636843375e-07
313384.49996 0 7.82822368725e-07
319958.99996 0 1.0008274934e-06
325802.99996 0 1.241839208925e-06
325803 0 1.258631844675e-06
326168.24996 0 1.258631844675e-06
326168.25 0 1.275560453175e-06
326533.49996 0 1.275560453175e-06
326533.5 0 1.2927610072e-06
326898.74996 0 1.2927610072e-06
326898.75 0 1.310165520375e-06
327263.99996 0 1.310165520375e-06
327264 0 1.32784197905e-06
327629.24996 0 1.32784197905e-06
327629.25 0 1.3456544105e-06
327994.49996 0 1.3456544105e-06
327994.5 0 1.36373878745e-06
328359.74996 0 1.36373878745e-06
328359.75 0 1.38209510995e-06
328724.99996 0 1.38209510995e-06
328725 0 1.400587405175e-06
329090.24996 0 1.400587405175e-06
329090.25 0 1.419419632325e-06
329455.49996 0 1.419419632325e-06
329455.5 0 1.4384558186e-06
329820.74996 0 1.4384558186e-06
329820.75 0 1.457627977625e-06
330185.99996 0 1.457627977625e-06
330186 0 1.477208054925e-06
330551.24996 0 1.477208054925e-06
330551.25 0 1.496992091375e-06
330916.49996 0 1.496992091375e-06
330916.5 0 1.516980086975e-06
331281.74996 0 1.516980086975e-06
331281.75 0 1.537240028075e-06
331646.99996 0 1.537240028075e-06
331647 0 1.557703928325e-06
332012.24996 0 1.557703928325e-06
332012.25 0 1.57857574685e-06
332377.49996 0 1.57857574685e-06
332377.5 0 1.59951555175e-06
332742.74996 0 1.59951555175e-06
332742.75 0 1.620863274925e-06
333107.99996 0 1.620863274925e-06
333108 0 1.642482943625e-06
333473.24996 0 1.642482943625e-06
333473.25 0 1.664306571475e-06
333838.49996 0 1.664306571475e-06
333838.5 0 1.686402144825e-06
334203.74996 0 1.686402144825e-06
334203.75 0 1.708837650075e-06
334568.99996 0 1.708837650075e-06
334569 0 1.731477114475e-06
334934.24996 0 1.731477114475e-06
334934.25 0 1.75445651075e-06
335299.49996 0 1.75445651075e-06
335299.5 0 1.77777583895e-06
335664.74996 0 1.77777583895e-06
335664.75 0 1.801299126275e-06
336029.99996 0 1.801299126275e-06
336030 0 1.8250943591e-06
336395.24996 0 1.8250943591e-06
336395.25 0 1.849297510225e-06
336760.49996 0 1.849297510225e-06
336760.5 0 1.8737046205e-06
337125.74996 0 1.8737046205e-06
337125.75 0 1.89845166265e-06
337490.99996 0 1.89845166265e-06
337491 0 1.9235386367e-06
337856.24996 0 1.9235386367e-06
337856.25 0 1.94896554265e-06
338221.49996 0 1.94896554265e-06
338221.5 0 1.97459640775e-06
338586.74996 0 1.97459640775e-06
338586.75 0 2.000635191125e-06
338951.99996 0 2.000635191125e-06
338952 0 2.027013906375e-06
339317.24996 0 2.027013906375e-06
339317.25 0 2.053596580775e-06
339682.49996 0 2.053596580775e-06
339682.5 0 2.08065515985e-06
340047.74996 0 2.08065515985e-06
340047.75 0 2.107985684425e-06
340412.99996 0 2.107985684425e-06
340413 0 2.135724127275e-06
340778.24996 0 2.135724127275e-06
340778.25 0 2.163666529275e-06
341143.49996 0 2.163666529275e-06
341143.5 0 2.192084835925e-06
341508.74996 0 2.192084835925e-06
341508.75 0 2.2207750881e-06
341873.99996 0 2.2207750881e-06
341874 0 2.249941244925e-06
342239.24996 0 2.249941244925e-06
342239.25 0 2.2793113609e-06
342604.49996 0 2.2793113609e-06
342604.5 0 2.309157381525e-06
342969.74996 0 2.309157381525e-06
342969.75 0 2.339275347675e-06
343334.99996 0 2.339275347675e-06
343335 0 2.369869218475e-06
343700.24996 0 2.369869218475e-06
343700.25 0 2.40087100755e-06
344065.49996 0 2.40087100755e-06
344065.5 0 2.43207675575e-06
344430.74996 0 2.43207675575e-06
344430.75 0 2.463826395e-06
344795.99996 0 2.463826395e-06
344796 0 2.49591596615e-06
345161.24996 0 2.49591596615e-06
345161.25 0 2.528481442e-06
345526.49996 0 2.528481442e-06
345526.5 0 2.561250877e-06
345891.74996 0 2.561250877e-06
345891.75 0 2.59463218925e-06
346256.99996 0 2.59463218925e-06
346257 0 2.6283534335e-06
346622.24996 0 2.6283534335e-06
346622.25 0 2.66241460975e-06
346987.49996 0 2.66241460975e-06
346987.5 0 2.6969516905e-06
347352.74996 0 2.6969516905e-06
347352.75 0 2.731964676e-06
347717.99996 0 2.731964676e-06
347718 0 2.76738557975e-06
348083.24996 0 2.76738557975e-06
348083.25 0 2.80314641525e-06
348448.49996 0 2.80314641525e-06
348448.5 0 2.8395191285e-06
348813.74996 0 2.8395191285e-06
348813.75 0 2.876163787e-06
349178.99996 0 2.876163787e-06
349179 0 2.9133523365e-06
349544.24996 0 2.9133523365e-06
349544.25 0 2.9509488045e-06
349909.49996 0 2.9509488045e-06
349909.5 0 2.9890891635e-06
350274.74996 0 2.9890891635e-06
350274.75 0 3.02763744075e-06
350639.99996 0 3.02763744075e-06
350640 0 3.06659363625e-06
351005.24996 0 3.06659363625e-06
351005.25 0 3.106161709e-06
351370.49996 0 3.106161709e-06
351370.5 0 3.14613770025e-06
351735.74996 0 3.14613770025e-06
351735.75 0 3.186589596e-06
352100.99996 0 3.186589596e-06
352101 0 3.227585383e-06
352466.24996 0 3.227585383e-06
352466.25 0 3.268989088e-06
352831.49996 0 3.268989088e-06
352831.5 0 3.3110046705e-06
353196.74996 0 3.3110046705e-06
353196.75 0 3.35349615775e-06
353561.99996 0 3.35349615775e-06
353562 0 3.39646354975e-06
353927.24996 0 3.39646354975e-06
353927.25 0 3.43997483275e-06
354292.49996 0 3.43997483275e-06
354292.5 0 3.4840300065e-06
354657.74996 0 3.4840300065e-06
354657.75 0 3.5286290715e-06
355022.99996 0 3.5286290715e-06
355023 0 3.5737720275e-06
355388.24996 0 3.5737720275e-06
355388.25 0 3.61945887475e-06
355753.49996 0 3.61945887475e-06
355753.5 0 3.66562162625e-06
356118.74996 0 3.66562162625e-06
356118.75 0 3.712464242e-06
356483.99996 0 3.712464242e-06
356484 0 3.759782762e-06
356849.24996 0 3.759782762e-06
356849.25 0 3.80771315975e-06
357214.49996 0 3.80771315975e-06
357214.5 0 3.85625543475e-06
357579.74996 0 3.85625543475e-06
357579.75 0 3.90527361425e-06
357944.99996 0 3.90527361425e-06
357945 0 3.95497165775e-06
358310.24996 0 3.95497165775e-06
358310.25 0 4.0052815785e-06
358675.49996 0 4.0052815785e-06
358675.5 0 4.056203377e-06
359040.74996 0 4.056203377e-06
359040.75 0 4.10766906625e-06
359405.99996 0 4.10766906625e-06
359406 0 4.15981461925e-06
359771.24996 0 4.15981461925e-06
359771.25 0 4.2125040635e-06
360136.49996 0 4.2125040635e-06
360136.5 0 4.26594135775e-06
360501.74996 0 4.26594135775e-06
360501.75 0 4.31992254325e-06
360866.99996 0 4.31992254325e-06
360867 0 4.37465157875e-06
361232.24996 0 4.37465157875e-06
361232.25 0 4.42992450525e-06
361597.49996 0 4.42992450525e-06
361597.5 0 4.485945282e-06
361962.74996 0 4.485945282e-06
361962.75 0 4.5426459225e-06
362327.99996 0 4.573374401e-06
362328 0 4.6310746065e-06
362693.24996 0 4.6310746065e-06
362693.25 0 4.68952772075e-06
363058.49996 0 4.68952772075e-06
363058.5 0 4.7485968515e-06
363423.74996 0 4.7485968515e-06
363423.75 0 4.80841889125e-06
363788.99996 0 4.80841889125e-06
363789 0 4.86899383975e-06
364154.24996 0 4.86899383975e-06
364154.25 0 4.93025325125e-06
364519.49996 0 4.93025325125e-06
364519.5 0 4.9922655715e-06
364884.74996 0 4.9922655715e-06
364884.75 0 5.05503080075e-06
365249.99996 0 5.05503080075e-06
365250 0 5.11848049275e-06
365615.24996 0 5.11848049275e-06
365615.25 0 5.18268309375e-06
365980.49996 0 5.18268309375e-06
365980.5 0 5.24777549625e-06
366345.74996 0 5.24777549625e-06
366345.75 0 5.31348391525e-06
366710.99996 0 5.31348391525e-06
366711 0 5.3800821355e-06
367076.24996 0 5.3800821355e-06
367076.25 0 5.447433265e-06
367441.49996 0 5.447433265e-06
367441.5 0 5.51553730325e-06
367806.74996 0 5.51553730325e-06
367806.75 0 5.584531143e-06
368171.99996 0 5.584531143e-06
368172 0 5.65427789175e-06
368537.24996 0 5.65427789175e-06
368537.25 0 5.72491444225e-06
368902.49996 0 5.72491444225e-06
368902.5 0 5.79637234775e-06
369267.74996 0 5.79637234775e-06
369267.75 0 5.8686516085e-06
369632.99996 0 5.8686516085e-06
369633 0 5.9417522245e-06
369998.24996 0 5.9417522245e-06
369998.25 0 6.015742642e-06
370363.49996 0 6.015742642e-06
370363.5 0 6.09069130725e-06
370728.74996 0 6.09069130725e-06
370728.75 0 6.1663928815e-06
371093.99996 0 6.1663928815e-06
371094 0 6.24305270375e-06
371459.24996 0 6.24305270375e-06
371459.25 0 6.3206707735e-06
371824.49996 0 6.3206707735e-06
371824.5 0 6.3991101985e-06
372189.74996 0 6.3991101985e-06
372189.75 0 6.478439425e-06
372554.99996 0 6.478439425e-06
372555 0 6.558863792e-06
372920.24996 0 6.558863792e-06
372920.25 0 6.640109514e-06
373285.49996 0 6.640109514e-06
373285.5 0 6.722313484e-06
373650.74996 0 6.722313484e-06
373650.75 0 6.80554414775e-06
374015.99996 0 6.80554414775e-06
374016 0 6.88966461325e-06
374381.24996 0 6.88966461325e-06
374381.25 0 6.974880219e-06
374746.49996 0 6.974880219e-06
374746.5 0 7.0610540725e-06
375111.74996 0 7.0610540725e-06
375111.75 0 7.1481177275e-06
375476.99996 0 7.1481177275e-06
375477 0 7.2364134155e-06
375842.24996 0 7.2364134155e-06
375842.25 0 7.32559890475e-06
376207.49996 0 7.32559890475e-06
376207.5 0 7.41581108825e-06
376572.74996 0 7.41581108825e-06
376572.75 0 7.50718685825e-06
376937.99996 0 7.50718685825e-06
376938 0 7.599520876e-06
377303.24996 0 7.599520876e-06
377303.25 0 7.6930184805e-06
377668.49996 0 7.6930184805e-06
377668.5 0 7.787542779e-06
378033.74996 0 7.787542779e-06
378033.75 0 7.88316221775e-06
378398.99996 0 7.88316221775e-06
378399 0 7.979945243e-06
378764.24996 0 7.979945243e-06
378764.25 0 8.077891855e-06
379129.49996 0 8.077891855e-06
379129.5 0 8.17686516075e-06
379494.74996 0 8.17686516075e-06
379494.75 0 8.27707049975e-06
379859.99996 0 8.27707049975e-06
379860 0 8.37837097875e-06
380225.24996 0 8.37837097875e-06
380225.25 0 8.48090349075e-06
380590.49996 0 8.48090349075e-06
380590.5 0 8.5846680355e-06
380955.74996 0 8.5846680355e-06
380955.75 0 8.6897330595e-06
381320.99996 0 8.6897330595e-06
381321 0 8.79534565375e-06
381686.24996 0 8.79534565375e-06
381686.25 0 8.902806297e-06
384242.99996 0 8.902806297e-06
