0 0 0.186252566735
365.2499635 0 0.186252566735
365.25 0 0.1858206707725
730.4999635 0 0.1858206707725
730.5 0 0.1854332648875
1095.7499635 0 0.1854332648875
1095.75 0 0.18501505818
1460.9999635 0 0.18501505818
1461 0 0.1844120465425
1826.2499635 0 0.1844120465425
1826.25 0 0.18339356605
2191.4999635 0 0.18339356605
2191.5 0 0.1817152635175
2556.7499635 0 0.1817152635175
2556.75 0 0.17920054757
2921.9999635 0 0.17920054757
2922 0 0.1758049281325
3287.2499635 0 0.1758049281325
3287.25 0 0.171603011635
3652.4999635 0 0.171603011635
3652.5 0 0.166757700205
4017.7499635 0 0.166757700205
4017.75 0 0.1614585900075
4382.9999635 0 0.1614585900075
4383 0 0.1558939082825
4748.2499635 0 0.1558939082825
4748.25 0 0.1502251882275
5113.4999635 0 0.1502251882275
5113.5 0 0.1445756331275
5478.7499635 0 0.1445756331275
5478.75 0 0.13903832991
5843.9999635 0 0.13903832991
5844 0 0.1336755646825
6209.2499635 0 0.1336755646825
6209.25 0 0.128529089665
6574.4999635 0 0.128529089665
6574.5 0 0.12361943874
6939.7499635 0 0.12361943874
6939.75 0 0.1189609856275
7304.9999635 0 0.1189609856275
7305 0 0.1145523613975
7670.2499635 0 0.1145523613975
7670.25 0 0.110392197125
8035.499963 0 0.110392197125
8035.5 0 0.10646954141
8400.749963 0 0.10646954141
8400.75 0 0.102778234085
8765.999963 0 0.102778234085
8766 0 0.0993025325125
9131.249963 0 0.0993025325125
9131.25 0 0.0960335386725
9496.499963 0 0.0960335386725
9496.5 0 0.0929575633125
9861.749963 0 0.0929575633125
9861.75 0 0.0900616016425
10226.999963 0 0.0900616016425
10227 0 0.087336071185
10592.249963 0 0.087336071185
10592.25 0 0.084767967145
10957.499963 0 0.084767967145
10957.5 0 0.0823483915125
11322.749963 0 0.0823483915125
11322.75 0 0.0800663928825
11687.999963 0 0.0800663928825
11688 0 0.0779130732375
12053.249963 0 0.0779130732375
12053.25 0 0.0758802190275
12418.499963 0 0.0758802190275
12418.5 0 0.0739596167
12783.749963 0 0.0739596167
12783.75 0 0.0721437371675
13148.999963 0 0.0721437371675
13149 0 0.07042642026
13514.249963 0 0.07042642026
13514.25 0 0.068800821355
13879.499963 0 0.068800821355
13879.5 0 0.067260095825
14244.749963 0 0.067260095825
14244.75 0 0.065800821355
14609.999963 0 0.065800821355
14610 0 0.0644168377825
14975.249963 0 0.0644168377825
14975.25 0 0.0631033538675
15340.499963 0 0.0631033538675
15340.5 0 0.061854209445
15705.749963 0 0.061854209445
15705.75 0 0.0606680355925
16070.999963 0 0.0606680355925
16071 0 0.05953798768
16436.249963 0 0.05953798768
16436.25 0 0.0584613278575
16801.499963 0 0.0584613278575
16801.5 0 0.057346044615
17166.749963 0 0.057346044615
17166.75 0 0.056264257195
17531.999963 0 0.056264257195
17532 0 0.055502634535
17897.249963 0 0.055502634535
17897.25 0 0.0544366872
18262.499963 0 0.0544366872
18262.5 0 0.0534273407625
18627.749963 0 0.0534273407625
18627.75 0 0.05263426826
18992.999963 0 0.05263426826
18993 0 0.0517785918125
19358.249963 0 0.0517785918125
19358.25 0 0.050999248495
19723.499963 0 0.050999248495
19723.5 0 0.0503850544325
20088.749963 0 0.0503850544325
20088.75 0 0.04952772074
20453.999963 0 0.04952772074
20454 0 0.0488227241625
20819.249963 0 0.0488227241625
20819.25 0 0.048138261465
21184.499963 0 0.048138261465
21184.5 0 0.04747433265
21549.749963 0 0.04747433265
21549.75 0 0.0468104038325
21914.999963 0 0.0468104038325
21915 0 0.0461806981525
22280.249963 0 0.0461806981525
22280.25 0 0.04555099247
22645.499963 0 0.04555099247
22645.5 0 0.044934976045
23010.749963 0 0.044934976045
23010.75 0 0.0443394934975
23375.999963 0 0.0443394934975
23376 0 0.0437508555775
23741.249963 0 0.0437508555775
23741.25 0 0.04318275154
24106.499963 0 0.04318275154
24106.5 0 0.0426146475025
24471.749963 0 0.0426146475025
24471.75 0 0.042067077345
24836.999963 0 0.042067077345
24837 0 0.0415195071875
25202.249963 0 0.0415195071875
25202.25 0 0.0409993155375
25567.499963 0 0.0409993155375
25567.5 0 0.04047227926
25932.749963 0 0.04047227926
25932.75 0 0.039965776865
26297.999963 0 0.039965776865
26298 0 0.0394661190975
26663.249963 0 0.0394661190975
26663.25 0 0.0389801505825
27028.499963 0 0.0389801505825
27028.5 0 0.038501026695
27393.749963 0 0.038501026695
27393.75 0 0.03803559206
27758.999963 0 0.03803559206
27759 0 0.0375701574275
28124.249963 0 0.0375701574275
28124.25 0 0.0371184120475
28489.499963 0 0.0371184120475
28489.5 0 0.03668035592
28854.749963 0 0.03668035592
28854.75 0 0.0362491444225
29219.999963 0 0.0362491444225
29220 0 0.0358179329225
29585.249963 0 0.0358179329225
29585.25 0 0.0354140999325
29950.499963 0 0.0354140999325
29950.5 0 0.0349965776875
30315.749963 0 0.0349965776875
30315.75 0 0.03460643395
30680.999963 0 0.03460643395
30681 0 0.034209445585
31046.249963 0 0.034209445585
31046.25 0 0.0338329911025
31411.499963 0 0.0338329911025
31411.5 0 0.03345653662
31776.749963 0 0.03345653662
31776.75 0 0.03309377139
32141.999963 0 0.03309377139
32142 0 0.03273100616
32507.249963 0 0.03273100616
32507.25 0 0.0323750855575
32872.499963 0 0.0323750855575
32872.5 0 0.0320396988375
33237.749963 0 0.0320396988375
33237.75 0 0.0316974674875
33602.999963 0 0.0316974674875
33603 0 0.0313689253925
33968.249963 0 0.0313689253925
33968.25 0 0.0310403833
34333.499963 0 0.0310403833
34333.5 0 0.0307255304575
34698.749963 0 0.0307255304575
34698.75 0 0.030417522245
35063.999963 0 0.030417522245
35064 0 0.0301095140325
35429.249963 0 0.0301095140325
35429.25 0 0.0298151950725
35794.499963 0 0.0298151950725
35794.5 0 0.0295208761125
40542.75 0 0.026221765915
45656.25 0 0.0235249828885
54787.5 0 0.02022587269
65745 0 0.017898699521
78528.75 0 0.01644079397675
97887 0 0.0153426747085
212575.5 0 0.014023898061
381686.25 0 0.0133237228305
384242.99996 0 0.013415468857
