0 0 0.429715947975
3287.2499635 0 0.410186858325
3287.25 0 0.405232717325
3652.4999635 0 0.405232717325
3652.5 0 0.39940999315
4017.7499635 0 0.39940999315
4017.75 0 0.392861054075
4382.9999635 0 0.392861054075
4383 0 0.385756331275
4748.2499635 0 0.385756331275
4748.25 0 0.37828884325
5113.4999635 0 0.37828884325
5113.5 0 0.37059548255
5478.7499635 0 0.37059548255
5478.75 0 0.36282683095
5843.9999635 0 0.36282683095
5844 0 0.355085557825
6209.2499635 0 0.355085557825
6209.25 0 0.3474606434
6574.4999635 0 0.3474606434
6574.5 0 0.340020533875
6939.7499635 0 0.340020533875
6939.75 0 0.332799452425
7670.2499635 0 0.325845311425
7670.25 0 0.319178644775
8035.499963 0 0.319178644775
8035.5 0 0.31280629705
8400.749963 0 0.31280629705
8400.75 0 0.306741957575
8765.999963 0 0.306741957575
8766 0 0.3009650924
9131.249963 0 0.3009650924
9131.25 0 0.2955099247
9496.499963 0 0.2955099247
9496.5 0 0.2903285421
9861.749963 0 0.2903285421
9861.75 0 0.285448323075
10226.999963 0 0.285448323075
10227 0 0.280828199875
10592.249963 0 0.280828199875
10592.25 0 0.27648186175
10957.499963 0 0.27648186175
10957.5 0 0.2723887748
11322.749963 0 0.2723887748
11322.75 0 0.268535249825
13148.999963 0 0.255297741275
14610 0 0.2424914442175
16436.249963 0 0.2331416837775
17897.249963 0 0.2226182330425
20454 0 0.197371663245
23010.749963 0 0.179986310745
25202.25 0 0.1622039698825
28489.499963 0 0.145318275155
31411.5 0 0.1297125256675
35429.249963 0 0.11535249829
39081.75 0 0.102381930185
43464.749963 0 0.091930184805
47482.5 0 0.0829089664625
57344.25 0 0.06925393566
66475.5 0 0.06191649555
75606.75 0 0.0575633128
82546.5 0 0.05550992471
86198.999963 0 0.0547912388775
86564.249963 0 0.054709103355
86929.499963 0 0.05464750171
87294.749963 0 0.0545790554425
88025.249963 0 0.0544421629025
89486.249963 0 0.0541957563325
103000.5 0 0.0524708596575
172763.25 0 0.050751845535
242525.99996 0 0.049435299005
381686.25 0 0.0470000289975
384242.99996 0 0.0471594798075
