0 0 0.21553596412
730.4999635 0 0.21453319644
1095.7499635 0 0.2135058179325
1095.75 0 0.21131485284
1460.9999635 0 0.21131485284
1461 0 0.2076379192325
1826.2499635 0 0.2076379192325
1826.25 0 0.202478439425
2191.4999635 0 0.202478439425
2191.5 0 0.1961074606425
2556.7499635 0 0.1961074606425
2556.75 0 0.1889089664625
2921.9999635 0 0.1889089664625
2922 0 0.181262833675
3287.2499635 0 0.181262833675
3287.25 0 0.1734818617375
3652.4999635 0 0.1734818617375
3652.5 0 0.16579192334
4017.7499635 0 0.16579192334
4017.75 0 0.1583449692
4382.9999635 0 0.1583449692
4383 0 0.1512354551675
4748.2499635 0 0.1512354551675
4748.25 0 0.144511293635
5113.4999635 0 0.144511293635
5113.5 0 0.1381937029425
5478.7499635 0 0.1381937029425
5478.75 0 0.13228405202
5843.9999635 0 0.13228405202
5844 0 0.1267720739225
6209.2499635 0 0.1267720739225
6209.25 0 0.121638603695
6574.4999635 0 0.121638603695
6574.5 0 0.116861738535
6939.7499635 0 0.116861738535
6939.75 0 0.112420260095
7304.9999635 0 0.112420260095
7305 0 0.1082888432575
7670.2499635 0 0.1082888432575
7670.25 0 0.1044449007525
8035.499963 0 0.1044449007525
8035.5 0 0.1008658453125
8400.749963 0 0.1008658453125
8400.75 0 0.0975325119775
8765.999963 0 0.0975325119775
8766 0 0.0944243668725
9131.249963 0 0.0944243668725
9131.25 0 0.091524298425
9496.499963 0 0.091524298425
9496.5 0 0.0888165639975
9861.749963 0 0.0888165639975
9861.75 0 0.0862847364825
10226.999963 0 0.0862847364825
10227 0 0.0839171800125
10592.249963 0 0.0839171800125
10592.25 0 0.08170020534
10957.499963 0 0.08170020534
10957.5 0 0.079622861055
11322.749963 0 0.079622861055
11322.75 0 0.0776735112925
11687.999963 0 0.0776735112925
11688 0 0.07584531143
12053.249963 0 0.07584531143
12053.25 0 0.074127994525
12418.499963 0 0.074127994525
12418.5 0 0.07251266256
17166.75 0 0.05767799437
23741.25 0 0.04514715948
31046.25 0 0.0366187542775
40542.75 0 0.0301779603
58074.75 0 0.02483915126625
71954.25 0 0.02336755646825
75606.749963 0 0.02318275154
75971.999963 0 0.02316221765925
76337.249963 0 0.02314852840525
76702.499963 0 0.02312799452425
77432.999963 0 0.0230937713895
78894 0 0.02301848049275
85833.75 0 0.02280629705675
123089.24996 0 0.02252566735125
159979.49996 0 0.0224479260595
233760 0 0.02246157636425
381686.25 0 0.02247522666875
384242.99996 0 0.022539356605
