0 0 4.361198924e-09
365.2499635 0 4.361198924e-09
365.25 0 5.4998445615e-09
730.4999635 0 5.4998445615e-09
730.5 0 6.81049655575e-09
1095.7499635 0 6.81049655575e-09
1095.75 0 8.46227926075e-09
1460.9999635 0 8.46227926075e-09
1461 0 1.029963039025e-08
1826.2499635 0 1.029963039025e-08
1826.25 0 1.23788911705e-08
2191.4999635 0 1.23788911705e-08
2191.5 0 1.469818617375e-08
2556.7499635 0 1.469818617375e-08
2556.75 0 1.724804928125e-08
2921.9999635 0 1.724804928125e-08
2922 0 2.001033538675e-08
3287.2499635 0 2.001033538675e-08
3287.25 0 2.2958110883e-08
3652.4999635 0 2.2958110883e-08
3652.5 0 2.60580424375e-08
4017.7499635 0 2.60580424375e-08
4017.75 0 2.92747433275e-08
4382.9999635 0 2.92747433275e-08
4383 0 3.2574401095e-08
4748.2499635 0 3.2574401095e-08
4748.25 0 3.59297741275e-08
5113.4999635 0 3.59297741275e-08
5113.5 0 3.9323203285e-08
5478.7499635 0 3.9323203285e-08
5478.75 0 4.275154004e-08
5843.9999635 0 4.275154004e-08
5844 0 4.62295003425e-08
6209.2499635 0 4.62295003425e-08
6209.25 0 4.97915126625e-08
6574.4999635 0 4.97915126625e-08
6574.5 0 5.3493292265e-08
6939.7499635 0 5.3493292265e-08
6939.75 0 5.74100616025e-08
7304.9999635 0 5.74100616025e-08
7305 0 6.1634565365e-08
7670.2499635 0 6.1634565365e-08
7670.25 0 6.62766598225e-08
8035.499963 0 6.62766598225e-08
8035.5 0 7.1462833675e-08
8400.749963 0 7.1462833675e-08
8400.75 0 7.73264887075e-08
8765.999963 0 7.73264887075e-08
8766 0 8.402053388e-08
9131.249963 0 8.402053388e-08
9131.25 0 9.1707049965e-08
9496.499963 0 9.1707049965e-08
9496.5 0 1.005667351125e-07
9861.749963 0 1.005667351125e-07
9861.75 0 1.1079466119e-07
10226.999963 0 1.1079466119e-07
10227 0 1.2259616701e-07
10592.249963 0 1.2259616701e-07
10592.25 0 1.361820670775e-07
10957.499963 0 1.361820670775e-07
10957.5 0 1.517467488025e-07
11322.749963 0 1.517467488025e-07
11322.75 0 1.69455852155e-07
11687.999963 0 1.69455852155e-07
11688 0 1.894496919925e-07
12053.249963 0 1.894496919925e-07
12053.25 0 2.118569472975e-07
12418.499963 0 2.118569472975e-07
12418.5 0 2.36818617385e-07
12783.749963 0 2.36818617385e-07
12783.75 0 2.64511293625e-07
13148.999963 0 2.64511293625e-07
13149 0 2.9515674195e-07
13514.249963 0 2.9515674195e-07
13514.25 0 3.29019849425e-07
13879.499963 0 3.29019849425e-07
13879.5 0 3.66394250525e-07
14244.749963 0 3.66394250525e-07
14244.75 0 4.07602327175e-07
14609.999963 0 4.07602327175e-07
14610 0 4.529760438e-07
14975.249963 0 4.529760438e-07
14975.25 0 5.028548939e-07
15340.499963 0 5.028548939e-07
15340.5 0 5.575982204e-07
15705.749963 0 5.575982204e-07
15705.75 0 6.176112252e-07
16070.999963 0 6.176112252e-07
16071 0 6.833613963e-07
16436.249963 0 6.833613963e-07
16436.25 0 7.55400410675e-07
16801.499963 0 7.55400410675e-07
16801.5 0 8.4245015205e-07
17166.749963 0 8.4245015205e-07
17166.75 0 9.2201254475e-07
17531.999963 0 9.2201254475e-07
17532 0 1.0295687885e-06
17897.249963 0 1.0295687885e-06
17897.25 0 1.1427926078e-06
18262.499963 0 1.1427926078e-06
18262.5 0 1.311086294325e-06
18627.749963 0 1.311086294325e-06
18627.75 0 1.432089391975e-06
18992.999963 0 1.432089391975e-06
18993 0 1.572996822425e-06
19358.249963 0 1.572996822425e-06
19358.25 0 1.7304106308e-06
19723.499963 0 1.7304106308e-06
19723.5 0 1.807215628425e-06
20088.749963 0 1.807215628425e-06
20088.75 0 2.08709103355e-06
20453.999963 0 7228.00827675
20454 0 7310.8661865
20819.249963 0 7310.8661865
20819.25 0 7389.37491
21184.499963 0 7389.37491
21184.5 0 7461.384183
21549.749963 0 7461.384183
21549.75 0 7524.44011325
21914.999963 0 7524.44011325
21915 0 7577.14780025
22280.249963 0 7577.14780025
22280.25 0 7617.67644175
22645.499963 0 7617.67644175
22645.5 0 7645.4460385
23010.749963 0 7645.4460385
23010.75 0 7660.26493725
23375.999963 0 7660.26493725
23376 0 7662.1202325
23741.249963 0 7662.1202325
23741.25 0 7651.58180375
24106.499963 0 7651.58180375
24106.5 0 7629.535437
24471.749963 0 11139.81933925
24471.75 0 11068.08769825
24836.999963 0 11068.08769825
24837 0 10982.84073425
25202.249963 0 10982.84073425
25202.25 0 10886.188463
25567.499963 0 10886.188463
25567.5 0 10778.62865925
25932.749963 0 10778.62865925
25932.75 0 10662.3782545
26297.999963 0 10662.3782545
26298 0 10538.44417825
26663.249963 0 10538.44417825
26663.25 0 10407.666369
27028.499963 0 10407.666369
27028.5 0 10271.29433575
27393.749963 0 10271.29433575
27393.75 0 10130.43462325
27758.999963 0 10130.43462325
27759 0 9985.7213265
28124.249963 0 0.0
384242.99996 0 0.0
