0 0 0.01656701693075
365.2499635 0 0.01656701693075
365.25 0 0.017132449275
730.4999635 0 0.017132449275
730.5 0 0.0176326114185
1095.7499635 0 0.0176326114185
1095.75 0 0.01810615754025
1460.9999635 0 0.01817494866525
1461 0 0.01857262149225
1826.2499635 0 0.01857262149225
1826.25 0 0.01891341546875
2191.4999635 0 0.01891341546875
2191.5 0 0.01919904175225
2556.7499635 0 0.01919904175225
2556.75 0 0.01943052703625
2921.9999635 0 0.01943052703625
2922 0 0.01960944558525
3287.2499635 0 0.01960944558525
3287.25 0 0.01973709787825
3652.4999635 0 0.01973709787825
3652.5 0 0.0198153319645
4017.7499635 0 0.0198153319645
4017.75 0 0.019845927447
4748.2499635 0 0.01982888432575
4748.25 0 0.01975859000675
5113.4999635 0 0.01975859000675
5113.5 0 0.0196188911705
5478.7499635 0 0.0196188911705
5478.75 0 0.01938521560575
5843.9999635 0 0.01938521560575
5844 0 0.0190361396305
6209.2499635 0 0.0190361396305
6209.25 0 0.01856488706375
6574.4999635 0 0.01856488706375
6574.5 0 0.01796468172475
6939.7499635 0 0.01796468172475
6939.75 0 0.01726132785775
7304.9999635 0 0.01726132785775
7305 0 0.016510882957
7670.2499635 0 0.016510882957
7670.25 0 0.01573901437375
8035.499963 0 0.01573901437375
8035.5 0 0.01495071868575
8400.749963 0 0.01495071868575
8400.75 0 0.01417344284725
8765.999963 0 0.01417344284725
8766 0 0.01342594113625
9131.249963 0 0.01342594113625
9131.25 0 0.01269623545525
9496.499963 0 0.01269623545525
9496.5 0 0.01198459958925
9861.749963 0 0.01198459958925
9861.75 0 0.011298699521
10226.999963 0 0.011298699521
10227 0 0.0106650924025
10592.249963 0 0.0106650924025
10592.25 0 0.0100919917865
10957.499963 0 0.0100919917865
10957.5 0 0.009564750171
11322.749963 0 0.009564750171
11322.75 0 0.00903976728275
11687.999963 0 0.00903976728275
11688 0 0.0085353867215
12053.249963 0 0.0085353867215
12053.25 0 0.00806899383975
12418.499963 0 0.00806899383975
12418.5 0 0.00764243668725
12783.749963 0 0.00764243668725
12783.75 0 0.00725728952775
13148.999963 0 0.00725728952775
13149 0 0.0069102669405
13514.249963 0 0.0069102669405
13514.25 0 0.006600752909
13879.499963 0 0.006600752909
13879.5 0 0.0063280629705
14244.749963 0 0.0063280629705
14244.75 0 0.00602637948875
14609.999963 0 0.00602637948875
14610 0 0.00580606928275
14975.249963 0 0.00580606928275
14975.25 0 0.005609974207
15340.499963 0 0.005609974207
15340.5 0 0.00543388883275
15705.749963 0 0.00543388883275
15705.75 0 0.0052723868005
16070.999963 0 0.0052723868005
16071 0 0.005126553382
16436.249963 0 0.005126553382
16436.25 0 0.00499292927275
16801.499963 0 0.00499292927275
16801.5 0 0.004865113101
17166.749963 0 0.004865113101
17166.75 0 0.00477142353525
17531.999963 0 0.00477142353525
17532 0 0.00466802598225
17897.249963 0 0.00466802598225
17897.25 0 0.00457984763625
18262.499963 0 0.00457984763625
18262.5 0 0.004472163131
18627.749963 0 0.004472163131
18627.75 0 0.00440903085325
18992.999963 0 0.00440903085325
18993 0 0.0043450501385
19358.249963 0 0.0043450501385
19358.25 0 0.00428297596525
20088.749963 0 0.00425387401875
20088.75 0 0.00416405281975
20453.999963 0 0.00416405281975
20454 0 0.00410775433725
20819.249963 0 0.00410775433725
20819.25 0 0.00405349073975
21184.499963 0 0.00405349073975
21184.5 0 0.003997870552
21549.749963 0 0.003997870552
21549.75 0 0.0039436069545
21914.999963 0 0.00394361943875
21915 0 0.003888677835
22280.249963 0 0.003888677835
22280.25 0 0.0038330579245
22645.499963 0 0.0038330579245
22645.5 0 0.00377608141025
23010.749963 0 0.00377608141025
23010.75 0 0.00371774829075
23375.999963 0 0.00371774829075
23376 0 0.00365873685925
23741.249963 0 0.00365873685925
23741.25 0 0.00359836881875
24106.499963 0 0.00359836881875
24106.5 0 0.00353664416825
24471.749963 0 0.00353664416825
24471.75 0 0.00347356290625
24836.999963 0 0.00347356290625
24837 0 0.00340844673675
25202.249963 0 0.00340844673675
25202.25 0 0.00334400883875
25567.499963 0 0.00334400883875
25567.5 0 0.0032775360325
25932.749963 0 0.0032775360325
25932.75 0 0.003211741497
26297.999963 0 0.003211741497
26298 0 0.00314459034825
26663.249963 0 0.00314459034825
26663.25 0 0.003078117471
27028.499963 0 0.003078117471
27028.5 0 0.003011644571
27393.749963 0 0.003011644571
27393.75 0 0.00294449335425
27758.999963 0 0.00294449335425
27759 0 0.00287937700075
28124.249963 0 0.00287937700075
28124.25 0 0.00281358233225
28489.499963 0 0.00281358233225
28489.5 0 0.0027491442345
28854.749963 0 0.0027491442345
28854.75 0 0.00268538441325
29219.999963 0 0.00268538441325
29220 0 0.0026236594605
29585.249963 0 0.0026236594605
29585.25 0 0.0025612561965
29950.499963 0 0.0025612561965
29950.5 0 0.00250088780325
30315.749963 0 0.00250088780325
30315.75 0 0.002441875986375
30680.999963 0 0.002441875986375
30681 0 0.0023835424526
31046.249963 0 0.0023835424526
31046.25 0 0.0023265654976
31411.499963 0 0.0023265654976
31411.5 0 0.002271623417675
31776.749963 0 0.002271623417675
31776.75 0 0.00221668132895
32141.999963 0 0.00221668132895
32142 0 0.002163774117675
32507.249963 0 0.002163774117675
32507.25 0 0.002112223489225
32872.499963 0 0.002112223489225
32872.5 0 0.002061351150675
33237.749963 0 0.002061351150675
33237.75 0 0.00201251369125
33602.999963 0 0.00201251369125
33603 0 0.001964354523775
33968.249963 0 0.001964354523775
33968.25 0 0.001918230237125
34333.499963 0 0.001918230237125
34333.5 0 0.00187278424375
34698.749963 0 0.00187278424375
34698.75 0 0.00182869483795
35063.999963 0 0.00182869483795
35064 0 0.00178596202175
35429.249963 0 0.00178596202175
35429.25 0 0.001744585794475
35794.499963 0 0.001744585794475
35794.5 0 0.00170456615745
36159.749963 0 0.00170456615745
36159.75 0 0.0016652248161
36524.999963 0 0.0016652248161
36525 0 0.001626561771075
36890.249963 0 0.001626561771075
36890.25 0 0.001589933612325
37255.499963 0 0.001589933612325
37255.5 0 0.001553983750225
37620.749963 0 0.001553983750225
37620.75 0 0.0015187121858
37985.999963 0 0.0015187121858
37986 0 0.001484797214025
38351.249963 0 0.001484797214025
38351.25 0 0.0014522388349
38716.499963 0 0.0014522388349
38716.5 0 0.001419680459175
39081.749963 0 0.001419680459175
39081.75 0 0.001388478676775
39446.999963 0 0.001388478676775
39447 0 0.0013586334877
39812.249963 0 0.0013586334877
39812.25 0 0.001328788303025
40177.499963 0 0.001328788303025
40177.5 0 0.001300299711675
40542.749963 0 0.001300299711675
40542.75 0 0.0012724894197
40907.999963 0 0.0012724894197
40908 0 0.001245357427125
41273.249963 0 0.001245357427125
41273.25 0 0.001218903733225
42368.999963 0 0.001169387833475
42369 0 0.00114429074275
47117.25 0 0.000885858428325
52596 0 0.00068033353865
61727.25 0 0.000467347461575
74145.75 0 0.000309982085325
89121 0 0.00021230709805
112497 0 0.00013972919882
181529.25 0 8.0038990075e-05
381686.25 0 6.44381505425e-05
384242.99996 0 6.50240857725e-05
