0 0 0.094623845915
365.2499635 0 0.094623845915
365.25 0 0.08385613647
730.4999635 0 0.08385613647
730.5 0 0.074439726435
1095.7499635 0 0.074439726435
1095.75 0 0.0653246014825
1460.9999635 0 0.0653246014825
1461 0 0.0576645077775
1826.2499635 0 0.0576645077775
1826.25 0 0.0509074499125
2191.4999635 0 0.0509074499125
2191.5 0 0.04494618384
2556.7499635 0 0.04494618384
2556.75 0 0.0396919087575
2921.9999635 0 0.0396919087575
2922 0 0.0350606054475
3287.2499635 0 0.0350606054475
3287.25 0 0.0309805501875
3652.4999635 0 0.0309805501875
3652.5 0 0.027386850085
4017.7499635 0 0.027386850085
4017.75 0 0.02422075998975
4382.9999635 0 0.02422075998975
4383 0 0.021429682509
4748.2499635 0 0.021429682509
4748.25 0 0.01896306949275
5113.4999635 0 0.01896306949275
5113.5 0 0.0167792528735
5478.7499635 0 0.0167792528735
5478.75 0 0.01484476157975
5843.9999635 0 0.01484476157975
5844 0 0.0131336384545
6209.2499635 0 0.0131336384545
6209.25 0 0.01162880642075
6574.4999635 0 0.01162880642075
6574.5 0 0.0103090899025
6939.7499635 0 0.0103090899025
6939.75 0 0.009157411823
7304.9999635 0 0.009157411823
7305 0 0.008154645856
7670.2499635 0 0.008154645856
7670.25 0 0.0072802995085
8035.499963 0 0.0072802995085
8035.5 0 0.00651797878675
8400.75 0 0.00585333894625
11688 0 0.0025841033065
16801.499963 0 0.002083403405975
18262.499963 0 0.0034297601645
18262.5 0 0.0042605032635
19358.249963 0 0.00579325601075
19358.25 0 0.00681897182025
20088.749963 0 0.0073401665565
20088.75 0 0.00934525967125
20453.999963 0 0.00934525967125
20454 0 0.010947772586
20819.249963 0 0.010947772586
20819.25 0 0.01277228750325
21184.499963 0 0.01277228750325
21184.5 0 0.01482768450275
21549.749963 0 0.01482768450275
21549.75 0 0.01711396358475
21914.999963 0 0.01711396358475
21915 0 0.0196277093335
22280.249963 0 0.0196277093335
22280.25 0 0.0223627740015
22645.499963 0 0.0223627740015
22645.5 0 0.0253034466775
23010.749963 0 0.0253034466775
23010.75 0 0.028432650285
23375.999963 0 0.02849007529
23376 0 0.03177686516
23741.249963 0 0.03177686516
23741.25 0 0.0351704312125
24106.499963 0 0.0351704312125
24106.5 0 0.03864476386
24471.749963 0 0.03864476386
24471.75 0 0.04216495551
24836.999963 0 0.04216495551
24837 0 0.04570020534
25202.249963 0 0.04570020534
25202.25 0 0.0492039698825
25567.499963 0 0.0492039698825
25567.5 0 0.0526550308
25932.749963 0 0.0526550308
25932.75 0 0.0560308008225
26297.999963 0 0.0560308008225
26298 0 0.0593025325125
26663.249963 0 0.0593025325125
26663.25 0 0.062468172485
27028.499963 0 0.062468172485
27028.5 0 0.0655119780975
27393.749963 0 0.0655119780975
27393.75 0 0.06841889117
27758.999963 0 0.06841889117
27759 0 0.071194387405
28124.249963 0 0.071194387405
28124.25 0 0.0738459958925
28489.499963 0 0.0738459958925
28489.5 0 0.076366872005
28854.749963 0 0.076366872005
28854.75 0 0.0787583846675
29219.999963 0 0.0787583846675
29220 0 0.0810212183425
29585.249963 0 0.0810212183425
29585.25 0 0.0831074606425
29950.499963 0 0.0831074606425
29950.5 0 0.0850335386725
30315.749963 0 0.0850335386725
30315.75 0 0.0868049281325
30680.999963 0 0.0868049281325
30681 0 0.0883785078725
31046.249963 0 0.0883785078725
31046.25 0 0.0897850787125
31411.499963 0 0.0897850787125
31411.5 0 0.09106570842
31776.749963 0 0.09106570842
31776.75 0 0.0921861738525
32141.999963 0 0.0921861738525
32142 0 0.0931047227925
33237.75 0 0.09423887748
34333.499963 0 0.0934106776175
34333.5 0 0.0926249144425
34698.749963 0 0.0926249144425
34698.75 0 0.091526351815
35063.999963 0 0.091526351815
35064 0 0.0900917180025
35429.249963 0 0.0900917180025
35429.25 0 0.0883839835725
35794.499963 0 0.0883839835725
35794.5 0 0.0863545516775
36159.749963 0 0.0863545516775
36159.75 0 0.0841136208075
36524.999963 0 0.0841136208075
36525 0 0.08179192334
36890.249963 0 0.08179192334
36890.25 0 0.07940588638
37255.499963 0 0.07940588638
37255.5 0 0.0771047227925
37620.749963 0 0.0771047227925
37620.75 0 0.0749945242975
37985.999963 0 0.0749945242975
37986 0 0.073080082135
38351.249963 0 0.073080082135
38351.25 0 0.0713114305275
38716.499963 0 0.0713114305275
38716.5 0 0.06966255989
39081.749963 0 0.06966255989
39081.75 0 0.0681266256
39446.999963 0 0.0681266256
39447 0 0.0667049965775
39812.249963 0 0.0667049965775
39812.25 0 0.065394934975
40177.499963 0 0.065394934975
40177.5 0 0.064186858315
40542.749963 0 0.064186858315
40542.75 0 0.0630677618075
40907.999963 0 0.0630677618075
40908 0 0.0620273785075
41273.249963 0 0.0620273785075
41273.25 0 0.06105612594
41638.499963 0 0.06105612594
41638.5 0 0.060145790555
42003.749963 0 0.060145790555
42003.75 0 0.0592874743325
42368.999963 0 0.0592874743325
42369 0 0.0584750171125
45656.25 0 0.052503764545
49674 0 0.0466440793975
53691.75 0 0.0413963039025
58440 0 0.0358726899375
63188.25 0 0.031115674195
68301.75 0 0.026830937715
73415.25 0 0.0233059548255
78893.999963 0 0.020424366872
84007.5 0 0.01780158453525
90947.25 0 0.01529738609925
97887 0 0.01333077374025
106287.75 0 0.0115002591225
114688.5 0 0.01010525727625
123089.25 0 0.0090164753475
131490 0 0.0081386449175
159979.49996 0 0.00623327654225
188103.75 0 0.00513768972625
262614.74996 0 0.00393322471775
296217.75 0 0.00697500923125
381686.25 0 0.00531461678975
384242.99996 0 0.005345653662
