0 0 1238.7283785
365.2499635 0 1238.7283785
365.25 0 1130.747549375
730.4999635 0 1130.747549375
730.5 0 1033.31578505
1095.7499635 0 1033.839835725
1095.75 0 946.33127995
1460.9999635 0 946.33127995
1461 0 868.042436675
1826.2499635 0 868.042436675
1826.25 0 798.1998631
2191.4999635 0 798.1998631
2191.5 0 735.995893225
2556.7499635 0 735.995893225
2556.75 0 680.629705675
2921.9999635 0 680.629705675
2922 0 631.362080775
3287.2499635 0 631.362080775
3287.25 0 587.4606434
3652.4999635 0 587.4606434
3652.5 0 548.227241625
4017.7499635 0 548.227241625
4017.75 0 513.011635875
4382.9999635 0 513.011635875
4383 0 481.2457221
4748.2499635 0 481.2457221
4748.25 0 452.3613963
5113.4999635 0 452.3613963
5113.5 0 425.9137577
5478.7499635 0 425.9137577
5478.75 0 401.48528405
5843.9999635 0 401.48528405
5844 0 378.72005475
6209.2499635 0 378.72005475
6209.25 0 357.303216975
6574.4999635 0 357.303216975
6574.5 0 337.0020534
6939.7499635 0 337.0020534
6939.75 0 317.57700205
7304.9999635 0 317.57700205
7305 0 298.877481175
7670.2499635 0 298.877481175
7670.25 0 280.752908975
8035.499963 0 280.752908975
8035.5 0 263.10746065
8400.749963 0 263.10746065
8400.75 0 245.879534565
8765.999963 0 245.879534565
8766 0 229.0212183425
9131.249963 0 229.0212183425
9131.25 0 212.5325119775
9496.499963 0 212.5325119775
9496.5 0 196.4613278575
9861.749963 0 196.4613278575
9861.75 0 180.821355235
10226.999963 0 180.821355235
10227 0 165.701574265
10592.249963 0 165.701574265
10592.25 0 151.1567419575
10957.499963 0 151.1567419575
10957.5 0 137.1252566725
11322.749963 0 137.1252566725
11322.75 0 123.2922655725
11687.999963 0 123.2922655725
11688 0 109.288158795
12053.249963 0 109.288158795
12053.25 0 95.3114305275
12418.499963 0 95.3114305275
12418.5 0 82.0602327175
12783.749963 0 82.0602327175
12783.75 0 70.1300479125
13148.999963 0 70.1300479125
13149 0 59.787816565
13514.249963 0 59.787816565
13514.25 0 51.047227925
13879.499963 0 51.047227925
13879.5 0 43.737166325
14244.749963 0 43.737166325
14244.75 0 37.6454483225
14609.999963 0 37.6454483225
14610 0 32.5804243675
14975.249963 0 32.5804243675
14975.25 0 28.3572895275
15340.499963 0 28.3572895275
15340.5 0 24.81861738525
15705.749963 0 24.81861738525
15705.75 0 21.8343600275
16070.999963 0 21.8343600275
16071 0 19.31553730325
16436.249963 0 19.31553730325
16436.25 0 17.15947980825
16801.499963 0 17.15947980825
16801.5 0 15.1774730865
17166.749963 0 15.1774730865
17166.75 0 13.4865749035
17531.999963 0 13.4865749035
17532 0 12.376335309
17897.249963 0 12.376335309
17897.25 0 10.9787816565
18262.499963 0 10.9787816565
18262.5 0 9.791096393
18627.749963 0 9.791096393
18627.75 0 8.99330087725
18992.999963 0 8.99330087725
18993 0 8.1544424395
19723.499963 0 7.564924835
19723.5 0 6.85831622175
20088.749963 0 6.85831622175
20088.75 0 6.32443531825
20453.999963 0 6.32443531825
20454 0 5.8384668035
21915 0 4.3394934975
27028.5 0 1.916495551
35429.25 0 0.951403148525
42368.999963 0 0.7665982204
48943.5 0 0.684462696775
52595.999963 0 0.663928815875
54422.249963 0 0.65023956195
55883.249963 0 0.65023956195
57709.499963 0 0.636550308
59170.499963 0 0.636550308
62457.749963 0 0.622861054075
89120.999963 0 0.45859000685
115784.25 0 0.21902806297
142447.5 0 0.075290896645
204905.25 0 0.0
303887.99996 0 0.00684462696775
303888 0 0.0
384242.99996 0 0.0
