0 0 2588.61238875
365.2499635 0 4229.7223905
365.25 0 8033.15565475
730.4999635 0 8033.15565475
730.5 0 12558.26931425
1095.7499635 0 12558.26931425
1095.75 0 15937.84479425
1460.9999635 0 15937.84479425
1461 0 18044.9096235
5113.4999635 0 25359.8902875
8766 0 44691.3445675
10957.5 0 49655.1723725
12783.749963 0 47320.592275
14244.749963 0 40317.1457775
14244.75 0 38058.6355125
14609.999963 0 38058.6355125
14610 0 35632.44402
14975.249963 0 35632.44402
14975.25 0 33420.4208775
15340.499963 0 33420.4208775
15340.5 0 31097.63932
15705.749963 0 31097.63932
15705.75 0 28869.288755
16070.999963 0 28869.288755
16071 0 26822.299605
17166.749963 0 23033.4010945
17166.75 0 21149.200571
21184.5 0 8708.78551725
25202.25 0 3941.294741
35064 0 0.0
384242.99996 0 0.0
