0 0 51542.3529225
730.4999635 0 51427.9128725
730.5 0 51193.61154
1095.7499635 0 51193.61154
1095.75 0 50521.515095
1460.9999635 0 50521.515095
1461 0 49218.37617
1826.2499635 0 49218.37617
1826.25 0 47327.7078675
2191.4999635 0 47327.7078675
2191.5 0 45072.4038475
2556.7499635 0 45072.4038475
2556.75 0 42696.2604525
2921.9999635 0 42696.2604525
2922 0 40375.6526225
3287.2499635 0 40375.6526225
3287.25 0 38210.9269
3652.4999635 0 38210.9269
3652.5 0 36243.6154225
4017.7499635 0 36243.6154225
4017.75 0 34482.5984125
4382.9999635 0 34482.5984125
4383 0 32920.3618325
4748.2499635 0 32920.3618325
4748.25 0 31539.14523
5113.4999635 0 31539.14523
5113.5 0 30322.5543475
5478.7499635 0 30322.5543475
5478.75 0 29248.0470725
5843.9999635 0 29248.0470725
5844 0 28300.59533
6209.2499635 0 28300.59533
6209.25 0 27463.8048575
6574.4999635 0 27463.8048575
6574.5 0 26721.9644875
6939.7499635 0 26721.9644875
6939.75 0 26066.1939925
7304.9999635 0 26066.1939925
7305 0 25482.8314925
7670.2499635 0 25482.8314925
7670.25 0 24964.362947
8035.499963 0 24964.362947
8035.5 0 24503.27431925
8400.749963 0 24503.27431925
8400.75 0 24092.05157275
8765.999963 0 24092.05157275
8766 0 23725.9130475
9131.249963 0 23725.9130475
9131.25 0 23398.7108955
9496.499963 0 23398.7108955
9496.5 0 23107.029645
9861.749963 0 23107.029645
9861.75 0 22846.08763625
10226.999963 0 22846.08763625
10227 0 22613.1524925
11688 0 21881.5585365
13148.999963 0 21148.598392
13149 0 20780.410584
13514.249963 0 20780.410584
13514.25 0 20352.110481
13879.499963 0 20352.110481
13879.5 0 19881.4585335
14244.749963 0 19881.4585335
14244.75 0 19380.7504385
14609.999963 0 19380.7504385
14610 0 18862.964987
14975.249963 0 18862.964987
14975.25 0 18340.3978755
15340.499963 0 18340.3978755
15340.5 0 17819.19695275
15705.749963 0 17819.19695275
15705.75 0 17306.87625525
16070.999963 0 17306.87625525
16071 0 16807.53434875
16436.249963 0 16807.53434875
16436.25 0 16321.8543275
16801.499963 0 16321.8543275
16801.5 0 15811.36307325
17166.749963 0 15811.36307325
17166.75 0 15315.7525805
17531.999963 0 15315.7525805
17532 0 14961.937386
17897.249963 0 14961.937386
17897.25 0 14468.61959125
18262.499963 0 14468.61959125
18262.5 0 13999.94448525
18627.749963 0 13999.94448525
18627.75 0 13644.25108075
18992.999963 0 13644.25108075
18993 0 13250.68446675
19723.499963 0 12956.85621525
19723.5 0 12567.56825625
20088.749963 0 12567.56825625
20088.75 0 12251.2956125
20453.999963 0 12251.2956125
20454 0 11946.635571
20819.249963 0 11946.635571
20819.25 0 11654.9543205
21184.499963 0 11654.9543205
21184.5 0 11375.568767
21549.749963 0 11375.568767
21549.75 0 11107.1127215
21914.999963 0 11107.1127215
21915 0 10850.95237275
22280.249963 0 10850.95237275
22280.25 0 10605.03843775
22645.499963 0 10605.03843775
22645.5 0 10368.68782275
23010.749963 0 10368.68782275
23010.75 0 10143.26671575
23375.999963 0 10143.26671575
23376 0 9926.7258345
24836.999963 0 9331.750731
25932.75 0 8648.65646775
27028.499963 0 8348.77808625
27759 0 7945.0693765
28854.749963 0 7718.001369
29585.25 0 7388.090349
31046.249963 0 7095.14031475
32141.999963 0 6830.937714
34333.5 0 6307.32375075
36890.249963 0 5933.6071185
39081.75 0 5564.68172475
41273.25 0 5298.42573575
43464.749963 0 5107.4606435
47482.5 0 4748.1177275
52596 0 4475.70157425
57709.5 0 4314.8528405
69397.5 0 4164.95551
81085.499963 0 4110.19849425
104096.25 0 3991.101985
115784.25 0 3901.43737175
127472.24996 0 3785.07871325
133316.24996 0 3711.156742
139160.24996 0 3626.2833675
145004.24996 0 3529.0896645
150482.99996 0 3425.7357975
157057.49996 0 3284.05201925
163266.74996 0 3133.47022575
169841.24996 0 2953.4565365
176050.49996 0 2765.91375775
182624.99996 0 2549.6235455
188834.24996 0 2332.648870625
195408.74996 0 2091.718001375
201617.99996 0 1859.000684475
208192.49996 0 1613.963039025
214401.74996 0 1388.774811775
220976.24996 0 1162.21765915
227185.49996 0 965.092402475
233759.99996 0 776.86516085
239969.24996 0 620.807665975
246178.5 0 479.80835045
252387.75 0 368.925393575
262249.49996 0 238.19301848
271745.99996 0 146.4750171125
290739 0 47.912388775
350640 0 0.0
378398.99996 0 0.684462696775
378399 0 0.0
384242.99996 0 0.0
