0 0 2.1655963139000002e-19
37985.999963 0 5.53517654125e-07
74876.249963 0 0.0042953161665
92042.999963 0 0.0143227870785
109209.74996 0 0.03988791516
121262.99996 0 0.07845442631
127106.99996 0 0.107382904165
132950.99996 0 0.145327054565
138064.49996 0 0.1873997366675
142812.74996 0 0.2350661341925
147560.99996 0 0.2919960531
151943.99996 0 0.353561156025
157422.74996 0 0.443601488375
162901.49996 0 0.54901940315
168380.24996 0 0.67035578595
173493.74996 0 0.79811432915
178972.49996 0 0.9503496565
184085.99996 0 1.106282176425
189929.99996 0 1.300042453625
195408.74996 0 1.4955828606
201252.74996 0 1.7178252139
207096.74996 0 1.95239154245
213305.99996 0 2.213728283825
214766.99996 0 2.276785957075
215497.49996 0 2.308554426575
215862.74996 0 2.324507127825
216227.99996 0 2.340391362575
219149.99996 0 2.469176903725
228281.25 0 2.8996944385
237412.5 0 3.3250769835
255675 0 4.178375335
273937.5 0 4.97820132725
283434 0 5.34770705
291469.5 0 5.62902121825
300235.5 0 5.89596167
307175.25 0 6.07392197125
315941.25 0 6.2539356605
325803 0 6.39082819975
334934.25 0 6.453798768
344795.99996 0 6.4524298425
353196.74996 0 6.39356605075
362693.24996 0 6.26434547625
372189.74996 0 6.069247841
381686.25 0 5.8015875765
384242.99996 0 5.80082135525
