0 0 3840061.0135
365.2499635 0 3840061.0135
365.25 0 3998360.50775
730.4999635 0 3998360.50775
730.5 0 4165158.7205
1095.7499635 0 4165158.7205
1095.75 0 4337838.458
1460.9999635 0 4337838.458
1461 0 4516255.0815
1826.2499635 0 4516255.0815
1826.25 0 4693772.49575
2191.4999635 0 4693772.49575
2191.5 0 4890193.12775
2556.7499635 0 4890193.12775
2556.75 0 5085803.301
2921.9999635 0 5085803.301
2922 0 5286955.8985
3287.2499635 0 5286955.8985
3287.25 0 5493440.10425
3652.4999635 0 5493440.10425
3652.5 0 5704997.49825
4017.7499635 0 5704997.49825
4017.75 0 5921417.2645
4382.9999635 0 5921417.2645
4383 0 6142230.167
4748.2499635 0 6142230.167
4748.25 0 6367463.40775
5113.4999635 0 6367463.40775
5113.5 0 6596640.9505
5478.7499635 0 6596640.9505
5478.75 0 6829558.77975
5843.9999635 0 6829558.77975
5844 0 7066012.8795
6209.2499635 0 7066012.8795
6209.25 0 7305799.23425
6574.4999635 0 7305799.23425
6574.5 0 7548849.839
6939.7499635 0 7548849.839
6939.75 0 7794756.66225
7304.9999635 0 7794756.66225
7305 0 8043655.71475
7670.2499635 0 8043655.71475
7670.25 0 8295070.95975
8035.499963 0 8295070.95975
8035.5 0 8549002.39725
8400.749963 0 8549002.39725
8400.75 0 8805178.00675
8765.999963 0 8805178.00675
8766 0 9063393.77225
9131.249963 0 9063393.77225
9131.25 0 9323581.68875
9496.499963 0 9323581.68875
9496.5 0 9585197.7145
9861.749963 0 9585197.7145
9861.75 0 9848309.85475
10226.999963 0 9848309.85475
10227 0 10112442.07325
10592.249963 0 10112442.07325
10592.25 0 10377322.349
10957.499963 0 10377322.349
10957.5 0 10642678.661
11322.749963 0 10642678.661
11322.75 0 10908170.98375
11687.999963 0 10908170.98375
11688 0 11173391.2855
12053.249963 0 11173391.2855
12053.25 0 11437999.54025
12418.499963 0 11437999.54025
12418.5 0 11701587.717
12783.749963 0 11701587.717
12783.75 0 11963747.7845
13148.999963 0 11963747.7845
13149 0 12224003.70625
13514.249963 0 12224003.70625
13514.25 0 12481879.44575
13879.499963 0 12481879.44575
13879.5 0 12736558.9405
14244.749963 0 12819164.9555
14244.75 0 13071731.6905
14609.999963 0 13071731.6905
14610 0 13319438.7405
14975.249963 0 13319438.7405
14975.25 0 13561396.304
15340.499963 0 13561396.304
15340.5 0 13796509.24025
15705.749963 0 13796509.24025
15705.75 0 14023750.8555
16070.999963 0 14023750.8555
16071 0 14242094.45575
16436.249963 0 14242094.45575
16436.25 0 14450581.79325
16801.499963 0 14450581.79325
16801.5 0 14667758.0275
17166.749963 0 14667758.0275
17166.75 0 14865243.98175
17531.999963 0 14865243.98175
17532 0 15077410.2215
17897.249963 0 15077410.2215
17897.25 0 15206329.27325
18262.499963 0 15206329.27325
18262.5 0 15363800.42525
18627.749963 0 15363800.42525
18627.75 0 15448616.18175
18992.999963 0 15448616.18175
18993 0 15616563.99725
19358.249963 0 15616563.99725
19358.25 0 15716700.88975
19723.499963 0 15716700.88975
19723.5 0 15803627.65225
20088.749963 0 15803627.65225
20088.75 0 15877275.8385
20453.999963 0 15877275.8385
20454 0 15937713.8945
21184.5 0 16019849.41825
22645.499963 0 16049486.653
23741.249963 0 15973990.4175
23741.25 0 15928131.41675
24106.499963 0 15928131.41675
24106.5 0 15870636.55025
24471.749963 0 15870636.55025
24471.75 0 15804243.66875
24836.999963 0 15804243.66875
24837 0 15728952.772
25202.249963 0 15728952.772
25202.25 0 15644079.39775
25567.499963 0 15644079.39775
25567.5 0 15550992.471
25932.749963 0 15550992.471
25932.75 0 15450376.4545
26297.999963 0 15450376.4545
26298 0 15340862.423
26663.249963 0 15340862.423
26663.25 0 15225872.69
27028.499963 0 15225872.69
27028.5 0 15104038.33
27393.749963 0 15104038.33
27393.75 0 14974674.88025
27758.999963 0 14974674.88025
27759 0 14840520.19175
28124.249963 0 14840520.19175
28124.25 0 14700889.8015
28489.499963 0 14700889.8015
28489.5 0 14555783.70975
28854.749963 0 14555783.70975
28854.75 0 14405886.37925
29219.999963 0 14405886.37925
29220 0 14252566.735
29585.249963 0 14252566.735
29585.25 0 14094455.85225
29950.499963 0 14094455.85225
29950.5 0 13932922.65575
30315.749963 0 13932922.65575
30315.75 0 13769336.07125
30680.999963 0 13769336.07125
30681 0 13600958.24775
31046.249963 0 13600958.24775
31046.25 0 13431895.96175
31411.499963 0 13431895.96175
31411.5 0 13258726.8995
31776.749963 0 13258726.8995
31776.75 0 13085557.837
32141.999963 0 13085557.837
32142 0 12909650.924
32507.249963 0 12909650.924
32507.25 0 12731690.62275
32872.499963 0 12731690.62275
32872.5 0 12554414.7845
33237.749963 0 12554414.7845
33237.75 0 12375085.55775
33602.999963 0 12375085.55775
33603 0 12195071.8685
33968.249963 0 12195071.8685
33968.25 0 12014373.71675
34333.499963 0 12014373.71675
34333.5 0 11835044.49
34698.749963 0 11835044.49
34698.75 0 11653661.8755
35063.999963 0 11653661.8755
35064 0 11474332.64875
35429.249963 0 11474332.64875
35429.25 0 11293634.497
35794.499963 0 11293634.497
35794.5 0 11114989.733
36159.749963 0 11114989.733
36159.75 0 10935660.5065
36524.999963 0 10935660.5065
36525 0 10757015.74275
36890.249963 0 10757015.74275
36890.25 0 10580424.36675
37255.499963 0 10580424.36675
37255.5 0 10403832.991
37620.749963 0 10403832.991
37620.75 0 10229295.0035
37985.999963 0 10229295.0035
37986 0 10055441.4785
38351.249963 0 10055441.4785
38351.25 0 9774826.2685
38716.499963 0 9774826.2685
38716.5 0 9606271.439
39081.749963 0 9606271.439
39081.75 0 9439747.39025
39446.999963 0 9439747.39025
39447 0 9273900.26875
39812.249963 0 9273900.26875
39812.25 0 9111437.78225
40177.499963 0 9111437.78225
40177.5 0 8948975.29575
40542.749963 0 8948975.29575
40542.75 0 8789897.4445
40907.999963 0 8789897.4445
40908 0 8632173.44725
41273.249963 0 8632173.44725
41273.25 0 8477157.158
41638.499963 0 8477157.158
41638.5 0 8322817.79575
42003.749963 0 8322817.79575
42003.75 0 8171186.14175
42368.999963 0 8171186.14175
42369 0 8022262.196
42734.249963 0 8022262.196
42734.25 0 7874692.104
43099.499963 0 7874692.104
43099.5 0 7729152.79325
43464.749963 0 7729152.79325
43464.75 0 7586321.1905
43829.999963 0 7586321.1905
43830 0 7445520.369
44195.249963 0 7445520.369
44195.25 0 7307427.2555
44560.499963 0 7307427.2555
44560.5 0 7170011.069
44925.749963 0 7170011.069
44925.75 0 7036656.44475
45290.999963 0 7036656.44475
45291 0 6903978.7475
45656.249963 0 6903978.7475
45656.25 0 6774008.75825
46021.499963 0 6774008.75825
46021.5 0 6646069.55025
46386.749963 0 6646069.55025
46386.75 0 6520838.05025
46751.999963 0 6520838.05025
46752 0 6396960.40425
47117.249963 0 6396960.40425
47117.25 0 6275790.4665
47482.499963 0 6275790.4665
47482.5 0 6156651.30975
47847.749963 0 6156651.30975
47847.75 0 6039542.934
48212.999963 0 6039542.934
48213 0 5924465.3395
48578.249963 0 5924465.3395
48578.25 0 5811418.526
48943.499963 0 5811418.526
48943.5 0 5700402.4935
49308.749963 0 5700402.4935
49308.75 0 5591417.24225
49673.999963 0 5591417.24225
49674 0 5485139.699
50039.249963 0 5485139.699
50039.25 0 5379539.08275
50404.499963 0 5379539.08275
50404.5 0 5277323.10175
50769.749963 0 5277323.10175
50769.75 0 5175784.04775
51134.999963 0 5175784.04775
51135 0 5076275.77475
51500.249963 0 5076275.77475
51500.25 0 4980152.137
51865.499963 0 4980152.137
51865.5 0 4884028.49925
52230.749963 0 4884028.49925
52230.75 0 4790612.5695
52595.999963 0 4790612.5695
52596 0 4698550.49375
52961.249963 0 4698550.49375
52961.25 0 4608519.19925
53326.499963 0 4608519.19925
53326.5 0 4521195.61275
53691.749963 0 4521195.61275
53691.75 0 4433872.02625
54056.999963 0 4433872.02625
54057 0 4349256.148
54422.249963 0 4349256.148
54422.25 0 4265994.1235
54787.499963 0 4265994.1235
54787.5 0 4184085.95325
55152.749963 0 4184085.95325
55152.75 0 4104885.49125
55517.999963 0 4104885.49125
55518 0 4026361.956
55883.249963 0 4026361.956
55883.25 0 3949192.275
56248.499963 0 3949192.275
56248.5 0 3874053.375
56613.749963 0 3874053.375
56613.75 0 3800268.329
56978.999963 0 3800268.329
56979 0 3728514.06425
57344.249963 0 3728514.06425
57344.25 0 3656759.79925
57709.499963 0 3656759.79925
57709.5 0 3587713.2425
58074.749963 0 3587713.2425
58074.75 0 3520020.54
58439.999963 0 3520020.54
58440 0 3452327.83725
59170.499963 0 3388019.76975
59170.5 0 3323034.775
59535.749963 0 3323034.775
59535.75 0 3260757.48875
59900.999963 0 3260757.48875
59901 0 3199834.05625
60266.249963 0 3199834.05625
60266.25 0 3138910.62375
60631.499963 0 3138910.62375
60631.5 0 3079341.0455
60996.749963 0 3079341.0455
60996.75 0 3022479.17525
61361.999963 0 3022479.17525
61362 0 2964940.37775
61727.249963 0 2964940.37775
61727.25 0 2910109.28875
62092.499963 0 2910109.28875
62092.5 0 2855278.1995
62822.999963 0 2802477.8915
62823 0 2749677.58325
63188.249963 0 2749677.58325
63188.25 0 2698231.12925
63553.499963 0 2698231.12925
63553.5 0 2648815.45625
63918.749963 0 2648815.45625
63918.75 0 2599399.78325
64283.999963 0 2599399.78325
64284 0 2550661.0375
64649.249963 0 2550661.0375
64649.25 0 2503953.0725
65014.499963 0 2503953.0725
65014.5 0 2457922.0347
65379.749963 0 2457922.0347
65379.75 0 2411890.996875
65744.999963 0 2411890.996875
65745 0 2367890.740125
66110.249963 0 2367890.740125
66110.25 0 2324567.4104
66475.499963 0 2324567.4104
66475.5 0 2281921.007725
74511 0 1531885.8619
84372.75 0 964621.01335
93869.25 0 636311.4053
105922.5 0 394648.4567
121993.5 0 230155.18915
142082.25 0 136062.33241
220245.75 0 26400.15405
381686.25 0 5415.41621525
384242.99996 0 5475.70157425
