0 0 7.17015838925e-13
17166.749963 0 6.24340217375e-07
32141.999963 0 0.00297387891175
35429.249963 0 0.0084636064305
38351.249963 0 0.01804982074625
40907.999963 0 0.0313677528925
43464.749963 0 0.0501914254025
46386.749963 0 0.07922969517
48943.499963 0 0.11155411829
51865.499963 0 0.1563210635725
54422.249963 0 0.2018637058875
55517.999963 0 0.223015289625
55518 0 0.2302644688775
55883.249963 0 0.2302644688775
55883.25 0 0.2376065950875
56248.499963 0 0.2376065950875
56248.5 0 0.245041668255
56613.749963 0 0.245041668255
56613.75 0 0.2525621706
56978.999963 0 0.2525621706
56979 0 0.2601687856
57344.249963 0 0.2601687856
57344.25 0 0.26785467885
57709.499963 0 0.26785467885
57709.5 0 0.2756178001
58074.749963 0 0.2756178001
58074.75 0 0.283455415625
58439.999963 0 0.283455415625
58440 0 0.2913620579
58805.249963 0 0.2913620579
58805.25 0 0.29933499325
59170.499963 0 0.29933499325
59170.5 0 0.307370804475
59535.749963 0 0.307370804475
59535.75 0 0.31546265725
59900.999963 0 0.31546265725
59901 0 0.323610551575
60266.249963 0 0.323610551575
60266.25 0 0.3318076531
60631.499963 0 0.3318076531
60631.5 0 0.340050544675
61361.999963 0 0.348337176
61362 0 0.356654561825
61727.249963 0 0.356654561825
61727.25 0 0.365014320525
62092.499963 0 0.365014320525
62092.5 0 0.373397999425
62457.749963 0 0.373397999425
62457.75 0 0.38180286475
62822.999963 0 0.38180286475
62823 0 0.390239168
63188.249963 0 0.390239168
63188.25 0 0.398678205
63553.499963 0 0.398678205
63553.5 0 0.40713296095
63918.749963 0 0.40713296095
63918.75 0 0.415597968425
64283.999963 0 0.415597968425
64284 0 0.424066393075
64649.249963 0 0.424066393075
64649.25 0 0.432525249625
65014.499963 0 0.432525249625
65014.5 0 0.4409800056
65379.749963 0 0.4409800056
65379.75 0 0.449425876925
65744.999963 0 0.449425876925
65745 0 0.45785534585
66110.249963 0 0.45785534585
66110.25 0 0.466269095825
66475.499963 0 0.466269095825
66475.5 0 0.474653458125
66840.749963 0 0.474653458125
66840.75 0 0.4830084328
67205.999963 0 0.4830084328
67206 0 0.491328552375
67571.249963 0 0.491328552375
67571.25 0 0.499619967725
67936.499963 0 0.499619967725
67936.5 0 0.5078567084
68301.749963 0 0.5078567084
68301.75 0 0.516058593975
68666.999963 0 0.516058593975
68667 0 0.52420580485
69032.249963 0 0.52420580485
69032.25 0 0.5322990245
69397.499963 0 0.5322990245
69397.5 0 0.54033141855
69762.749963 0 0.54033141855
69762.75 0 0.54830367045
70127.999963 0 0.54830367045
70128 0 0.556208945875
70493.249963 0 0.556208945875
70493.25 0 0.564034943025
74145.749963 0 0.630696364275
77433 0 0.69554209445
81085.499963 0 0.741526351825
82181.249963 0 0.754152635175
82546.499963 0 0.75805407255
82911.749963 0 0.761785763175
84372.75 0 0.77807255305
87660 0 0.797111567425
91312.499963 0 0.802977412725
94599.749963 0 0.796249144425
97521.749963 0 0.78052019165
100808.99996 0 0.753175906925
104096.24996 0 0.7171594798
107748.74996 0 0.669178644775
111401.24996 0 0.615373032175
115784.24996 0 0.545337981625
119801.99996 0 0.481065248925
123819.75 0 0.41283737625
127837.5 0 0.353646895975
131124.74996 0 0.313583172175
134046.75 0 0.271873181125
137333.99996 0 0.2379778362825
140256 0 0.20351551973
146465.24996 0 0.151811798425
152309.25 0 0.1090293428125
159614.25 0 0.07238794222
166919.25 0 0.0471201307375
174954.75 0 0.028970205055
182990.25 0 0.017548799053
186277.5 0 0.0142972504545
189564.75 0 0.01159901159675
196139.24996 0 0.00786929408675
202713.74996 0 0.0051027453845
208923 0 0.003306196474
239603.99996 0 0.000478168911525
269919.75 0 0.0
378764.24996 0 6.83098445025e-05
378764.25 0 0.0
384242.99996 0 0.0
