0 0 56903.853525
730.4999635 0 56994.592745
730.5 0 56029.91102
1095.7499635 0 56029.91102
1095.75 0 54121.6974675
1460.9999635 0 54121.6974675
1461 0 51624.3668725
1826.2499635 0 51624.3668725
1826.25 0 48887.54278
2191.4999635 0 48887.54278
2191.5 0 46154.757015
2556.7499635 0 46154.757015
2556.75 0 43565.434635
2921.9999635 0 43565.434635
2922 0 41185.2840525
3287.2499635 0 41185.2840525
3287.25 0 39036.618755
3652.4999635 0 39036.618755
3652.5 0 37117.522245
4017.7499635 0 37117.522245
4017.75 0 35414.784395
4382.9999635 0 35414.784395
4383 0 33909.92471
4748.2499635 0 33909.92471
4748.25 0 32583.778235
5113.4999635 0 32583.778235
5113.5 0 31416.769335
5478.7499635 0 31416.769335
5478.75 0 30391.58111
5843.9999635 0 30391.58111
5844 0 29492.3340175
6209.2499635 0 29492.3340175
6209.25 0 28705.407255
6574.4999635 0 28705.407255
6574.5 0 28017.24846
6939.7499635 0 28017.24846
6939.75 0 27416.221765
7304.9999635 0 27416.221765
7305 0 26893.9767275
7670.2499635 0 26893.9767275
7670.25 0 26441.1362075
8035.499963 0 26441.1362075
8035.5 0 26049.1444225
9496.499963 0 25178.71321
10592.25 0 24542.7789185
13514.249963 0 24242.0260095
16070.999963 0 23565.02395625
17897.249963 0 22093.4003615
18627.749963 0 21368.3492755
18992.999963 0 21085.4674245
19358.249963 0 20777.04307
20819.25 0 19217.31690625
22280.25 0 18068.44626975
23741.25 0 17026.69404525
25202.25 0 16085.557837
25932.75 0 15652.97741275
26297.999963 0 15652.97741275
26298 0 15445.5852155
26663.249963 0 15445.5852155
26663.25 0 15244.35318275
27028.499963 0 15244.35318275
27028.5 0 15049.96577675
27393.749963 0 15049.96577675
27393.75 0 14860.36960975
27758.999963 0 14860.36960975
27759 0 14677.61806975
28124.249963 0 14677.61806975
28124.25 0 14500.34223125
28854.75 0 14163.5865845
29585.249963 0 14005.4757015
30680.999963 0 13562.62833675
32872.5 0 12722.79260775
35429.25 0 12114.30527025
37986 0 11694.0451745
40177.5 0 11446.954141
42369 0 11279.945243
44560.5 0 11170.4312115
46752 0 11104.03833
64649.249963 0 11078.71321025
82181.249963 0 10956.107636
89486.249963 0 10818.02841575
96791.249963 0 10623.21367425
100443.74996 0 10506.3248295
104096.24996 0 10373.0305325
107748.74996 0 10228.11570725
111401.24996 0 10069.52967225
117245.24996 0 9788.58630825
123089.24996 0 9477.56628225
128933.24996 0 9140.5709575
134411.99996 0 8802.8920725
140255.99996 0 8424.883118
145734.75 0 8031.8358325
151578.74996 0 7652.459757
157057.5 0 7240.95633825
162901.5 0 6828.08579825
168745.49996 0 6441.1905575
174589.49996 0 6033.7885015
180068.24996 0 5657.8302285
185912.24996 0 5267.517185
191391 0 4890.191791
197234.99996 0 4551.145785
202713.75 0 4203.89705275
208557.75 0 3875.104454
214401.75 0 3564.08442825
220245.75 0 3272.88765675
226089.74996 0 3015.1853495
231933.74996 0 2758.8501635
237777.74996 0 2521.65467125
249100.5 0 2097.8471634
262979.99996 0 1687.710865575
276494.25 0 1346.614177875
290373.74996 0 1076.6077818
303888 0 853.767059975
342969.74996 0 447.732125125
381686.25 0 232.41056877
384242.99996 0 232.717316905
