0 0 1.3111923255499998e-15
14975.249963 0 4.17871106375e-08
20453.999963 0 1.983134839975e-07
25932.749963 0 4.721346125e-07
28124.249963 0 6.6969966495e-07
28489.499963 0 7.12532270625e-07
28854.749963 0 7.58586194e-07
28854.75 0 8.079501578e-07
29219.999963 0 8.079501578e-07
29220 0 8.60665111e-07
29585.249963 0 8.60665111e-07
29585.25 0 9.16758352875e-07
29950.499963 0 9.16758352875e-07
29950.5 0 9.762162338e-07
30315.749963 0 9.762162338e-07
30315.75 0 1.038963680675e-06
30680.999963 0 1.038963680675e-06
30681 0 1.10493244525e-06
31046.249963 0 1.10493244525e-06
31046.25 0 1.17396555655e-06
31411.499963 0 1.17396555655e-06
31411.5 0 1.245926518025e-06
31776.749963 0 1.245926518025e-06
31776.75 0 1.320596935275e-06
32141.999963 0 1.320596935275e-06
32142 0 1.397765238725e-06
32507.249963 0 1.397765238725e-06
32507.25 0 1.4771789098e-06
32872.499963 0 1.4771789098e-06
32872.5 0 1.558564955475e-06
33237.749963 0 1.558564955475e-06
33237.75 0 1.642578559025e-06
33602.999963 0 1.642578559025e-06
33603 0 1.727841105675e-06
33968.249963 0 1.727841105675e-06
33968.25 0 1.8140045293e-06
34333.499963 0 1.8140045293e-06
34333.5 0 1.900727588625e-06
34698.749963 0 1.900727588625e-06
34698.75 0 1.987662217525e-06
35063.999963 0 1.987662217525e-06
35064 0 2.07446034995e-06
35429.249963 0 2.07446034995e-06
35429.25 0 2.1607943942e-06
35794.499963 0 2.1607943942e-06
35794.5 0 2.2463367587e-06
36159.749963 0 2.2463367587e-06
36159.75 0 2.330753026975e-06
36524.999963 0 2.330753026975e-06
36525 0 2.4137497315e-06
36890.249963 0 2.4137497315e-06
36890.25 0 2.49504705445e-06
37255.499963 0 2.49504705445e-06
37255.5 0 2.574365178e-06
37620.749963 0 2.574365178e-06
37620.75 0 2.65145840825e-06
37985.999963 0 2.65145840825e-06
37986 0 2.7260947015e-06
38351.249963 0 2.7260947015e-06
38351.25 0 2.79806248775e-06
38716.499963 0 2.79806248775e-06
38716.5 0 2.867177497e-06
39081.749963 0 2.867177497e-06
39081.75 0 2.9332691085e-06
39446.999963 0 2.941779603e-06
39447 0 3.00488706375e-06
39812.249963 0 3.00488706375e-06
39812.25 0 3.0647227925e-06
40177.499963 0 3.0647227925e-06
40177.5 0 3.121081451e-06
43099.5 0 3.4438056125e-06
46021.5 0 3.54435318275e-06
48578.249963 0 3.49739904175e-06
51865.499963 0 3.2866529775e-06
66110.25 0 1.7995208761e-06
71589 0 1.34976043805e-06
77067.75 0 9.99931553725e-07
89851.5 0 4.86036960975e-07
106287.75 0 1.886379192325e-07
122724 0 7.221081451e-08
147561 0 1.64955509925e-08
289643.24996 0 1.273100616025e-08
314480.24996 0 1.279260780275e-07
322880.99996 0 2.600273785e-07
330185.99996 0 4.67898699525e-07
339682.49996 0 9.650239562e-07
343700.24996 0 1.29308692675e-06
347717.99996 0 1.718685831625e-06
349909.49996 0 2.00034223135e-06
349909.5 0 2.051060917175e-06
350274.74996 0 2.051060917175e-06
350274.75 0 2.1029431896e-06
350639.99996 0 2.1029431896e-06
350640 0 2.156057494875e-06
351005.24996 0 2.156057494875e-06
351005.25 0 2.21026694045e-06
351370.49996 0 2.21026694045e-06
351370.5 0 2.2657084189e-06
351735.74996 0 2.2657084189e-06
351735.75 0 2.32245037645e-06
352100.99996 0 2.32245037645e-06
352101 0 2.3803559206e-06
352466.24996 0 2.3803559206e-06
352466.25 0 2.43963039015e-06
352831.49996 0 2.43963039015e-06
352831.5 0 2.5001368925e-06
353196.74996 0 2.5001368925e-06
353196.75 0 2.56201232025e-06
353561.99996 0 2.56201232025e-06
353562 0 2.6252566735e-06
353927.24996 0 2.6252566735e-06
353927.25 0 2.68980150575e-06
354292.49996 0 2.68980150575e-06
354292.5 0 2.755852156e-06
354657.74996 0 2.755852156e-06
354657.75 0 2.8232032855e-06
355022.99996 0 2.8232032855e-06
355023 0 2.892128679e-06
355388.24996 0 2.892128679e-06
355388.25 0 2.96249144425e-06
355753.49996 0 2.96249144425e-06
355753.5 0 3.0343600275e-06
356118.74996 0 3.0343600275e-06
356118.75 0 3.1077344285e-06
356483.99996 0 3.1077344285e-06
356484 0 3.18268309375e-06
356849.24996 0 3.18268309375e-06
356849.25 0 3.2592744695e-06
357214.49996 0 3.2592744695e-06
357214.5 0 3.33737166325e-06
357579.74996 0 3.33737166325e-06
357579.75 0 3.4171115675e-06
357944.99996 0 3.4171115675e-06
357945 0 3.4986310745e-06
358310.24996 0 3.4986310745e-06
358310.25 0 3.58179329225e-06
358675.49996 0 3.58179329225e-06
358675.5 0 3.66666666675e-06
359040.74996 0 3.66666666675e-06
359040.75 0 3.75325119775e-06
359405.99996 0 3.75325119775e-06
359406 0 3.8417522245e-06
359771.24996 0 3.8417522245e-06
359771.25 0 3.931964408e-06
360136.49996 0 3.931964408e-06
360136.5 0 4.02402464075e-06
360501.74996 0 4.02402464075e-06
360501.75 0 4.11793292275e-06
360866.99996 0 4.11793292275e-06
360867 0 4.21389459275e-06
361232.24996 0 4.21389459275e-06
361232.25 0 4.3115674195e-06
361597.49996 0 4.3115674195e-06
361597.5 0 4.411430527e-06
361962.74996 0 4.411430527e-06
361962.75 0 4.51314168375e-06
362327.99996 0 4.51314168375e-06
362328 0 4.6169062285e-06
362693.24996 0 4.6169062285e-06
362693.25 0 4.72279260775e-06
363058.49996 0 4.72279260775e-06
363058.5 0 4.83080082125e-06
363423.74996 0 4.83080082125e-06
363423.75 0 4.8440806195e-06
363788.99996 0 4.8440806195e-06
363789 0 4.954135232e-06
364154.24996 0 4.954135232e-06
364154.25 0 5.06633725175e-06
364519.49996 0 5.06633725175e-06
364519.5 0 5.18068667875e-06
364884.74996 0 5.18068667875e-06
364884.75 0 5.2973177255e-06
365249.99996 0 5.2973177255e-06
365250 0 5.416163286e-06
365615.24996 0 5.416163286e-06
365615.25 0 5.53729046625e-06
365980.49996 0 5.53729046625e-06
365980.5 0 5.66076637325e-06
366345.74996 0 5.66076637325e-06
366345.75 0 5.78652390025e-06
366710.99996 0 5.78652390025e-06
366711 0 5.9147643665e-06
367076.24996 0 5.9147643665e-06
367076.25 0 6.04535355925e-06
367441.49996 0 6.04535355925e-06
367441.5 0 6.1784256915e-06
367806.74996 0 6.1784256915e-06
367806.75 0 6.31398076325e-06
368171.99996 0 6.31398076325e-06
368172 0 6.4521529875e-06
368537.24996 0 6.4521529875e-06
368537.25 0 6.592808151e-06
368902.49996 0 6.592808151e-06
368902.5 0 6.73601336025e-06
369267.74996 0 6.73601336025e-06
369267.75 0 6.881969935e-06
369632.99996 0 6.881969935e-06
369633 0 7.03061076875e-06
369998.24996 0 7.03061076875e-06
369998.25 0 7.1818687545e-06
370363.49996 0 7.1818687545e-06
370363.5 0 7.33614653175e-06
370728.74996 0 7.33614653175e-06
370728.75 0 7.492437503e-06
371093.99996 0 7.492437503e-06
371094 0 7.652821969e-06
371459.24996 0 7.652821969e-06
371459.25 0 7.8145485645e-06
371824.49996 0 7.8145485645e-06
371824.5 0 7.98030154825e-06
372189.74996 0 7.98030154825e-06
372189.75 0 8.14873879075e-06
372554.99996 0 8.14873879075e-06
372555 0 8.320531357e-06
372920.24996 0 8.320531357e-06
372920.25 0 8.49433711725e-06
373285.49996 0 8.49433711725e-06
373285.5 0 8.67216926575e-06
373650.74996 0 8.67216926575e-06
373650.75 0 8.8520146085e-06
374015.99996 0 8.8520146085e-06
374016 0 9.036557404e-06
374381.24996 0 9.036557404e-06
374381.25 0 9.222442329e-06
374746.49996 0 9.222442329e-06
374746.5 0 9.41302470725e-06
375111.74996 0 9.41302470725e-06
375111.75 0 9.606291344e-06
375476.99996 0 9.606291344e-06
375477 0 9.8029133045e-06
375842.24996 0 9.8029133045e-06
375842.25 0 1.00028905885e-05
376207.49996 0 1.00028905885e-05
376207.5 0 1.0206223196e-05
376572.74996 0 1.0206223196e-05
376572.75 0 1.041291112725e-05
376937.99996 0 1.041291112725e-05
376938 0 1.062295438175e-05
377303.24996 0 1.062295438175e-05
377303.25 0 1.083702402475e-05
377668.49996 0 1.083702402475e-05
377668.5 0 1.10537779265e-05
378033.74996 0 1.10537779265e-05
378033.75 0 1.127455821675e-05
378398.99996 0 1.127455821675e-05
378399 0 1.1499364895e-05
378764.24996 0 1.1499364895e-05
378764.25 0 1.172685583225e-05
379129.49996 0 1.172685583225e-05
379129.5 0 1.195904422225e-05
379494.74996 0 1.195904422225e-05
379494.75 0 1.2194587936e-05
379859.99996 0 1.2194587936e-05
379860 0 1.2434158038e-05
380225.24996 0 1.2434158038e-05
380225.25 0 1.267641239875e-05
380590.49996 0 1.267641239875e-05
380590.5 0 1.292403527725e-05
380955.74996 0 1.292403527725e-05
380955.75 0 1.31750134795e-05
381320.99996 0 1.31750134795e-05
381321 0 1.343001806975e-05
381686.24996 0 1.343001806975e-05
381686.25 0 1.368837798375e-05
384242.99996 0 1.3961670089e-05
