0 0 3.96988364125e-21
14975.249963 0 4.19503148525e-07
24106.499963 0 0.000324495432275
31776.749963 0 0.001694982888425
39446.999963 0 0.003978918549
57709.5 0 0.011688090349
69762.749963 0 0.0158658453115
81450.749963 0 0.019945927447
93503.999963 0 0.0249178644765
104461.5 0 0.0304928131425
115419 0 0.0363586584525
137334 0 0.0478405201925
180798.75 0 0.0683230663925
195043.5 0 0.0733333333325
206731.5 0 0.074934976045
214036.49996 0 0.0744421629025
220245.74996 0 0.07300479124
227550.74996 0 0.0701642710475
234855.74996 0 0.066194387405
249100.49996 0 0.0559753593425
272841.75 0 0.03559890486
285625.5 0 0.02559890486
298409.25 0 0.01726899383975
310462.5 0 0.011252566735
323611.5 0 0.00663244353175
339682.5 0 0.003210130048
357214.5 0 0.00132785763175
381686.25 0 0.0003422313484
384242.99996 0 0.0003422313484
