0 0 434462.012325
365.2499635 0 434462.012325
365.25 0 421197.809725
730.4999635 0 421197.809725
730.5 0 408414.7844
1095.7499635 0 408414.7844
1095.75 0 396466.1191
1460.9999635 0 396466.1191
1461 0 384867.214225
1826.2499635 0 384867.214225
1826.25 0 373182.75155
2191.4999635 0 373182.75155
2191.5 0 361266.256
2556.7499635 0 361266.256
2556.75 0 349320.32855
2921.9999635 0 349320.32855
2922 0 337629.705675
3287.2499635 0 337629.705675
3287.25 0 326392.8816
3652.4999635 0 326392.8816
3652.5 0 315698.836425
4017.7499635 0 315698.836425
4017.75 0 305550.992475
4382.9999635 0 305550.992475
4383 0 295941.1362
4748.2499635 0 295941.1362
4748.25 0 286810.403825
5113.4999635 0 286810.403825
5113.5 0 278131.41685
5478.7499635 0 278131.41685
5478.75 0 269876.796725
5843.9999635 0 269876.796725
5844 0 262012.320325
6209.2499635 0 262012.320325
6209.25 0 254537.987675
6574.4999635 0 254537.987675
6574.5 0 247440.109515
6939.7499635 0 247440.109515
6939.75 0 240711.841205
7304.9999635 0 240711.841205
7305 0 234339.4934975
7670.2499635 0 234339.4934975
7670.25 0 228336.7556475
8035.499963 0 228336.7556475
8035.5 0 222669.4045175
8400.749963 0 222669.4045175
8400.75 0 217351.1293625
8765.999963 0 217351.1293625
8766 0 212347.70705
9131.249963 0 212347.70705
9131.25 0 207652.29295
9496.499963 0 207652.29295
9496.5 0 203264.8870625
9861.749963 0 203264.8870625
9861.75 0 199158.1108825
10226.999963 0 199158.1108825
10227 0 195311.4305275
10592.249963 0 195311.4305275
10592.25 0 191711.1567425
10957.499963 0 191711.1567425
10957.5 0 188350.4449
11322.749963 0 188350.4449
11322.75 0 185208.7611225
11687.999963 0 185208.7611225
11688 0 182265.5715275
12053.249963 0 182265.5715275
12053.25 0 179507.1868575
12418.499963 0 179507.1868575
12418.5 0 176919.917865
12783.749963 0 176919.917865
12783.75 0 174496.9199175
13148.999963 0 174496.9199175
13149 0 172203.9698825
13514.249963 0 172203.9698825
13514.25 0 170013.689255
13879.499963 0 170013.689255
13879.5 0 167891.854895
14244.749963 0 167891.854895
14244.75 0 165797.3990425
14609.999963 0 165797.3990425
14610 0 163675.5646825
14975.249963 0 163675.5646825
14975.25 0 161505.8179325
15340.499963 0 161505.8179325
15340.5 0 159260.7802875
15705.749963 0 159260.7802875
15705.75 0 156919.917865
16070.999963 0 156919.917865
16071 0 154490.07529
16436.249963 0 154490.07529
16436.25 0 151978.0971925
16801.499963 0 151978.0971925
16801.5 0 149170.3473525
17166.749963 0 149170.3473525
17166.75 0 146229.24005
17531.999963 0 146229.24005
17532 0 144059.6870675
17897.249963 0 144059.6870675
17897.25 0 140889.801505
18262.499963 0 140889.801505
18262.5 0 137742.0688625
18627.749963 0 137742.0688625
18627.75 0 135219.1151825
18992.999963 0 135219.1151825
18993 0 132836.2149975
19358.249963 0 132836.2149975
19358.25 0 129815.1950725
19723.499963 0 129815.1950725
19723.5 0 127316.9062275
20088.749963 0 127316.9062275
20088.75 0 124873.3744
20453.999963 0 124873.3744
20454 0 122477.7549625
20819.249963 0 122477.7549625
20819.25 0 120143.7371675
21184.499963 0 120143.7371675
21184.5 0 117864.476385
21549.749963 0 117864.476385
21549.75 0 115639.9726225
21914.999963 0 115639.9726225
21915 0 113477.0705
22280.249963 0 113477.0705
22280.25 0 111355.23614
22645.499963 0 111355.23614
22645.5 0 109301.84805
23010.749963 0 109301.84805
23010.75 0 107289.52772
23375.999963 0 107289.52772
23376 0 105325.11978
23741.249963 0 105325.11978
23741.25 0 103415.4688575
24106.499963 0 103415.4688575
24106.5 0 101553.7303225
24471.749963 0 101553.7303225
24471.75 0 98462.8372575
24836.999963 0 98462.8372575
24837 0 96705.8996625
25202.249963 0 96705.8996625
25202.25 0 95003.0216875
25567.499963 0 95003.0216875
25567.5 0 93327.17352
25932.749963 0 93327.17352
25932.75 0 91691.8700675
26297.999963 0 91691.8700675
26298 0 90097.1113275
26663.249963 0 90097.1113275
26663.25 0 88542.8973025
27028.499963 0 88542.8973025
27028.5 0 87022.4705375
27393.749963 0 87022.4705375
27393.75 0 85522.31613
27758.999963 0 85522.31613
27759 0 84076.2213425
28124.249963 0 84076.2213425
28124.25 0 82643.6414575
28489.499963 0 82643.6414575
28489.5 0 81258.3637375
28854.749963 0 81258.3637375
28854.75 0 79893.3583775
29219.999963 0 79893.3583775
29220 0 78555.3828225
29585.249963 0 78555.3828225
29585.25 0 77251.1945325
29950.499963 0 77251.1945325
29950.5 0 75974.03605
30315.749963 0 75974.03605
30315.75 0 74730.66483
30680.999963 0 74730.66483
30681 0 73500.808515
31046.249963 0 73500.808515
31046.25 0 72311.4969125
31411.499963 0 72311.4969125
31411.5 0 71135.700215
31776.749963 0 71135.700215
31776.75 0 69993.6907775
32141.999963 0 69993.6907775
32142 0 68871.9536975
32507.249963 0 68871.9536975
32507.25 0 67770.488975
32872.499963 0 67770.488975
32872.5 0 66702.811515
33237.749963 0 66702.811515
33237.75 0 65648.6489575
33602.999963 0 65648.6489575
33603 0 64621.51621
33968.249963 0 64621.51621
33968.25 0 63621.4132725
34333.499963 0 63621.4132725
34333.5 0 62634.8252375
34698.749963 0 62634.8252375
34698.75 0 61675.2670125
35063.999963 0 61675.2670125
35064 0 60729.2236925
35429.249963 0 60729.2236925
35429.25 0 59816.967635
35794.499963 0 59816.967635
35794.5 0 58918.22648
36159.749963 0 58918.22648
36159.75 0 58033.0002325
36524.999963 0 58033.0002325
36525 0 57174.80379
39812.25 0 50255.17265
45291 0 41450.2123225
54057 0 32233.047405
64649.25 0 25759.408115
79259.25 0 21035.9489675
97521.75 0 18224.84881675
210018.75 0 12602.64851325
381686.25 0 7460.22732375
384242.99996 0 7556.4681725
