0 0 114217.24846
365.2499635 0 111158.1108825
365.25 0 105908.9664625
730.4999635 0 105908.9664625
730.5 0 98533.8809025
1095.7499635 0 98533.8809025
1095.75 0 90369.6098575
1460.9999635 0 90369.6098575
1461 0 82420.9445575
1826.2499635 0 82420.9445575
1826.25 0 75180.6981525
2191.4999635 0 75180.6981525
2191.5 0 68806.2970575
2556.7499635 0 68806.2970575
2556.75 0 63281.3141675
2921.9999635 0 63281.3141675
2922 0 58521.560575
3287.2499635 0 58521.560575
3287.25 0 54428.4736475
3652.4999635 0 54428.4736475
3652.5 0 50902.8062975
4017.7499635 0 50902.8062975
4017.75 0 47858.3162225
4382.9999635 0 47858.3162225
4383 0 45221.08145
4748.2499635 0 45221.08145
4748.25 0 42929.5003425
5843.9999635 0 39184.120465
6574.5 0 35119.7809725
8035.5 0 31602.3271725
8766 0 30388.09035
9496.5 0 29429.8425725
12783.749963 0 27227.9260775
15705.749963 0 25444.21629
17531.999963 0 23363.5820155
18992.999963 0 21481.83780025
21915 0 18125.2566735
24471.75 0 16122.51882275
27028.499963 0 14776.18069825
31776.75 0 12657.084189
35429.25 0 11775.4962355
39081.75 0 11228.61054075
42734.25 0 10895.96167
46386.75 0 10697.467488
53691.75 0 10511.97809725
57344.25 0 10472.27926075
60996.75 0 10446.954141
90216.75 0 10317.495832
104826.75 0 10171.0221615
119436.75 0 9906.82198975
134046.75 0 9491.3569525
141351.75 0 9220.31221675
148656.75 0 8909.56900925
155961.75 0 8563.234069
163266.75 0 8186.09859025
170571.75 0 7782.269312
177876.75 0 7364.75090575
185181.75 0 6933.54337125
188834.25 0 6714.517322
192486.75 0 6502.33583675
196139.25 0 6290.15435175
199791.75 0 6071.1283025
203444.25 0 5858.94681725
207096.75 0 5646.765332
210749.25 0 5441.42841075
214401.75 0 5236.09148975
218054.25 0 5044.4436965
219880.5 0 4948.6198
221706.75 0 4845.9513395
223533 0 4756.972007
224628.74996 0 4715.90462275
225359.25 0 4661.1481105
226454.99996 0 4626.92529025
227185.5 0 4572.168778
228281.24996 0 4531.10139375
229011.75 0 4476.34488125
230107.49996 0 4442.12206125
230838 0 4387.36554875
231933.74996 0 4353.14272875
232664.25 0 4298.38621625
233759.99996 0 4264.16339625
234490.5 0 4209.40688375
235586.24996 0 4182.02862775
236316.75 0 4127.2721155
237412.49996 0 4093.04929525
238143 0 4045.137347
239238.74996 0 4010.91452675
239969.25 0 3956.1580145
241064.99996 0 3928.77975825
241795.5 0 3874.023246
242891.24996 0 3839.80042575
243621.75 0 3798.7330415
244717.49996 0 3764.51022125
245448 0 3723.442837
246543.74996 0 3689.220017
247274.25 0 3641.30806875
248369.99996 0 3607.0852485
249100.5 0 3566.01786425
250196.24996 0 3531.795044
250926.75 0 3490.72765975
252022.49996 0 3456.5048395
252753 0 3415.43745525
253848.74996 0 3388.05919925
254579.25 0 3346.991815
255674.99996 0 3312.76899475
256405.5 0 3271.7016105
257501.24996 0 3244.3233545
258231.75 0 3196.411406
259327.49996 0 3175.877714
260058 0 3134.81032975
261153.74996 0 3107.4320735
261884.25 0 3066.36468925
262979.99996 0 3045.83099725
263710.5 0 2997.919049
264806.24996 0 2970.54079275
265536.75 0 2929.4734085
266632.49996 0 2908.9397165
267363 0 2874.71689625
268458.74996 0 2847.33864025
269189.25 0 2813.11582
270284.99996 0 2785.73756375
271015.5 0 2751.5147435
272111.24996 0 2724.1364875
272841.75 0 2689.91366725
273937.49996 0 2669.379975
274668 0 2628.312591
275763.74996 0 2607.77889875
276494.25 0 2573.5560785
277589.99996 0 2553.0223865
278320.5 0 2518.79956625
279416.24996 0 2491.421310125
280146.75 0 2464.04305395
281242.49996 0 2436.6647978
281973 0 2409.28654165
283068.74996 0 2388.752849525
283799.25 0 2354.53002935
284894.99996 0 2333.996337225
285625.5 0 2306.618081075
286721.24996 0 2286.08438895
287451.75 0 2251.86156875
288547.49996 0 2231.32787665
289278 0 2203.949620475
290373.74996 0 2183.415928375
291104.25 0 2156.037672225
292199.99996 0 2135.5039801
292930.5 0 2108.12572395
294026.24996 0 2087.592031825
294756.74996 0 2073.90290375
296582.99996 0 2025.990955475
298409.24996 0 1978.0790072
302061.74996 0 1895.94423875
305714.24996 0 1813.809470275
309366.74996 0 1731.6747018
313019.24996 0 1656.384497375
316671.74996 0 1581.09429295
323611.5 0 1444.203012175
352831.49996 0 1012.99547775
381686.25 0 704.990096
384242.99996 0 704.996577675
