0 0 1056.8788501
365.2499635 0 1056.8788501
365.25 0 739.58247775
730.4999635 0 739.58247775
730.5 0 542.813141675
1095.7499635 0 542.813141675
1095.75 0 435.694729625
1460.9999635 0 435.694729625
1461 0 387.44695415
2191.4999635 0 380.2258727
2191.5 0 402.2108145
2556.7499635 0 402.2108145
2556.75 0 445.49623545
2921.9999635 0 445.49623545
2922 0 504.68172485
3287.2499635 0 504.68172485
3287.25 0 575.804243675
3652.4999635 0 575.804243675
3652.5 0 655.79739905
4017.7499635 0 655.79739905
4017.75 0 742.039698825
4382.9999635 0 742.039698825
4383 0 832.06707735
4748.2499635 0 832.06707735
4748.25 0 923.23750855
5113.4999635 0 923.23750855
5113.5 0 1012.37508555
5478.7499635 0 1012.37508555
5478.75 0 1095.639972625
5843.9999635 0 1095.639972625
5844 0 1169.028062975
6209.2499635 0 1169.028062975
6209.25 0 1229.158110875
6574.4999635 0 1229.158110875
6574.5 0 1274.004106775
6939.7499635 0 1274.004106775
6939.75 0 1303.052703625
8035.499963 0 1317.8439425
8035.5 0 1306.8891224
8400.749963 0 1306.8891224
8400.75 0 1287.320202225
8765.999963 0 1287.320202225
8766 0 1260.71741845
9131.249963 0 1260.71741845
9131.25 0 1228.880290625
9496.499963 0 1228.880290625
9496.5 0 1193.2935935
9861.749963 0 1193.2935935
9861.75 0 1155.1889374
10226.999963 0 1155.1889374
10227 0 1115.5379261
10592.249963 0 1115.5379261
10592.25 0 1075.0658412
10957.499963 0 1075.0658412
10957.5 0 1034.347434225
11322.749963 0 1034.347434225
11322.75 0 993.77271515
11687.999963 0 993.77271515
11688 0 953.663271075
12053.249963 0 953.663271075
12053.25 0 914.1970013
12418.499963 0 914.1970013
12418.5 0 875.524436
12783.749963 0 875.524436
12783.75 0 837.720840225
13148.999963 0 838.00821355
13149 0 801.08145105
13514.249963 0 801.08145105
13514.25 0 765.03764545
13879.499963 0 765.03764545
13879.5 0 729.828884325
14244.749963 0 729.828884325
14244.75 0 695.42094455
14609.999963 0 695.42094455
14610 0 661.7522245
14975.249963 0 661.7522245
14975.25 0 628.815879525
15340.499963 0 628.815879525
15340.5 0 596.50924025
15705.749963 0 596.50924025
15705.75 0 565.092402475
16070.999963 0 565.092402475
16071 0 534.2915811
16436.249963 0 534.2915811
16436.25 0 504.449007525
16801.499963 0 504.449007525
16801.5 0 472.804862
17166.749963 0 472.804862
17166.75 0 442.156456375
17531.999963 0 442.156456375
17532 0 420.0831717
17897.249963 0 420.0831717
17897.25 0 389.52772075
18262.499963 0 389.52772075
18262.5 0 360.4048277
18627.749963 0 360.4048277
18627.75 0 339.127355425
18992.999963 0 339.127355425
18993 0 318.4691858
19358.249963 0 318.4691858
19358.25 0 294.04517455
19723.499963 0 294.04517455
19723.5 0 274.60643395
20088.749963 0 274.60643395
20088.75 0 256.399726225
20453.999963 0 256.399726225
20454 0 239.219712525
20819.249963 0 239.219712525
20819.25 0 223.1348391525
21184.499963 0 223.1348391525
21184.5 0 208.1451060925
21549.749963 0 208.1451060925
21549.75 0 194.0451745375
21914.999963 0 194.0451745375
21915 0 180.90349076
22280.249963 0 180.90349076
22280.25 0 168.6516084875
25202.25 0 96.919917865
28854.75 0 50.5817932925
33603 0 24.1615331965
46752 0 5.68104038325
59901 0 2.32717316905
68667 0 1.642710472275
77433 0 1.3004791239
78528.75 0 1.2320328542
79624.5 0 1.2320328542
81816 0 1.163586584525
86199 0 1.09514031485
90582 0 1.026694045175
92773.5 0 0.9582477755
94965 0 1.026694045175
97156.5 0 0.9582477755
99348 0 1.026694045175
100078.49996 0 0.9582477755
100443.74996 0 0.9582477755
100443.75 0 1.026694045175
101174.24996 0 0.9582477755
101539.49996 0 0.9582477755
101539.5 0 1.026694045175
102269.99996 0 0.9582477755
102635.25 0 0.9582477755
103731 0 0.9582477755
108114 0 0.9582477755
112497 0 1.026694045175
113227.49996 0 0.9582477755
113592.75 0 1.026694045175
114323.24996 0 1.026693974775
114688.49996 0 0.9582477098
114688.5 0 1.026694045175
115418.99996 0 0.9582477755
115784.25 0 1.026694045175
116880 0 1.02650776765
117610.49996 0 0.958073916475
117975.75 0 1.02650776765
119071.5 0 1.02650776765
121263 0 1.02650776765
130028.99996 0 1.163375470025
147560.99996 0 1.437110874725
165092.99996 0 2.189883237675
173858.99996 0 2.8742217495
182624.99996 0 3.900729517
191390.99996 0 5.26940654075
199791.74996 0 7.04868667125
204174.74996 0 8.2804959925
208192.49996 0 9.58073916475
212575.49996 0 11.154717742
216593.24996 0 12.86556402125
220976.24996 0 15.12388111025
224993.99996 0 17.5190659015
229376.99996 0 20.461721502
233394.74996 0 23.60967865625
237047.24996 0 26.8260696625
240334.49996 0 29.974026815
246908.99996 0 36.954279635
253483.5 0 45.097907925
260058 0 53.44683777
263710.49996 0 57.6897365425
266997.74996 0 62.0010691675
273572.24996 0 70.4868667125
280146.75 0 78.7816564
286721.25 0 85.9000684475
292930.5 0 91.37577002
299139.75 0 95.55099247
311558.25 0 99.3839835725
329090.25 0 94.1820670775
346622.25 0 79.52133179
381686.25 0 42.5664960175
384242.99996 0 42.57357974
