0 0 37938.7545625
365.2499635 0 37904.7227925
730.4999635 0 37747.0225875
730.5 0 37373.1690625
1095.7499635 0 37373.1690625
1095.75 0 36759.548255
1460.9999635 0 36759.548255
1461 0 35955.852155
1826.2499635 0 35955.852155
1826.25 0 35043.8056125
2191.4999635 0 35043.8056125
2191.5 0 34099.9315525
2556.7499635 0 34099.9315525
2556.75 0 33180.2190275
2921.9999635 0 33180.2190275
2922 0 32319.64408
3287.2499635 0 32319.64408
3287.25 0 31536.4818625
3652.4999635 0 31536.4818625
3652.5 0 30837.78234
4017.7499635 0 30837.78234
4017.75 0 30223.5455175
4382.9999635 0 30223.5455175
4383 0 29689.73306
4748.2499635 0 29689.73306
4748.25 0 29229.7741275
5113.4999635 0 29229.7741275
5113.5 0 28836.413415
5478.7499635 0 28836.413415
5478.75 0 28501.026695
5843.9999635 0 28501.026695
5844 0 28217.6591375
7304.9999635 0 27600.9582475
8400.75 0 27135.523615
10957.5 0 26741.9575625
13514.249963 0 26407.9397675
14609.999963 0 25804.2436675
14610 0 25490.07529
14975.249963 0 25490.07529
14975.25 0 25126.6256
15340.499963 0 25126.6256
15340.5 0 24720.73921975
15705.749963 0 24720.73921975
15705.75 0 24281.998631
16070.999963 0 24281.998631
16071 0 23817.93292275
16436.249963 0 23817.93292275
16436.25 0 23336.071184
16801.499963 0 23336.071184
16801.5 0 22799.87172975
17166.749963 0 22799.87172975
17166.75 0 22245.24742625
17531.999963 0 22245.24742625
17532 0 21640.54660525
18262.499963 0 21391.6785235
18262.5 0 20526.14200375
18627.749963 0 20526.14200375
18627.75 0 20101.49418075
18992.999963 0 20101.49418075
18993 0 19643.05766275
19358.249963 0 19643.05766275
19358.25 0 19176.35589375
19723.499963 0 19176.35589375
19723.5 0 18711.7398805
20453.999963 0 18526.35753825
20454 0 17798.76796725
20819.249963 0 17798.76796725
20819.25 0 17355.92060225
21184.499963 0 17355.92060225
21184.5 0 16921.28678975
21549.749963 0 16921.28678975
21549.75 0 16496.91991775
21914.999963 0 16496.91991775
21915 0 16080.76659825
22280.249963 0 16080.76659825
22280.25 0 15672.826831
22645.499963 0 15672.826831
22645.5 0 15275.83846675
23010.749963 0 15275.83846675
23010.75 0 14886.37919225
23375.999963 0 14886.37919225
23376 0 14506.5023955
23741.249963 0 14506.5023955
23741.25 0 14135.523614
24106.499963 0 14135.523614
24106.5 0 13774.12731
24471.749963 0 13774.12731
24471.75 0 13422.313484
24836.999963 0 13422.313484
24837 0 13079.39767275
25202.249963 0 13079.39767275
25202.25 0 12746.74880225
25567.499963 0 12746.74880225
25567.5 0 12422.9979465
25932.749963 0 12422.9979465
25932.75 0 12108.82956875
26297.999963 0 12108.82956875
26298 0 11805.612594
26663.249963 0 11805.612594
26663.25 0 11511.97809725
27028.499963 0 11511.97809725
27028.5 0 11228.61054075
27393.749963 0 11228.61054075
27393.75 0 10954.14099925
27758.999963 0 10954.14099925
27759 0 10691.30732375
28124.249963 0 10691.30732375
28124.25 0 10436.6872005
28489.499963 0 10436.6872005
28489.5 0 10193.0184805
28854.749963 0 10193.0184805
28854.75 0 9958.93223825
29219.999963 0 9958.93223825
29220 0 9733.744011
29950.5 0 9310.74606425
30681 0 8923.340178
31411.499963 0 8742.642026
31776.749963 0 8568.788501
32507.25 0 8093.08692675
33602.999963 0 7810.403833
34333.5 0 7431.89596175
35429.25 0 7095.81566575
36159.749963 0 6995.98054125
36525 0 6809.9863365
37255.499963 0 6722.459652
37620.75 0 6561.0823275
38351.249963 0 6485.18028075
38716.5 0 6344.317023
39081.75 0 6279.35581175
39446.999963 0 6279.35581175
39447 0 6216.44600725
39812.249963 0 6216.44600725
39812.25 0 6156.27141175
40177.499963 0 6156.27141175
40907.999963 0 6044.81164925
41273.25 0 5943.60892025
42003.75 0 5850.611818
42368.999963 0 5850.611818
42369 0 5807.532278
42734.249963 0 5807.532278
43464.749963 0 5726.84361575
43830 0 5653.676778
44925.749963 0 5587.34796225
45656.249963 0 5525.80576225
47117.25 0 5395.19953775
48943.499963 0 5310.408062
50404.5 0 5222.8813775
52230.749963 0 5166.125793
53691.75 0 5105.9511975
56979 0 5021.843524
60996.749963 0 4953.46330175
64649.249963 0 4896.70771725
68301.75 0 4843.371144
71954.25 0 4796.87259275
75971.999963 0 4751.05784375
79624.499963 0 4704.55929275
83276.999963 0 4657.37693925
86929.499963 0 4607.459377
90947.249963 0 4549.336188
94599.749963 0 4494.63201025
98252.24996 0 4437.1926235
101904.74996 0 4376.33422575
109209.74996 0 4246.4118035
116514.74996 0 4104.86474325
124184.99996 0 3942.11981425
131490 0 3769.117852
135507.74996 0 3682.27496975
139160.24996 0 3593.38068075
146465.25 0 3401.91605825
150482.99996 0 3308.918956
154135.49996 0 3214.55424925
161440.5 0 3015.5678025
165458.24996 0 2921.20309575
169110.74996 0 2826.15458675
176415.75 0 2629.90334875
184085.99996 0 2447.3281553
191391 0 2262.701555175
199061.24996 0 2094.48620835
206366.25 0 1926.27086155
214036.49996 0 1775.83437255
217689 0 1696.5133147
221341.5 0 1628.133092425
229011.74996 0 1496.159263425
236316.75 0 1366.920643325
244352.24996 0 1248.622858775
245447.99996 0 1232.895407675
245813.24996 0 1226.74118765
246178.49996 0 1221.9545721
246543.74996 0 1217.16795655
248369.99996 0 1189.815867625
252022.5 0 1135.1116898
267728.25 0 938.860451875
283434 0 775.431720625
299139.75 0 639.3550783
340413 0 384.980651425
381686.25 0 231.1251512975
384242.99996 0 231.3483915125
