0 0 27.60698152
365.2499635 0 27.60698152
365.25 0 26.54791239
730.4999635 0 26.54791239
730.5 0 25.49596167
1095.7499635 0 25.49596167
1095.75 0 24.459890486
1460.9999635 0 24.459890486
1461 0 23.44661190975
1826.2499635 0 23.44661190975
1826.25 0 22.4615331965
2191.4999635 0 22.4615331965
2191.5 0 21.50855578375
2556.7499635 0 21.50855578375
2556.75 0 20.590349076
2921.9999635 0 20.590349076
2922 0 19.707597536
3287.2499635 0 19.707597536
3287.25 0 18.85995893225
3652.4999635 0 18.85995893225
3652.5 0 18.04572210825
4017.7499635 0 18.04572210825
4017.75 0 17.263449692
4382.9999635 0 17.263449692
4383 0 16.51238877475
4748.2499635 0 16.51238877475
4748.25 0 15.79336071175
5113.4999635 0 15.79336071175
5113.5 0 15.1080082135
5478.7499635 0 15.1080082135
5478.75 0 14.45817932925
5843.9999635 0 14.45817932925
5844 0 13.8457905545
6209.2499635 0 13.8457905545
6209.25 0 13.271594798
6574.4999635 0 13.271594798
6574.5 0 12.5079497225
6939.7499635 0 12.5079497225
6939.75 0 12.01891417025
7304.9999635 0 12.01891417025
7305 0 11.5658420575
7670.2499635 0 11.5658420575
7670.25 0 11.14725451325
8035.499963 0 11.14725451325
8035.5 0 10.76126933925
8400.749963 0 10.76126933925
8400.75 0 10.40627322225
8765.999963 0 10.40627322225
8766 0 10.07998063525
9131.249963 0 10.07998063525
9131.25 0 9.780576601
9496.499963 0 9.780576601
9496.5 0 9.50591003525
9861.749963 0 9.50591003525
9861.75 0 9.254569289
10226.999963 0 9.254569289
10227 0 9.02413439225
10592.249963 0 9.02413439225
10592.25 0 8.81218537575
10957.499963 0 8.81218537575
10957.5 0 8.61690726175
11322.749963 0 8.61690726175
11322.75 0 8.43668673725
11687.999963 0 8.43668673725
11688 0 8.2689021685
12053.249963 0 8.2689021685
12053.25 0 8.112276349
12418.499963 0 8.112276349
12418.5 0 7.9664059505
12783.749963 0 7.9664059505
12783.75 0 7.8265854765
13148.999963 0 7.8265854765
13149 0 7.692142713
13514.249963 0 7.692142713
13514.25 0 7.55501109425
13879.499963 0 7.55501109425
13879.5 0 7.41115733725
14244.749963 0 7.41115733725
14244.75 0 7.25520373175
14609.999963 0 7.25520373175
14610 0 7.08580584975
14975.249963 0 7.08580584975
14975.25 0 6.904308119
15340.499963 0 6.904308119
15340.5 0 6.71743267775
15705.749963 0 6.71743267775
15705.75 0 6.528540595
16070.999963 0 6.528540595
16071 0 6.344354009
16436.249963 0 6.344354009
16436.25 0 6.167561775
16801.499963 0 6.167561775
16801.5 0 5.9867049385
17166.749963 0 5.9867049385
17166.75 0 5.81914154275
17531.999963 0 5.81914154275
17532 0 5.65340312225
17897.249963 0 5.65340312225
17897.25 0 5.53807647575
18262.499963 0 5.53807647575
18262.5 0 5.414428899
18627.749963 0 5.414428899
18627.75 0 5.30588053225
18992.999963 0 5.30588053225
18993 0 5.20748577475
19358.249963 0 5.20748577475
19358.25 0 5.115886048
19723.499963 0 5.115886048
19723.5 0 5.03008464275
20453.999963 0 4.98363772625
20454 0 4.8695168935
20819.249963 0 4.8695168935
20819.25 0 4.794228946
21914.999963 0 4.64432526475
21915 0 4.56702067575
22280.249963 0 4.56702067575
22280.25 0 4.48769944525
22645.499963 0 4.48769944525
22645.5 0 4.404344932
23010.749963 0 4.404344932
23010.75 0 4.3176293495
23375.999963 0 4.3176293495
23376 0 4.227552698
23741.249963 0 4.227552698
23741.25 0 4.134787191
24106.499963 0 4.134787191
24106.5 0 4.03866061525
24471.749963 0 4.03866061525
24471.75 0 3.94118961175
24836.999963 0 3.94118961175
24837 0 3.8423741805
25202.249963 0 3.8423741805
25202.25 0 3.74423096325
25567.499963 0 3.74423096325
25567.5 0 3.645415532
25932.749963 0 3.645415532
25932.75 0 3.5479445285
26297.999963 0 3.5479445285
26298 0 3.4518179525
27028.499963 0 3.358380232
27028.5 0 3.266286939
27393.749963 0 3.266286939
27393.75 0 3.17688250125
27758.999963 0 3.17688250125
27759 0 3.09016691875
28124.249963 0 3.09016691875
28124.25 0 3.004795764
28489.499963 0 3.004795764
28489.5 0 2.92278567825
28854.749963 0 2.92278567825
28854.75 0 2.84212002025
29219.999963 0 2.84212002025
29220 0 2.76481543125
29585.249963 0 2.76481543125
29585.25 0 2.68751084225
29950.499963 0 2.68751084225
29950.5 0 2.61356732225
30315.749963 0 2.61356732225
30315.75 0 2.54096823
30680.999963 0 2.54096823
30681 0 2.469041351475
31046.249963 0 2.469041351475
31046.25 0 2.399803328275
31411.499963 0 2.399803328275
31411.5 0 2.3312375189
31776.749963 0 2.3312375189
31776.75 0 2.264688350975
32141.999963 0 2.264688350975
32142 0 2.199483610675
32507.249963 0 2.199483610675
32507.25 0 2.1349510842
32872.499963 0 2.1349510842
32872.5 0 2.072435199175
33237.749963 0 2.072435199175
33237.75 0 2.0112637418
33602.999963 0 2.0112637418
33603 0 1.950764498225
33968.249963 0 1.950764498225
33968.25 0 1.892954109925
34333.499963 0 1.892954109925
34333.5 0 1.83581593545
34698.749963 0 1.83581593545
34698.75 0 1.7800221886
35063.999963 0 1.7800221886
35064 0 1.7262450832
35429.249963 0 1.7262450832
35429.25 0 1.673140191625
35794.499963 0 1.673140191625
35794.5 0 1.6220519415
36159.75 0 1.572308119
40908 0 1.05739233485
47117.25 0 0.66885274835
54787.5 0 0.4282002017
65379.75 0 0.274263237525
82181.25 0 0.180153303075
206001 0 0.02218305597575
374746.49996 0 0.00067221381745
374746.5 0 0.0
384242.99996 0 0.0
