0 0 5.5941895355e-17
25567.499963 0 6.428457536e-07
31046.249963 0 9.632462403e-06
35794.499963 0 5.98509000975e-05
37620.749963 0 0.00010597606832
37620.75 0 0.00011788815722
37985.999963 0 0.00011788815722
37986 0 0.0001308154770925
38351.249963 0 0.0001308154770925
38351.25 0 0.00014480780085
38716.499963 0 0.00014480780085
38716.5 0 0.0001599162650425
39081.749963 0 0.0001599162650425
39081.75 0 0.0001761879152975
39446.999963 0 0.0001761879152975
39447 0 0.000193669115415
39812.249963 0 0.000193669115415
39812.25 0 0.000212406229205
40177.499963 0 0.000212406229205
40177.5 0 0.0002324415295475
40542.749963 0 0.0002324415295475
40542.75 0 0.000253813880225
40907.999963 0 0.000253813880225
40908 0 0.000276561463175
41273.249963 0 0.000276561463175
41273.25 0 0.000300717005825
41638.499963 0 0.000300717005825
41638.5 0 0.0003263118719
42003.749963 0 0.0003263118719
42003.75 0 0.0003533719706
42368.999963 0 0.0003533719706
42369 0 0.000381917756525
42734.249963 0 0.000381917756525
42734.25 0 0.0004119696843
43099.499963 0 0.0004119696843
43099.5 0 0.00044353798125
43464.749963 0 0.00044353798125
43464.75 0 0.0004766335565
43829.999963 0 0.0004766335565
43830 0 0.0005112584555
44195.249963 0 0.0005112584555
44195.25 0 0.000547409269175
44560.499963 0 0.000547409269175
44560.5 0 0.000585083952025
44925.749963 0 0.000585083952025
44925.75 0 0.000624254549425
45290.999963 0 0.000624254549425
45291 0 0.0006649319705
45656.249963 0 0.0006649319705
45656.25 0 0.0007070616696
46021.499963 0 0.0007070616696
46021.5 0 0.000750630010325
46386.749963 0 0.000750630010325
46386.75 0 0.000795602901625
46751.999963 0 0.000795602901625
46752 0 0.00084193943425
47117.249963 0 0.00084193943425
47117.25 0 0.000889598698975
47482.499963 0 0.000889598698975
47482.5 0 0.000938519331925
47847.749963 0 0.000938519331925
47847.75 0 0.000988653605675
48212.999963 0 0.000988653605675
48213 0 0.001039946974575
48578.249963 0 0.001039946974575
48578.25 0 0.001092324438325
48943.499963 0 0.001092324438325
48943.5 0 0.001145724633075
49308.749963 0 0.001145724633075
49308.75 0 0.001200086194975
49673.999963 0 0.001200086194975
49674 0 0.001255313669125
50039.249963 0 0.001255313669125
50039.25 0 0.00131133205525
50404.499963 0 0.00131133205525
50404.5 0 0.001368073171275
50769.749963 0 0.001368073171275
50769.75 0 0.0014254347441
51134.999963 0 0.0014254347441
51135 0 0.0014833485917
51500.249963 0 0.0014833485917
51500.25 0 0.0015417056227
51865.499963 0 0.0015417056227
51865.5 0 0.001600430836875
52230.749963 0 0.001600430836875
52230.75 0 0.0016594151429
52595.999963 0 0.0016594151429
52596 0 0.001718583540525
52961.249963 0 0.001718583540525
52961.25 0 0.0017778337566
53326.499963 0 0.0017778337566
53326.5 0 0.001837070336275
53691.749963 0 0.001837070336275
53691.75 0 0.00189619782465
54056.999963 0 0.00189619782465
54057 0 0.001955134403225
54422.249963 0 0.001955134403225
54422.25 0 0.002013764162525
54787.499963 0 0.002013764162525
54787.5 0 0.002072025738625
55152.749963 0 0.002072025738625
55152.75 0 0.002129803222075
55517.999963 0 0.002129803222075
55518 0 0.002187014794375
55883.249963 0 0.002187014794375
55883.25 0 0.002243578637025
56248.499963 0 0.002243578637025
56248.5 0 0.002299412931575
56613.749963 0 0.002299412931575
56613.75 0 0.0023544154049
56978.999963 0 0.0023544154049
56979 0 0.00240853151135
57344.249963 0 0.00240853151135
57344.25 0 0.00246166579605
57709.499963 0 0.00246166579605
57709.5 0 0.002513750077
58074.749963 0 0.002513750077
58074.75 0 0.00256472299
58439.999963 0 0.00256472299
58440 0 0.002614495899
58805.249963 0 0.002614495899
58805.25 0 0.0026630415305
59170.499963 0 0.0026630415305
59170.5 0 0.00271023715725
59535.749963 0 0.00271023715725
59535.75 0 0.002756055506
59900.999963 0 0.002756055506
59901 0 0.00280051021375
60266.249963 0 0.00280051021375
60266.25 0 0.00284346491575
60631.499963 0 0.00285448323075
60631.5 0 0.00289603011625
60996.749963 0 0.00289603011625
60996.75 0 0.002936071184
61361.999963 0 0.002936071184
61362 0 0.00297453798775
61727.249963 0 0.00297453798775
61727.25 0 0.00301122518825
62092.499963 0 0.00301122518825
62092.5 0 0.00304640657075
62457.749963 0 0.00304640657075
62457.75 0 0.00307987679675
62822.999963 0 0.00307987679675
62823 0 0.00311149897325
63188.249963 0 0.00311149897325
63188.25 0 0.00314154688575
63553.499963 0 0.00314154688575
63553.5 0 0.0031696783025
63918.749963 0 0.0031696783025
63918.75 0 0.003196167009
64283.999963 0 0.003196167009
64284 0 0.00322087611225
64649.249963 0 0.00322087611225
64649.25 0 0.0032438056125
65014.499963 0 0.0032438056125
65014.5 0 0.00326488706375
65379.749963 0 0.00326488706375
65379.75 0 0.00328432580425
65744.999963 0 0.00328432580425
65745 0 0.00330184804925
66110.249963 0 0.00330184804925
66110.25 0 0.00331772758375
66475.499963 0 0.00331772758375
66475.5 0 0.00333175906925
66840.749963 0 0.00333175906925
66840.75 0 0.003344147844
67206 0 0.00335475701575
69397.5 0 0.00338357289525
71223.749963 0 0.0033714579055
73049.999963 0 0.0033249828885
73050 0 0.0033117727585
73415.249963 0 0.0033117727585
73415.25 0 0.00329753593425
73780.499963 0 0.00329753593425
73780.5 0 0.00328206707725
74145.749963 0 0.00328206707725
74145.75 0 0.00326550308
74510.999963 0 0.00326550308
74511 0 0.003247980835
74876.249963 0 0.003247980835
74876.25 0 0.0032292950035
75241.499963 0 0.0032292950035
75241.5 0 0.0032097878165
75606.749963 0 0.0032097878165
75606.75 0 0.00318925393575
75971.999963 0 0.00318925393575
75972 0 0.00316783025325
76337.249963 0 0.00316783025325
76337.25 0 0.0031455852155
76702.499963 0 0.0031455852155
76702.5 0 0.0031224503765
77067.749963 0 0.0031224503765
77067.75 0 0.003098699521
77432.999963 0 0.003098699521
77433 0 0.00307405886375
77798.249963 0 0.00307405886375
77798.25 0 0.00304880219025
78163.499963 0 0.00304880219025
78163.5 0 0.003022861054
78528.749963 0 0.003022861054
78528.75 0 0.0029963039015
78893.999963 0 0.0029963039015
78894 0 0.002969267625
79259.249963 0 0.002969267625
79259.25 0 0.0029414784395
79624.499963 0 0.0029414784395
79624.5 0 0.00291341546875
79989.749963 0 0.00291341546875
79989.75 0 0.0028846680355
80354.999963 0 0.0028846680355
80355 0 0.00285564681725
80720.249963 0 0.00285564681725
80720.25 0 0.002826146475
81085.499963 0 0.002826146475
81085.5 0 0.0027963039015
81450.749963 0 0.0027963039015
81450.75 0 0.0027661190965
81815.999963 0 0.0027661190965
81816 0 0.00273559206025
82181.249963 0 0.00273559206025
82181.25 0 0.002704791239
82546.499963 0 0.002704791239
82546.5 0 0.002673853525
82911.749963 0 0.002673853525
82911.75 0 0.0026425051335
83276.999963 0 0.0026425051335
83277 0 0.002611156742
83642.249963 0 0.002611156742
83642.25 0 0.00257953456525
84007.499963 0 0.00257953456525
84007.5 0 0.00254777549625
84372.749963 0 0.00254777549625
84372.75 0 0.00251594798075
84737.999963 0 0.00251594798075
84738 0 0.002484052019175
85103.249963 0 0.002484052019175
85103.25 0 0.00245201916495
85468.499963 0 0.00245201916495
85468.5 0 0.002420054757025
85833.749963 0 0.002420054757025
85833.75 0 0.002387953456525
86198.999963 0 0.002387953456525
86199 0 0.00234066992305
86564.249963 0 0.00234066992305
86564.25 0 0.00230884442845
86929.499963 0 0.00230884442845
86929.5 0 0.00227715494025
87294.749963 0 0.00227715494025
87294.75 0 0.00224539744885
87659.999963 0 0.00224539744885
87660 0 0.002213775963825
88025.249963 0 0.002213775963825
88025.25 0 0.002182222482
88390.499963 0 0.002182222482
88390.5 0 0.002150873009775
88755.749963 0 0.002150873009775
88755.75 0 0.002119523537525
89120.999963 0 0.002119523537525
89121 0 0.002088446078075
89486.249963 0 0.002088446078075
89486.25 0 0.0020573686186
89851.499963 0 0.0020573686186
89851.5 0 0.0020266311751
90216.749963 0 0.0020266311751
90216.75 0 0.0019959617348
90581.999963 0 0.0019959617348
90582 0 0.001965564307275
90947.249963 0 0.001965564307275
90947.25 0 0.001935302886125
91312.499963 0 0.001935302886125
91312.5 0 0.00190531347775
91677.749963 0 0.00190531347775
91677.75 0 0.00187552807895
92042.999963 0 0.00187552807895
92043 0 0.00184594668975
92408.249963 0 0.00184594668975
92408.25 0 0.001816705316525
92773.499963 0 0.001816705316525
92773.5 0 0.00178759994965
93138.749963 0 0.00178759994965
93138.75 0 0.001758834598775
93503.999963 0 0.001758834598775
93504 0 0.001730273257475
93869.249963 0 0.001730273257475
93869.25 0 0.001702051932125
94234.499963 0 0.001702051932125
94234.5 0 0.001674102619575
94599.749963 0 0.001674102619575
94599.75 0 0.0016464253198
94964.999963 0 0.0016464253198
94965 0 0.001619020032775
95330.249963 0 0.001619020032775
95330.25 0 0.001591954761725
95695.499963 0 0.001591954761725
95695.5 0 0.00156516150345
96060.749963 0 0.00156516150345
96060.75 0 0.00153864025795
96425.999963 0 0.00153864025795
96426 0 0.001512459028425
96791.249963 0 0.001512459028425
96791.25 0 0.001486617814875
97156.499963 0 0.001486617814875
97156.5 0 0.001461116617275
97521.749963 0 0.001461116617275
97521.75 0 0.001435819429275
97886.99996 0 0.001435819429275
97887 0 0.001410930260425
98252.24996 0 0.001410930260425
98252.25 0 0.00138631310435
98617.49996 0 0.00138631310435
98617.5 0 0.001362035964225
98982.74996 0 0.001362035964225
98982.75 0 0.0013380308369
99347.99996 0 0.0013380308369
99348 0 0.001314433728725
99713.24996 0 0.001314433728725
99713.25 0 0.001291176636525
100078.49996 0 0.001291176636525
100078.5 0 0.0012681235539
100443.74996 0 0.0012681235539
100443.75 0 0.001245478490425
100808.99996 0 0.001245478490425
100809 0 0.00122310543975
101174.24996 0 0.00122310543975
101174.25 0 0.001201072405025
101539.49996 0 0.001201072405025
101539.5 0 0.001179447389475
101904.74996 0 0.001179447389475
101904.75 0 0.0011579583803
102269.99996 0 0.0011579583803
102270 0 0.001137013396675
102635.24996 0 0.001137013396675
102635.25 0 0.001116204419425
103000.49996 0 0.001116204419425
103000.5 0 0.001095735458175
103365.74996 0 0.001095735458175
103365.75 0 0.001075674516075
103730.99996 0 0.001075674516075
103731 0 0.001055885586725
104096.24996 0 0.001055885586725
104096.25 0 0.001036300666975
104461.49996 0 0.001036300666975
104461.5 0 0.001017191769575
104826.74996 0 0.001017191769575
104826.75 0 0.00099835488495
105191.99996 0 0.00099835488495
105192 0 0.000979722009925
105557.24996 0 0.000979722009925
105557.25 0 0.00096142915085
105922.49996 0 0.00096142915085
105922.5 0 0.00094347630775
106287.74996 0 0.00094347630775
106287.75 0 0.0009257954774
106652.99996 0 0.0009257954774
106653 0 0.00090845466305
107018.24996 0 0.00090845466305
107018.25 0 0.000891317858275
107383.49996 0 0.000891317858275
107383.5 0 0.00087445306625
107748.74996 0 0.00087445306625
107748.75 0 0.0008579962934
108113.99996 0 0.0008579962934
108114 0 0.00084174353015
108479.24996 0 0.00084174353015
108479.25 0 0.00082583078285
108844.49996 0 0.00082583078285
108844.5 0 0.000810054041925
109209.74996 0 0.000810054041925
109209.75 0 0.000794685320175
109574.99996 0 0.000794685320175
109575 0 0.000779520608025
109940.24996 0 0.000779520608025
109940.25 0 0.000764627908625
110305.49996 0 0.000764627908625
110305.5 0 0.000750007222
110670.74996 0 0.000750007222
110670.75 0 0.00073572655135
111035.99996 0 0.00073572655135
111036 0 0.0007215138839
111401.24996 0 0.0007215138839
111401.25 0 0.0007077092356
111766.49996 0 0.0007077092356
111766.5 0 0.000694108596875
112131.74996 0 0.000694108596875
112131.75 0 0.00068071196775
112496.99996 0 0.00068071196775
112497 0 0.000667587351375
112862.24996 0 0.000667587351375
112862.25 0 0.0006547347478
113227.49996 0 0.0006547347478
113227.5 0 0.0006420861538
113592.74996 0 0.0006420861538
113592.75 0 0.00062970957255
113957.99996 0 0.00062970957255
113958 0 0.000617468997725
114323.24996 0 0.000617468997725
114323.25 0 0.00060550043565
114688.49996 0 0.00060550043565
114688.5 0 0.00059380388635
119071.5 0 0.000468950022925
126741.75 0 0.000309686543575
135142.5 0 0.00019693724861
143908.5 0 0.0001234937995425
154135.5 0 7.235539797e-05
183355.5 0 1.659277923375e-05
233029.5 0 1.63207664595e-06
381686.25 0 8.16038322975e-07
384242.99996 0 8.2135523615e-07
