0 0 277466246.55
1095.75 0 290475017.1
4017.75 0 304926078.025
5843.9999635 0 303436002.75
6574.4999635 0 294872005.475
6574.5 0 288898015.05
6939.7499635 0 288898015.05
6939.75 0 282183436.0
7304.9999635 0 282183436.0
7305 0 275017111.575
7670.2499635 0 275017111.575
7670.25 0 267618069.825
8035.499963 0 267618069.825
8035.5 0 260184804.925
8400.749963 0 260184804.925
8400.75 0 252833675.575
8765.999963 0 252833675.575
8766 0 245660506.5025
9131.249963 0 245660506.5025
9131.25 0 238726899.385
9496.499963 0 238726899.385
9496.5 0 232080766.5975
9861.749963 0 232080766.5975
9861.75 0 225715263.5175
10226.999963 0 225715263.5175
10227 0 219664613.2775
10592.249963 0 219664613.2775
10592.25 0 213921971.2525
10957.499963 0 213921971.2525
10957.5 0 208480492.8125
11322.749963 0 208480492.8125
11322.75 0 203333333.3325
12418.5 0 189561943.875
15705.75 0 160622861.055
19723.5 0 141974512.4125
28124.249963 0 123292265.5725
36159.75 0 106050650.24
44560.499963 0 88432580.425
52596 0 72149212.8675
64649.249963 0 55571526.3525
76337.25 0 44674880.22
85103.25 0 39436832.2325
93869.249963 0 36274798.3375
98252.24996 0 35157182.9075
98617.49996 0 35075406.17
98982.74996 0 35000444.16
99347.99996 0 34918667.42
100443.74996 0 34707410.845
102635.24996 0 34325786.065
111036 0 33364909.385
189564.74996 0 34012308.5675
267728.24996 0 31381823.4725
296217.75 0 25425751.005
324707.25 0 17929549.95775
381686.25 0 5649409.69775
384242.99996 0 5674195.75625
