0 0 3637.16847375
365.2499635 0 3637.16847375
365.25 0 3716.89167725
730.4999635 0 3716.89167725
730.5 0 3799.938933
1095.7499635 0 3799.938933
1095.75 0 3883.37129225
1460.9999635 0 3883.37129225
1461 0 3968.181917
1826.2499635 0 3968.181917
1826.25 0 4054.418101
2191.4999635 0 4054.418101
2191.5 0 4142.07984375
2556.7499635 0 4142.07984375
2556.75 0 4231.17390175
2921.9999635 0 4231.17390175
2922 0 4321.734056
3287.2499635 0 4321.734056
3287.25 0 4413.7265255
3652.4999635 0 4413.7265255
3652.5 0 4507.1715785
4017.7499635 0 4507.1715785
4017.75 0 4602.04219075
4382.9999635 0 4602.04219075
4383 0 4698.33160575
4748.2499635 0 4698.33160575
4748.25 0 4796.026311
5113.4999635 0 4796.026311
5113.5 0 4895.004695
5478.7499635 0 4895.004695
5478.75 0 4995.40188175
5843.9999635 0 4995.40188175
5844 0 5097.01518525
6209.2499635 0 5097.01518525
6209.25 0 5199.77704325
6574.4999635 0 5199.77704325
6574.5 0 5303.755018
6939.7499635 0 5303.755018
6939.75 0 5408.61129925
7304.9999635 0 5408.61129925
7305 0 5514.548573
7670.2499635 0 5514.548573
7670.25 0 5621.09390525
8035.499963 0 5621.09390525
8035.5 0 5728.38241975
8400.749963 0 5728.38241975
8400.75 0 5836.0763065
8765.999963 0 5836.0763065
8766 0 5944.1080035
9131.249963 0 5944.1080035
9131.25 0 6052.2748245
9496.499963 0 6052.2748245
9496.5 0 6160.3740835
9861.749963 0 6160.3740835
9861.75 0 6268.27065625
10226.999963 0 6268.27065625
10227 0 6375.896981
10592.249963 0 6375.896981
10592.25 0 6482.9152475
10957.499963 0 6482.9152475
10957.5 0 6589.2578935
11322.749963 0 6589.2578935
11322.75 0 6694.857357
11687.999963 0 6694.857357
11688 0 6799.44339025
12053.249963 0 6799.44339025
12053.25 0 6902.94843075
12783.749963 0 7005.3724785
12783.75 0 7106.37772375
13148.999963 0 7106.37772375
13149 0 7206.09929
13514.249963 0 7206.09929
13514.25 0 7304.26692975
13879.499963 0 7304.26692975
13879.5 0 7400.88064225
14244.749963 0 7400.88064225
14244.75 0 7495.80530425
14609.999963 0 7495.80530425
14610 0 7589.040915
14975.249963 0 7589.040915
14975.25 0 7680.519913
15340.499963 0 7680.519913
15340.5 0 7770.03961175
15705.749963 0 7770.03961175
15705.75 0 7857.6675735
16801.499963 0 8131.89596175
16801.5 0 8222.7651465
17166.749963 0 8222.7651465
17166.75 0 8308.229213
17897.249963 0 8374.002218
17897.25 0 8462.8336755
18262.499963 0 8462.8336755
18262.5 0 8552.93402225
18992.999963 0 8609.1950845
18993 0 8678.25419225
19358.249963 0 8678.25419225
19358.25 0 8753.319644
20819.25 0 8984.1204655
23376 0 9283.43600275
25932.75 0 9445.0376455
28489.499963 0 9473.03216975
33237.749963 0 9185.48939075
37985.999963 0 8431.211499
37986 0 8355.92060225
38351.249963 0 8355.92060225
38351.25 0 8277.891855
38716.499963 0 8277.891855
38716.5 0 8197.80971925
39081.749963 0 8197.80971925
39081.75 0 8116.3586585
39446.999963 0 8116.3586585
39447 0 8032.16974675
39812.249963 0 8032.16974675
39812.25 0 7946.61190975
40177.499963 0 7946.61190975
40177.5 0 7858.31622175
40542.749963 0 7858.31622175
40542.75 0 7769.33607125
40907.999963 0 7769.33607125
40908 0 7678.98699525
41273.249963 0 7678.98699525
41273.25 0 7585.9000685
41638.499963 0 7585.9000685
41638.5 0 7492.128679
42003.749963 0 7492.128679
42003.75 0 7397.67282675
42368.999963 0 7397.67282675
42369 0 7301.1635865
42734.249963 0 7301.1635865
42734.25 0 7203.285421
43464.749963 0 7106.091718
43464.75 0 7006.16016425
43829.999963 0 7006.16016425
43830 0 6796.26884625
44195.249963 0 6796.26884625
44195.25 0 6697.2646325
44560.499963 0 6697.2646325
44560.5 0 6598.260419
44925.749963 0 6598.260419
44925.75 0 6497.909209
45290.999963 0 6497.909209
45291 0 6398.9049955
45656.249963 0 6398.9049955
45656.25 0 6297.8802875
46021.499963 0 6297.8802875
46021.5 0 6198.20257575
46386.749963 0 6198.20257575
46386.75 0 6098.524864
46751.999963 0 6098.524864
46752 0 5997.50015625
47117.249963 0 5997.50015625
47117.25 0 5898.4959425
47482.499963 0 5898.4959425
47482.5 0 5798.14473275
48212.999963 0 5699.814017
48213 0 5600.13630525
48578.249963 0 5600.13630525
48578.25 0 5502.47908775
48943.499963 0 5502.47908775
48943.5 0 5404.82187025
49308.749963 0 5404.82187025
49308.75 0 5307.8381505
49673.999963 0 5307.8381505
49674 0 5211.527929
50039.249963 0 5211.527929
50039.25 0 5115.89120575
50404.499963 0 5115.89120575
50404.5 0 5020.92798025
50769.749963 0 5020.92798025
50769.75 0 4927.985249
51134.999963 0 4927.985249
51135 0 4834.36901975
51500.249963 0 4834.36901975
51500.25 0 4742.77328475
51865.499963 0 4742.77328475
51865.5 0 4652.52454575
52230.749963 0 4652.52454575
52230.75 0 4562.27580675
52595.999963 0 4562.27580675
52596 0 4473.37406375
52961.249963 0 4473.37406375
52961.25 0 4386.492815
53326.499963 0 4386.492815
53326.5 0 4299.61156625
53691.749963 0 4299.61156625
53691.75 0 4214.75081175
54056.999963 0 4214.75081175
54057 0 4130.563555
54422.249963 0 4130.563555
54422.25 0 4047.0497965
54787.499963 0 4047.0497965
54787.5 0 3966.23003025
55152.749963 0 3966.23003025
55152.75 0 3886.083762
55517.999963 0 3886.083762
55518 0 3806.610992
55883.249963 0 3806.610992
55883.25 0 3728.48521775
56248.499963 0 3728.48521775
56248.5 0 3651.70643975
56613.749963 0 3651.70643975
56613.75 0 3576.948156
56978.999963 0 3576.948156
56979 0 3502.86337025
57344.249963 0 3502.86337025
57344.25 0 3430.12558075
57709.499963 0 3430.12558075
57709.5 0 3358.061289
58074.749963 0 3358.061289
58074.75 0 3288.0174915
58439.999963 0 3288.0174915
58440 0 3219.32069025
58805.249963 0 3219.32069025
58805.25 0 3151.297387
63918.75 0 2328.282767
69397.5 0 1674.9896562
75972 0 1127.43573965
83642.25 0 711.88744135
91677.75 0 440.46772625
110670.75 0 140.08759489
138429.75 0 24.24592988475
379859.99996 0 0.67349805235
379860 0 0.0
384242.99996 0 0.0
