0 0 4882479074.75
1095.75 0 4584913534.0
7304.9999635 0 4263612846.0
9496.499963 0 3950096718.5
11322.75 0 3633207969.75
14244.749963 0 3351559672.5
16801.499963 0 3050708082.5
16801.5 0 2993616410.5
17166.749963 0 2993616410.5
17166.75 0 2932936374.5
18262.499963 0 2821025685.75
18262.5 0 2753863173.25
22645.5 0 2127435781.0
26298 0 1730085922.925
29950.5 0 1422176591.375
35429.25 0 1104517453.8
41638.5 0 866803559.2
50404.499963 0 664407939.775
58805.25 0 533607118.4
75971.999963 0 393018480.5
92773.5 0 318480492.825
109574.99996 0 277207392.2
126011.24996 0 251197809.725
142447.5 0 233675564.6825
150848.24996 0 227378507.8725
151213.49996 0 227104722.7925
151578.74996 0 226830937.715
151943.99996 0 226625598.905
153039.74996 0 225804243.6675
154866 0 224366872.005
158883.75 0 221765913.7575
187007.99996 0 208487337.44
214766.99996 0 200616016.4275
228646.5 0 203969883.6425
235586.25 0 209856262.8325
239238.74996 0 213620807.665
242526 0 218480492.8125
246178.49996 0 223545516.77
249465.75 0 229842573.58
253118.24996 0 235865845.3125
256405.5 0 243052703.6275
260057.99996 0 249897330.595
263345.25 0 257768651.6
266997.74996 0 265092402.475
270285 0 273374401.1
326168.24996 0 356468172.475
381686.25 0 335910323.875
384242.99996 0 335728952.775
