0 0 0.0
13514.25 0 1.365890855525e-22
192121.49996 0 6.81716126e-08
229376.99996 0 1.6706211054e-07
256770.74996 0 3.7430873005e-07
279050.99996 0 6.79462406075e-07
295852.49996 0 1.075297576e-06
309366.74996 0 1.6075852424e-06
315941.24996 0 1.9811563914e-06
322150.49996 0 2.43162719555e-06
327629.24996 0 2.92867487775e-06
327994.49996 0 2.96569052e-06
327994.5 0 3.003184224e-06
328359.74996 0 3.003184224e-06
328359.75 0 3.04122428425e-06
328724.99996 0 3.04122428425e-06
328725 0 3.079810701e-06
329090.24996 0 3.079810701e-06
329090.25 0 3.118943474e-06
329455.49996 0 3.118943474e-06
329455.5 0 3.15855430875e-06
329820.74996 0 3.15855430875e-06
329820.75 0 3.1987797945e-06
330185.99996 0 3.1987797945e-06
330186 0 3.2395516365e-06
330551.24996 0 3.2395516365e-06
330551.25 0 3.280869835e-06
330916.49996 0 3.280869835e-06
330916.5 0 3.32287097875e-06
331281.74996 0 3.32287097875e-06
331281.75 0 3.36528188975e-06
331646.99996 0 3.36528188975e-06
331647 0 3.40837574625e-06
332012.24996 0 3.40837574625e-06
332012.25 0 3.45208425375e-06
332377.49996 0 3.45208425375e-06
332377.5 0 3.496407412e-06
332742.74996 0 3.496407412e-06
332742.75 0 3.5412769265e-06
333107.99996 0 3.5412769265e-06
333108 0 3.5868293865e-06
333473.24996 0 3.5868293865e-06
333473.25 0 3.6329964975e-06
333838.49996 0 3.6329964975e-06
333838.5 0 3.67977825925e-06
334203.74996 0 3.67977825925e-06
334203.75 0 3.7272429665e-06
334568.99996 0 3.7272429665e-06
334569 0 3.77532232475e-06
334934.24996 0 3.77532232475e-06
334934.25 0 3.82408462825e-06
335299.49996 0 3.82408462825e-06
335299.5 0 3.87352987725e-06
335664.74996 0 3.87352987725e-06
335664.75 0 3.923589777e-06
336029.99996 0 3.923589777e-06
336030 0 3.97440091675e-06
336395.24996 0 3.97440091675e-06
336395.25 0 4.025895002e-06
336760.49996 0 4.025895002e-06
336760.5 0 4.07814032725e-06
337125.74996 0 4.07814032725e-06
337125.75 0 4.1310003035e-06
337490.99996 0 4.1310003035e-06
337491 0 4.1846115195e-06
337856.24996 0 4.1846115195e-06
337856.25 0 4.2389739755e-06
338221.49996 0 4.2389739755e-06
338221.5 0 4.2940876715e-06
338586.74996 0 4.2940876715e-06
338586.75 0 4.349884313e-06
338951.99996 0 4.349884313e-06
338952 0 4.406500489e-06
339317.24996 0 4.406500489e-06
339317.25 0 4.4639361995e-06
339682.49996 0 4.4639361995e-06
339682.5 0 4.52198656075e-06
340047.74996 0 4.52198656075e-06
340047.75 0 4.58092475125e-06
340412.99996 0 4.58092475125e-06
340413 0 4.64068247625e-06
340778.24996 0 4.64068247625e-06
340778.25 0 4.701191441e-06
341143.49996 0 4.701191441e-06
341143.5 0 4.7625199405e-06
341508.74996 0 4.7625199405e-06
341508.75 0 4.8246679745e-06
341873.99996 0 4.8246679745e-06
341874 0 4.88763554275e-06
342239.24996 0 4.88763554275e-06
342239.25 0 4.95142264575e-06
342604.49996 0 4.95142264575e-06
342604.5 0 5.01616587225e-06
342969.74996 0 5.01616587225e-06
342969.75 0 5.0817286335e-06
343334.99996 0 5.0817286335e-06
343335 0 5.1480426345e-06
343700.24996 0 5.1480426345e-06
343700.25 0 5.21538105375e-06
344065.49996 0 5.21538105375e-06
344065.5 0 5.28353900725e-06
344430.74996 0 5.28353900725e-06
344430.75 0 5.3526530845e-06
344795.99996 0 5.3526530845e-06
344796 0 5.422654991e-06
345161.24996 0 5.422654991e-06
345161.25 0 5.49347643175e-06
345526.49996 0 5.49347643175e-06
345526.5 0 5.56539058525e-06
345891.74996 0 5.56539058525e-06
345891.75 0 5.638192568e-06
346256.99996 0 5.638192568e-06
346257 0 5.71188237975e-06
346622.24996 0 5.71188237975e-06
346622.25 0 5.786528315e-06
346987.49996 0 5.786528315e-06
346987.5 0 5.86226696275e-06
347352.74996 0 5.86226696275e-06
347352.75 0 5.93889343975e-06
347717.99996 0 5.93889343975e-06
347718 0 6.0166126295e-06
348083.24996 0 6.0166126295e-06
348083.25 0 6.09515135375e-06
348448.49996 0 6.09515135375e-06
348448.5 0 6.17491937975e-06
348813.74996 0 6.17491937975e-06
348813.75 0 6.25557523475e-06
349178.99996 0 6.25557523475e-06
349179 0 6.33732380225e-06
349544.24996 0 6.33732380225e-06
349544.25 0 6.42009678825e-06
349909.49996 0 6.42009678825e-06
349909.5 0 6.50389419225e-06
350274.74996 0 6.50389419225e-06
350274.75 0 6.5888526035e-06
350639.99996 0 6.5888526035e-06
350640 0 6.67490372725e-06
351005.24996 0 6.67490372725e-06
351005.25 0 6.76191097475e-06
351370.49996 0 6.76191097475e-06
351370.5 0 6.8502158185e-06
351735.74996 0 6.8502158185e-06
351735.75 0 6.939476786e-06
352100.99996 0 6.939476786e-06
352101 0 7.02989876075e-06
352466.24996 0 7.02989876075e-06
352466.25 0 7.121550037e-06
352831.49996 0 7.121550037e-06
352831.5 0 7.2142257315e-06
353196.74996 0 7.2142257315e-06
353196.75 0 7.3081990225e-06
353561.99996 0 7.3081990225e-06
353562 0 7.403265026e-06
353927.24996 0 7.403265026e-06
353927.25 0 7.49949203675e-06
354292.49996 0 7.49949203675e-06
354292.5 0 7.597016644e-06
354657.74996 0 7.597016644e-06
354657.75 0 7.69563396375e-06
355022.99996 0 7.69563396375e-06
355023 0 7.79561717425e-06
355388.24996 0 7.79561717425e-06
355388.25 0 7.8966930975e-06
355753.49996 0 7.8966930975e-06
355753.5 0 7.99913491175e-06
356118.74996 0 7.99913491175e-06
356118.75 0 8.10280602775e-06
356483.99996 0 8.10280602775e-06
356484 0 8.20743326725e-06
356849.24996 0 8.20743326725e-06
356849.25 0 8.3141776375e-06
357214.49996 0 8.3141776375e-06
357214.5 0 8.42140006975e-06
357579.74996 0 8.42140006975e-06
357579.75 0 8.52998839275e-06
357944.99996 0 8.52998839275e-06
357945 0 8.640625552e-06
358310.24996 0 8.640625552e-06
358310.25 0 8.75194565675e-06
358675.49996 0 8.75194565675e-06
358675.5 0 8.86463165225e-06
359040.74996 0 8.86463165225e-06
359040.75 0 8.97868353875e-06
359405.99996 0 8.97868353875e-06
359406 0 9.0947842615e-06
359771.24996 0 9.0947842615e-06
359771.25 0 9.21156792975e-06
360136.49996 0 9.21156792975e-06
360136.5 0 9.32971748875e-06
360501.74996 0 9.32971748875e-06
360501.75 0 9.4492329385e-06
360866.99996 0 9.4492329385e-06
360867 0 9.57079722475e-06
361232.24996 0 9.59206023275e-06
361232.25 0 9.71526351825e-06
361597.49996 0 9.71526351825e-06
361597.5 0 9.83915126625e-06
361962.74996 0 9.83915126625e-06
361962.75 0 9.9650924025e-06
362327.99996 0 9.9650924025e-06
362328 0 1.0092402464e-05
362693.24996 0 1.0092402464e-05
362693.25 0 1.0221081451e-05
363058.49996 0 1.0221081451e-05
363058.5 0 1.03511293635e-05
363423.74996 0 1.03511293635e-05
363423.75 0 1.0483230664e-05
363788.99996 0 1.0483230664e-05
363789 0 1.061670088975e-05
364154.24996 0 1.061670088975e-05
364154.25 0 1.0751540041e-05
364519.49996 0 1.0751540041e-05
364519.5 0 1.08884325805e-05
364884.74996 0 1.08884325805e-05
364884.75 0 1.10260095825e-05
365249.99996 0 1.10260095825e-05
365250 0 1.11656399725e-05
365615.24996 0 1.11656399725e-05
365615.25 0 1.130732375075e-05
365980.49996 0 1.130732375075e-05
365980.5 0 1.144969199175e-05
366345.74996 0 1.144969199175e-05
366345.75 0 1.159411362075e-05
366710.99996 0 1.159411362075e-05
366711 0 1.1740588638e-05
367076.24996 0 1.1740588638e-05
367076.25 0 1.18884325805e-05
367441.49996 0 1.18884325805e-05
367441.5 0 1.203764544825e-05
367806.74996 0 1.203764544825e-05
367806.75 0 1.218891170425e-05
368171.99996 0 1.218891170425e-05
368172 0 1.234154688575e-05
368537.24996 0 1.234154688575e-05
368537.25 0 1.249623545525e-05
368902.49996 0 1.249623545525e-05
368902.5 0 1.265297741275e-05
369267.74996 0 1.265297741275e-05
369267.75 0 1.2810403833e-05
369632.99996 0 1.2810403833e-05
369633 0 1.296988364125e-05
369998.24996 0 1.296988364125e-05
369998.25 0 1.31321013005e-05
370363.49996 0 1.31321013005e-05
370363.5 0 1.329500342225e-05
370728.74996 0 1.329500342225e-05
370728.75 0 1.345995893225e-05
371093.99996 0 1.345995893225e-05
371094 0 1.3627652293e-05
371459.24996 0 1.3627652293e-05
371459.25 0 1.379603011625e-05
371824.49996 0 1.379603011625e-05
371824.5 0 1.396646132775e-05
372189.74996 0 1.396646132775e-05
372189.75 0 1.41389459275e-05
372554.99996 0 1.41389459275e-05
372555 0 1.43127994525e-05
372920.24996 0 1.43127994525e-05
372920.25 0 1.448939082825e-05
373285.49996 0 1.448939082825e-05
373285.5 0 1.466735112925e-05
373650.74996 0 1.466735112925e-05
373650.75 0 1.48473648185e-05
374015.99996 0 1.48473648185e-05
374016 0 1.5029431896e-05
374381.24996 0 1.5029431896e-05
374381.25 0 1.521286789875e-05
374746.49996 0 1.521286789875e-05
374746.5 0 1.539904175225e-05
375111.74996 0 1.539904175225e-05
375111.75 0 1.558658453125e-05
375476.99996 0 1.558658453125e-05
375477 0 1.577618069825e-05
375842.24996 0 1.577618069825e-05
375842.25 0 1.596783025325e-05
376207.49996 0 1.596783025325e-05
376207.5 0 1.61615331965e-05
376572.74996 0 1.61615331965e-05
376572.75 0 1.635728952775e-05
376937.99996 0 1.635728952775e-05
376938 0 1.6555099247e-05
377303.24996 0 1.6555099247e-05
377303.25 0 1.67549623545e-05
377668.49996 0 1.67549623545e-05
377668.5 0 1.695687885e-05
378033.74996 0 1.695687885e-05
378033.75 0 1.716084873375e-05
378398.99996 0 1.716084873375e-05
378399 0 1.736618754275e-05
378764.24996 0 1.736618754275e-05
378764.25 0 1.757494866525e-05
379129.49996 0 1.757494866525e-05
379129.5 0 1.778507871325e-05
379494.74996 0 1.778507871325e-05
379494.75 0 1.799726214925e-05
379859.99996 0 1.799726214925e-05
379860 0 1.821149897325e-05
380225.24996 0 1.821149897325e-05
380225.25 0 1.842847364825e-05
380590.49996 0 1.842847364825e-05
380590.5 0 1.86468172485e-05
380955.74996 0 1.86468172485e-05
380955.75 0 1.88678986995e-05
381320.99996 0 1.88678986995e-05
381321 0 1.909171800125e-05
381686.24996 0 1.909171800125e-05
381686.25 0 1.9316221766e-05
384242.99996 0 1.9316221766e-05
