0 0 280649.949525
1460.9999635 0 3604934.11275
4383 0 15336334.8355
7304.9999635 0 23262234.404
9861.75 0 32617453.8
12783.749963 0 36557837.0975
15340.499963 0 33941820.67
19358.249963 0 26249750.645
23010.75 0 19813826.1465
30681 0 12390143.73725
42734.25 0 7017111.5675
51500.25 0 4941908.78325
60266.25 0 3861566.154
67205.999963 0 3322712.33025
70493.249963 0 3109937.532
73780.499963 0 2928123.7725
77067.75 0 2753556.2135
80355 0 2617854.63925
86929.5 0 2395198.65845
93869.249963 0 2221948.590475
95695.499963 0 2181106.369125
96425.999963 0 2165296.476975
96791.249963 0 2157391.530925
97156.499963 0 2150145.33035
100443.74996 0 2085588.2708
113592.75 0 1884012.146075
180798.74996 0 1455168.821925
247639.5 0 1474931.1871
381686.25 0 133725.3376425
384242.99996 0 138945.9274475
