0 0 6.812905996e-23
38716.499963 0 6.47756795e-07
180798.74996 0 2.054908706475
230837.99996 0 26.49811658
250926.74996 0 65.9523364925
267362.99996 0 132.231692475
281242.49996 0 229.61537078
293660.99996 0 366.077877875
300965.99996 0 476.03136775
307905.74996 0 606.116994825
314480.24996 0 756.7367206
320689.49996 0 927.509022275
326533.49996 0 1117.3847124
327629.24996 0 1156.42266375
327629.25 0 1169.70783045
327994.49996 0 1169.70783045
327994.5 0 1183.12925525
328359.74996 0 1183.12925525
328359.75 0 1196.55068005
328724.99996 0 1196.55068005
328725 0 1210.312750175
329090.24996 0 1210.312750175
329090.25 0 1224.074820275
329455.49996 0 1224.074820275
329455.5 0 1237.973148525
329820.74996 0 1237.973148525
329820.75 0 1252.075863925
330185.99996 0 1252.075863925
330186 0 1266.2467084
330551.24996 0 1266.2467084
330551.25 0 1280.553811
330916.49996 0 1280.553811
330916.5 0 1294.9971717
331281.74996 0 1294.9971717
331281.75 0 1309.6449196
331646.99996 0 1309.6449196
331647 0 1324.36079655
332012.24996 0 1324.36079655
332012.25 0 1339.281060675
332377.49996 0 1339.281060675
332377.5 0 1354.269453875
332742.74996 0 1354.269453875
332742.75 0 1369.46223425
333107.99996 0 1369.46223425
333108 0 1384.723143675
333473.24996 0 1384.723143675
333473.25 0 1400.188440275
333838.49996 0 1400.188440275
333838.5 0 1415.789995
334203.74996 0 1415.789995
334203.75 0 1431.52780785
334568.99996 0 1431.52780785
334569 0 1447.401878825
334934.24996 0 1447.401878825
334934.25 0 1463.412207925
335299.49996 0 1463.412207925
335299.5 0 1479.6269242
335664.74996 0 1479.6269242
335664.75 0 1495.977898575
336029.99996 0 1495.977898575
336030 0 1512.397002025
336395.24996 0 1512.397002025
336395.25 0 1529.088621725
336760.49996 0 1529.088621725
336760.5 0 1545.848370475
337125.74996 0 1545.848370475
337125.75 0 1562.8125064
337490.99996 0 1562.8125064
337491 0 1579.8447714
337856.24996 0 1579.8447714
337856.25 0 1597.149552625
338221.49996 0 1597.149552625
338221.5 0 1614.590591975
338586.74996 0 1614.590591975
338586.75 0 1632.099760375
338951.99996 0 1632.099760375
338952 0 1649.813315975
339317.24996 0 1649.813315975
339317.25 0 1667.73125875
339682.49996 0 1667.73125875
339682.5 0 1685.785459625
340047.74996 0 1685.785459625
340047.75 0 1703.97591865
340412.99996 0 1703.97591865
340413 0 1722.370764825
340778.24996 0 1722.370764825
340778.25 0 1740.901869125
341143.49996 0 1740.901869125
341143.5 0 1759.569231575
341508.74996 0 1759.569231575
341508.75 0 1778.509110225
341873.99996 0 1778.509110225
341874 0 1797.4489889
342239.24996 0 1797.4489889
342239.25 0 1816.729512875
342604.49996 0 1816.729512875
342604.5 0 1836.0781659
342969.74996 0 1836.0781659
342969.75 0 1855.6312061
343334.99996 0 1855.6312061
343335 0 1875.320504425
343700.24996 0 1875.320504425
343700.25 0 1895.282319
344065.49996 0 1895.282319
344065.5 0 1915.244133575
344430.74996 0 1915.244133575
344430.75 0 1935.54659345
344795.99996 0 1935.54659345
344796 0 1955.985311425
345161.24996 0 1955.985311425
345161.25 0 1976.560287525
345526.49996 0 1976.560287525
345526.5 0 1997.27152175
345891.74996 0 1997.27152175
345891.75 0 2018.255272225
346256.99996 0 2018.255272225
346257 0 2039.443409875
346622.24996 0 2039.443409875
346622.25 0 2060.699676575
346987.49996 0 2060.699676575
346987.5 0 2082.228459525
347352.74996 0 2082.228459525
347352.75 0 2103.82537155
347717.99996 0 2103.82537155
347718 0 2125.76292885
348083.24996 0 2125.76292885
348083.25 0 2147.836744275
348448.49996 0 2147.836744275
348448.5 0 2169.97868875
348813.74996 0 2169.97868875
348813.75 0 2192.46127855
349178.99996 0 2192.46127855
349179 0 2215.08012645
349544.24996 0 2215.08012645
349544.25 0 2237.90336155
349909.49996 0 2237.90336155
349909.5 0 2260.86285475
350274.74996 0 2260.86285475
350274.75 0 2284.0948642
350639.99996 0 2284.0948642
350640 0 2307.3950027
351005.24996 0 2307.3950027
351005.25 0 2331.0357865
351370.49996 0 2331.0357865
351370.5 0 2354.812828425
351735.74996 0 2354.812828425
351735.75 0 2378.726128475
352100.99996 0 2378.726128475
352101 0 2402.91194475
352466.24996 0 2402.91194475
352466.25 0 2427.302148225
352831.49996 0 2427.302148225
352831.5 0 2451.8286098
353196.74996 0 2451.8286098
353196.75 0 2476.627587625
353561.99996 0 2476.627587625
353562 0 2501.63095275
353927.24996 0 2501.63095275
353927.25 0 2526.77057575
354292.49996 0 2526.77057575
354292.5 0 2552.114586
354657.74996 0 2552.114586
354657.75 0 2577.7311125
355022.99996 0 2577.7311125
355023 0 2603.48389725
355388.24996 0 2603.48389725
355388.25 0 2629.50919825
355753.49996 0 2629.50919825
355753.5 0 2655.73888625
356118.74996 0 2655.73888625
356118.75 0 2682.1048325
356483.99996 0 2682.1048325
356484 0 2708.743295
356849.24996 0 2708.743295
356849.25 0 2735.5861445
357214.49996 0 2735.5861445
357214.5 0 2762.63338125
357579.74996 0 2762.63338125
357579.75 0 2789.88500525
357944.99996 0 2789.88500525
357945 0 2817.4091455
358310.24996 0 2830.52703625
358310.25 0 2858.31622175
358675.49996 0 2858.31622175
358675.5 0 2886.310746
359040.74996 0 2886.310746
359040.75 0 2914.64750175
359405.99996 0 2914.64750175
359406 0 2943.12115
359771.24996 0 2943.12115
359771.25 0 2971.800137
360136.49996 0 2971.800137
360136.5 0 3000.752909
360501.74996 0 3000.752909
360501.75 0 3029.8425735
360866.99996 0 3029.8425735
360867 0 3059.2744695
361232.24996 0 3059.2744695
361232.25 0 3088.91170425
361597.49996 0 3088.91170425
361597.5 0 3118.6858315
361962.74996 0 3118.6858315
361962.75 0 3148.733744
362327.99996 0 3148.733744
362328 0 3178.98699525
362693.24996 0 3178.98699525
362693.25 0 3209.58247775
363058.49996 0 3209.58247775
363058.5 0 3240.2464065
363423.74996 0 3240.2464065
363423.75 0 3271.25256675
363788.99996 0 3271.25256675
363789 0 3302.46406575
364154.24996 0 3302.46406575
364154.25 0 3333.94934975
364519.49996 0 3333.94934975
364519.5 0 3365.57152625
364884.74996 0 3365.57152625
364884.75 0 3397.467488
365249.99996 0 3397.467488
365250 0 3429.63723475
365615.24996 0 3429.63723475
365615.25 0 3462.0807665
365980.49996 0 3462.0807665
365980.5 0 3494.59274475
366345.74996 0 3494.59274475
366345.75 0 3527.58384675
366710.99996 0 3527.58384675
366711 0 3560.57494875
367076.24996 0 3560.57494875
367076.25 0 3594.0451745
367441.49996 0 3594.0451745
367441.5 0 3627.5154005
367806.74996 0 3627.5154005
367806.75 0 3661.46475025
368171.99996 0 3661.46475025
368172 0 3695.48254625
368537.24996 0 3695.48254625
368537.25 0 3729.77412725
368902.49996 0 3729.77412725
368902.5 0 3764.40793975
369267.74996 0 3764.40793975
369267.75 0 3799.17864475
369632.99996 0 3799.17864475
369633 0 3834.291581
369998.24996 0 3834.291581
369998.25 0 3869.60985625
370363.49996 0 3869.60985625
370363.5 0 3905.13347025
370728.74996 0 3905.13347025
370728.75 0 3940.9993155
371093.99996 0 3940.9993155
371094 0 3977.07049975
371459.24996 0 3977.07049975
371459.25 0 4013.3470225
371824.49996 0 4013.3470225
371824.5 0 4049.96577675
372189.74996 0 4049.96577675
372189.75 0 4086.78987
372554.99996 0 4086.78987
372555 0 4123.887748
372920.24996 0 4123.887748
372920.25 0 4161.190965
373285.49996 0 4161.190965
373285.5 0 4198.8364135
373650.74996 0 4198.8364135
373650.75 0 4236.6872005
374015.99996 0 4236.6872005
374016 0 4274.81177275
374381.24996 0 4274.81177275
374381.25 0 4313.14168375
374746.49996 0 4313.14168375
374746.5 0 4351.8822725
375111.74996 0 4351.8822725
375111.75 0 4390.69130725
375476.99996 0 4390.69130725
375477 0 4429.91101975
375842.24996 0 4429.91101975
375842.25 0 4469.33607125
376207.49996 0 4469.33607125
376207.5 0 4508.96646125
376572.74996 0 4508.96646125
376572.75 0 4549.007529
376937.99996 0 4549.007529
376938 0 4589.1854895
377303.24996 0 4589.1854895
377303.25 0 4629.705681
377668.49996 0 4629.705681
377668.5 0 4670.4312115
378033.74996 0 4670.4312115
378033.75 0 4711.430527
378398.99996 0 4711.430527
378399 0 4752.772074
378764.24996 0 4752.772074
378764.25 0 4794.3189595
379129.49996 0 4794.3189595
379129.5 0 4836.1396305
379494.74996 0 4836.1396305
379494.75 0 4878.3025325
379859.99996 0 4878.3025325
379860 0 4920.60232725
380225.24996 0 4920.60232725
380225.25 0 4963.24435325
380590.49996 0 4963.24435325
380590.5 0 5006.2286105
380955.74996 0 5006.2286105
380955.75 0 5049.41820675
381320.99996 0 5049.41820675
381321 0 5092.81314175
381686.24996 0 5092.81314175
381686.25 0 5136.61875425
384242.99996 0 5136.61875425
