0 0 2430500.909975
2922 0 2467302.010025
8035.5 0 2481998.631075
10592.25 0 2480629.705675
13148.999963 0 2470499.657775
13149 0 2457357.974
13514.249963 0 2457357.974
13514.25 0 2436755.646825
13879.499963 0 2436755.646825
13879.5 0 2408555.7837
14244.749963 0 2408555.7837
14244.75 0 2373032.16975
14609.999963 0 2373032.16975
14610 0 2331416.837775
14975.249963 0 2331416.837775
14975.25 0 2285147.159475
15340.499963 0 2285147.159475
15340.5 0 2235523.613975
15705.749963 0 2235523.613975
15705.75 0 2183915.126625
16070.999963 0 2183915.126625
16071 0 2131279.94525
16436.249963 0 2131279.94525
16436.25 0 2078713.210125
16801.499963 0 2078713.210125
16801.5 0 2021970.1305
17166.749963 0 2021970.1305
17166.75 0 1965881.7219
17531.999963 0 1965881.7219
17532 0 1925495.1702
17897.249963 0 1925495.1702
17897.25 0 1868856.9473
18262.499963 0 1868856.9473
18262.5 0 1814820.84875
18627.749963 0 1814820.84875
18627.75 0 1773719.906975
18992.999963 0 1773719.906975
18993 0 1728204.4474
19358.249963 0 1728204.4474
19358.25 0 1694274.6463
19723.499963 0 1694274.6463
19723.5 0 1649212.8679
20088.749963 0 1649212.8679
20088.75 0 1612457.221075
20453.999963 0 1612457.221075
20454 0 1577138.945925
20819.249963 0 1577138.945925
20819.25 0 1543052.703625
21184.499963 0 1543052.703625
21184.5 0 1510335.386725
21549.749963 0 1510335.386725
21549.75 0 1478713.210125
21914.999963 0 1478713.210125
21915 0 1448186.17385
22280.249963 0 1448186.17385
22280.25 0 1418617.38535
22645.499963 0 1418617.38535
22645.5 0 1390006.844625
23010.749963 0 1390006.844625
23010.75 0 1362286.1054
23375.999963 0 1362286.1054
23376 0 1335249.828875
23741.249963 0 1335249.828875
23741.25 0 1308966.461325
24106.499963 0 1308966.461325
24106.5 0 1283367.556475
24471.749963 0 1283367.556475
24471.75 0 1258316.221775
24836.999963 0 1258316.221775
24837 0 1233880.9035
25202.249963 0 1233880.9035
25202.25 0 1209856.262825
25567.499963 0 1209856.262825
25567.5 0 1186379.192325
25932.749963 0 1186379.192325
25932.75 0 1163312.79945
26297.999963 0 1163312.79945
26298 0 1140657.0842
26663.249963 0 1140657.0842
26663.25 0 1118480.492825
27028.499963 0 1118480.492825
27028.5 0 1096509.24025
27393.749963 0 1096509.24025
27393.75 0 1075085.557825
27758.999963 0 1075085.557825
27759 0 1053867.214225
28124.249963 0 1053867.214225
28124.25 0 1033127.994525
28489.499963 0 1033127.994525
28489.5 0 1012594.113625
28854.749963 0 1012594.113625
28854.75 0 992607.802875
29219.999963 0 992607.802875
29220 0 971516.911325
29585.249963 0 971516.911325
29585.25 0 952171.338175
29950.499963 0 952171.338175
29950.5 0 933167.559575
30315.749963 0 933167.559575
30315.75 0 914505.57555
30680.999963 0 914505.57555
30681 0 896253.74505
31046.249963 0 896253.74505
31046.25 0 878275.350175
31411.499963 0 878275.350175
31411.5 0 860638.7499
31776.749963 0 860638.7499
31776.75 0 843480.66205
32141.999963 0 843480.66205
32142 0 826664.36875
32507.249963 0 826664.36875
32507.25 0 810121.511125
32872.499963 0 810121.511125
32872.5 0 794057.165925
33237.749963 0 794057.165925
33237.75 0 778266.256375
33602.999963 0 778266.256375
33603 0 762817.1414
33968.249963 0 762817.1414
33968.25 0 747846.53885
34333.499963 0 747846.53885
34333.5 0 733149.37195
34698.749963 0 733149.37195
34698.75 0 718793.999625
35063.999963 0 718793.999625
35064 0 704780.4219
35429.249963 0 704780.4219
35794.499963 0 691176.99765
36524.999963 0 664858.81505
37255.5 0 627808.2827
37986 0 604702.96915
39081.749963 0 582759.757175
39812.249963 0 561978.646775
41273.249963 0 523560.9361
42734.25 0 481041.690475
44195.25 0 450963.767525
46021.5 0 417604.616625
47117.249963 0 405436.7296
47847.75 0 388415.359575
48943.499963 0 377751.3687
49674 0 362849.12505
50769.749963 0 353483.9536
51500.25 0 340222.323925
52961.249963 0 328122.795825
54057 0 313083.83435
56613.749963 0 293259.748775
59170.499963 0 273367.304275
61362 0 256414.29315
64284 0 240008.15337
67206 0 226199.65238
70128 0 214373.559945
73050 0 204188.0814925
77067.749963 0 193524.0906275
80720.25 0 183612.0478375
84737.999963 0 176024.2081825
88390.5 0 168778.1631075
92408.25 0 162625.860685
96426 0 157088.7885075
100443.75 0 152030.2287375
104461.49996 0 147860.3348725
108479.24996 0 143622.082095
112496.99996 0 139520.547145
120167.25 0 132001.0664075
124185 0 128378.04387
128202.75 0 124823.38025
132220.5 0 121405.43446
136238.24996 0 118260.9243325
140255.99996 0 114979.696375
144273.74996 0 111698.468415
151944 0 105136.0125
159614.25 0 99188.786825
167284.5 0 93241.56115
171302.24996 0 90438.8456025
174954.75 0 87499.4122225
178972.49996 0 84765.05559
182625 0 81825.6222125
186642.74996 0 79159.624495
190295.25 0 76288.5500325
194312.99996 0 73622.552315
197965.5 0 70888.1956825
201983.24996 0 68290.5568825
205635.75 0 65556.2002525
209653.49996 0 63026.9203675
213306 0 60360.92265
217323.74996 0 57968.3605975
220976.25 0 55302.3628825
224993.99996 0 53046.51866
228646.5 0 50448.87986
232664.24996 0 48193.0356375
236316.75 0 45732.11467
240334.49996 0 43544.629365
243987 0 41220.4262275
251657.25 0 36845.455615
259327.5 0 32812.2795825
274668 0 25292.798845
328359.74996 0 8066.35206425
381686.25 0 1640.613979175
384242.99996 0 1642.710472275
