0 0 4911696.7335
365.25 0 4576716.5735
4748.2499635 0 4301627.84625
6939.7499635 0 3960970.6635
8765.999963 0 3620793.183
12418.5 0 2981281.44875
16436.25 0 2543587.33775
20454 0 2218246.1494
25567.5 0 1937106.53535
30680.999963 0 1717060.223925
35794.499963 0 1514694.3698
40542.75 0 1341933.002275
46386.75 0 1179039.796975
52230.749963 0 1057538.0498
58074.749963 0 955509.9247
63553.5 0 878986.9952
68667 0 827926.078025
73780.499963 0 790965.0924
78893.999963 0 760164.27105
80354.999963 0 752840.5202
81085.499963 0 749418.2067
81450.749963 0 747707.049975
82546.5 0 741273.100625
83642.25 0 736892.53935
88755.75 0 719370.294325
93869.249963 0 707255.304575
103731 0 690759.7536
115053.75 0 682409.3087
126376.49996 0 679603.011625
132220.49996 0 679397.672825
135142.49996 0 679466.1191
137699.24996 0 679671.4579
140621.24996 0 680013.68925
143178 0 680424.366875
146099.99996 0 680835.0445
148656.75 0 681314.168375
159979.5 0 683709.787825
171302.24996 0 686516.084875
193582.49996 0 692950.034225
238508.24996 0 706365.503075
283068.74996 0 698151.950725
307905.74996 0 671056.650775
332377.5 0 628602.04635
381686.25 0 509455.25325
384242.99996 0 509240.2464
