0 0 1.1366971262000002e-19
261518.99996 0 7.87145702625e-09
300600.74996 0 1.159970078775e-07
314845.49996 0 4.0012284675e-07
320689.49996 0 6.7121078325e-07
324707.24996 0 9.58127875375e-07
332377.49996 0 1.884747543525e-06
335664.74996 0 2.513492523e-06
338586.74996 0 3.24190659975e-06
338586.75 0 3.34636538125e-06
338951.99996 0 3.34636538125e-06
338952 0 3.4540991605e-06
339317.24996 0 3.4540991605e-06
339317.25 0 3.56524439575e-06
339682.49996 0 3.56524439575e-06
339682.5 0 3.679801087e-06
340047.74996 0 3.679801087e-06
340047.75 0 3.7979739215e-06
340412.99996 0 3.7979739215e-06
340413 0 3.9198993575e-06
340778.24996 0 3.9198993575e-06
340778.25 0 4.045509166e-06
341143.49996 0 4.045509166e-06
341143.5 0 4.1752127215e-06
341508.74996 0 4.1752127215e-06
341508.75 0 4.308873566e-06
341873.99996 0 4.308873566e-06
341874 0 4.44662815775e-06
342239.24996 0 4.44662815775e-06
342239.25 0 4.58874941325e-06
342604.49996 0 4.58874941325e-06
342604.5 0 4.73530556125e-06
342969.74996 0 4.73530556125e-06
342969.75 0 4.88636483125e-06
343334.99996 0 4.88636483125e-06
343335 0 5.04213191025e-06
343700.24996 0 5.04213191025e-06
343700.25 0 5.202675028e-06
344065.49996 0 5.202675028e-06
344065.5 0 5.36826710025e-06
344430.74996 0 5.36826710025e-06
344430.75 0 5.5389081275e-06
344795.99996 0 5.5389081275e-06
344796 0 5.71480279675e-06
345161.24996 0 5.71480279675e-06
345161.25 0 5.89615579575e-06
345526.49996 0 5.89615579575e-06
345526.5 0 6.08303535325e-06
345891.74996 0 6.08303535325e-06
345891.75 0 6.27571438575e-06
346256.99996 0 6.27571438575e-06
346257 0 6.474329352e-06
346622.24996 0 6.474329352e-06
346622.25 0 6.6789484805e-06
346987.49996 0 6.6789484805e-06
346987.5 0 6.889912917e-06
347352.74996 0 6.889912917e-06
347352.75 0 7.10722266175e-06
347717.99996 0 7.10722266175e-06
347718 0 7.3313553185e-06
348083.24996 0 7.3313553185e-06
348083.25 0 7.56210619975e-06
348448.49996 0 7.56210619975e-06
348448.5 0 7.80002113825e-06
348813.74996 0 7.80002113825e-06
348813.75 0 8.04516836375e-06
349178.99996 0 8.04516836375e-06
349179 0 8.297752563e-06
349544.24996 0 8.297752563e-06
349544.25 0 8.55797842375e-06
349909.49996 0 8.55797842375e-06
349909.5 0 8.82605063325e-06
350274.74996 0 8.82605063325e-06
350274.75 0 9.102310337e-06
350639.99996 0 9.102310337e-06
350640 0 9.38696222225e-06
351005.24996 0 9.38696222225e-06
351005.25 0 9.6800745185e-06
351370.49996 0 9.6800745185e-06
351370.5 0 9.98212482925e-06
351735.74996 0 9.98212482925e-06
351735.75 0 1.029318138375e-05
352100.99996 0 1.029318138375e-05
352101 0 1.0613721786e-05
352466.24996 0 1.0613721786e-05
352466.25 0 1.09437460355e-05
352831.49996 0 1.09437460355e-05
352831.5 0 1.128379996575e-05
353196.74996 0 1.128379996575e-05
353196.75 0 1.16338835765e-05
353561.99996 0 1.16338835765e-05
353562 0 1.199461092975e-05
353927.24996 0 1.199461092975e-05
353927.25 0 1.236598202575e-05
354292.49996 0 1.236598202575e-05
354292.5 0 1.2748474468e-05
354657.74996 0 1.2748474468e-05
354657.75 0 1.314236117325e-05
355022.99996 0 1.314236117325e-05
355023 0 1.3547983287e-05
355388.24996 0 1.3547983287e-05
355388.25 0 1.396561372575e-05
355753.49996 0 1.396561372575e-05
355753.5 0 1.439566186425e-05
356118.74996 0 1.439566186425e-05
356118.75 0 1.483840061875e-05
356483.99996 0 1.483840061875e-05
356484 0 1.52943075935e-05
356849.24996 0 1.52943075935e-05
356849.25 0 1.57636557045e-05
357214.49996 0 1.57636557045e-05
357214.5 0 1.624678609775e-05
357579.74996 0 1.624678609775e-05
357579.75 0 1.6744244606e-05
357944.99996 0 1.6744244606e-05
357945 0 1.725630414575e-05
358310.24996 0 1.725630414575e-05
358310.25 0 1.7783442321e-05
358675.49996 0 1.7783442321e-05
358675.5 0 1.832593204775e-05
359040.74996 0 1.832593204775e-05
359040.75 0 1.88843873885e-05
359405.99996 0 1.88843873885e-05
359406 0 1.9459149489e-05
359771.24996 0 1.9459149489e-05
359771.25 0 2.005076418175e-05
360136.49996 0 2.005076418175e-05
360136.5 0 2.065950438325e-05
360501.74996 0 2.065950438325e-05
360501.75 0 2.1285915927e-05
360866.99996 0 2.1285915927e-05
360867 0 2.1930885791e-05
361232.24996 0 2.1930885791e-05
361232.25 0 2.2594755121e-05
361597.49996 0 2.2594755121e-05
361597.5 0 2.327704631325e-05
361962.74996 0 2.327704631325e-05
361962.75 0 2.3979806241e-05
362327.99996 0 2.3979806241e-05
362328 0 2.470235261375e-05
362693.24996 0 2.470235261375e-05
362693.25 0 2.54460500125e-05
363058.49996 0 2.54460500125e-05
363058.5 0 2.621089844e-05
363423.74996 0 2.621089844e-05
363423.75 0 2.69989447675e-05
363788.99996 0 2.69989447675e-05
363789 0 2.780814212e-05
364154.24996 0 2.780814212e-05
364154.25 0 2.8641219665e-05
364519.49996 0 2.8641219665e-05
364519.5 0 2.94981774025e-05
364884.74996 0 2.94981774025e-05
364884.75 0 3.03790153325e-05
365249.99996 0 3.03790153325e-05
365250 0 3.12864626175e-05
365615.24996 0 3.12864626175e-05
365615.25 0 3.22184723875e-05
365980.49996 0 3.22184723875e-05
365980.5 0 3.31777738025e-05
366345.74996 0 3.31777738025e-05
366345.75 0 3.4163684575e-05
366710.99996 0 3.4163684575e-05
366711 0 3.51782515775e-05
367076.24996 0 3.51782515775e-05
367076.25 0 3.62214748125e-05
367441.49996 0 3.62214748125e-05
367441.5 0 3.7294036565e-05
367806.74996 0 3.7294036565e-05
367806.75 0 3.83966191325e-05
368171.99996 0 3.83966191325e-05
368172 0 3.9531269385e-05
368537.24996 0 3.9531269385e-05
368537.25 0 4.06973050325e-05
368902.49996 0 4.06973050325e-05
368902.5 0 4.1895408365e-05
369267.74996 0 4.1895408365e-05
369267.75 0 4.31289908425e-05
369632.99996 0 4.31289908425e-05
369633 0 4.4395323295e-05
369998.24996 0 4.4395323295e-05
369998.25 0 4.569849947e-05
370363.49996 0 4.569849947e-05
370363.5 0 4.703715479e-05
370728.74996 0 4.703715479e-05
370728.75 0 4.8414018415e-05
371093.99996 0 4.8414018415e-05
371094 0 4.98284080575e-05
371459.24996 0 4.98284080575e-05
371459.25 0 5.128305288e-05
371824.49996 0 5.128305288e-05
371824.5 0 5.277727059e-05
372189.74996 0 5.277727059e-05
372189.75 0 5.4313790355e-05
372554.99996 0 5.4313790355e-05
372555 0 5.5892612175e-05
372920.24996 0 5.5892612175e-05
372920.25 0 5.751510063e-05
373285.49996 0 5.769815195e-05
373285.5 0 5.937029432e-05
373650.74996 0 5.937029432e-05
373650.75 0 6.108898015e-05
374015.99996 0 6.108898015e-05
374016 0 6.28548939075e-05
374381.24996 0 6.28548939075e-05
374381.25 0 6.46694045175e-05
374746.49996 0 6.46694045175e-05
374746.5 0 6.65338809025e-05
375111.74996 0 6.65338809025e-05
375111.75 0 6.844900753e-05
375476.99996 0 6.844900753e-05
375477 0 7.0417522245e-05
375842.24996 0 7.0417522245e-05
375842.25 0 7.2438056125e-05
376207.49996 0 7.2438056125e-05
376207.5 0 7.451540041e-05
376572.74996 0 7.451540041e-05
376572.75 0 7.66488706375e-05
376937.99996 0 7.66488706375e-05
376938 0 7.883983573e-05
377303.24996 0 7.883983573e-05
377303.25 0 8.1090349075e-05
377668.49996 0 8.1090349075e-05
377668.5 0 8.34017796025e-05
378033.74996 0 8.34017796025e-05
378033.75 0 8.57761806975e-05
378398.99996 0 8.57761806975e-05
378399 0 8.82149212875e-05
378764.24996 0 8.82149212875e-05
378764.25 0 9.07186858325e-05
379129.49996 0 9.07186858325e-05
379129.5 0 9.32902121825e-05
379494.74996 0 9.32902121825e-05
379494.75 0 9.59308692675e-05
379859.99996 0 9.59308692675e-05
379860 0 9.86427104725e-05
380225.24996 0 9.86427104725e-05
380225.25 0 0.0001014257357975
380590.49996 0 0.0001014257357975
380590.5 0 0.000104285420945
380955.74996 0 0.000104285420945
380955.75 0 0.000107219712525
381320.99996 0 0.000107219712525
381321 0 0.0001102327173175
381686.24996 0 0.0001102327173175
381686.25 0 0.0001133264887075
384242.99996 0 0.0001133264887075
