0 0 4672892.12975
8035.499963 0 4660260.22875
10226.999963 0 4622997.9465
10227 0 4606981.5195
10592.249963 0 4606981.5195
10592.25 0 4587542.779
10957.499963 0 4587542.779
10957.5 0 4564065.7085
11322.749963 0 4564065.7085
11322.75 0 4534017.796
11687.999963 0 4534017.796
11688 0 4490691.30725
12053.249963 0 4490691.30725
12053.25 0 4423134.83925
12418.499963 0 4423134.83925
12418.5 0 4320670.7735
12783.749963 0 4320670.7735
12783.75 0 4180013.68925
13148.999963 0 4180013.68925
13149 0 4006091.718
13514.249963 0 4006091.718
13514.25 0 3808761.1225
13879.499963 0 3808761.1225
13879.5 0 3599041.75225
14244.749963 0 3599041.75225
14244.75 0 3386584.53125
14609.999963 0 3386584.53125
14610 0 3177960.30125
14975.249963 0 3177960.30125
14975.25 0 2977891.855
15340.499963 0 2977891.855
15340.5 0 2788980.1505
15705.749963 0 2788980.1505
15705.75 0 2612388.77475
16070.999963 0 2612388.77475
16071 0 2448459.958925
16436.249963 0 2448459.958925
16436.25 0 2296988.364125
16801.499963 0 2296988.364125
16801.5 0 2145397.829925
17166.749963 0 2145397.829925
17166.75 0 2006641.9797
17531.999963 0 2006641.9797
17532 0 1910930.758475
17897.249963 0 1910930.758475
17897.25 0 1783093.7714
18262.499963 0 1783093.7714
18262.5 0 1667389.8421
18627.749963 0 1667389.8421
18627.75 0 1585697.59085
18992.999963 0 1585697.59085
18993 0 1495970.217275
19358.249963 0 1495970.217275
19358.25 0 1431366.71665
19723.499963 0 1431366.71665
19723.5 0 1349486.652975
20088.749963 0 1349486.652975
20088.75 0 1285010.26695
20453.999963 0 1285010.26695
20454 0 1225119.780975
20819.249963 0 1225119.780975
20819.25 0 1169336.071175
21184.499963 0 1169336.071175
21184.5 0 1117248.45995
21549.749963 0 1117248.45995
21549.75 0 1068651.608475
21914.999963 0 1068651.608475
21915 0 1023203.285425
22280.249963 0 1023203.285425
22280.25 0 980561.2594
22645.499963 0 980561.2594
22645.5 0 940657.0842
23010.749963 0 940657.0842
23010.75 0 903148.5284
23375.999963 0 903148.5284
23376 0 867830.25325
23741.249963 0 867830.25325
23741.25 0 834565.3662
24106.499963 0 834565.3662
24106.5 0 803216.974675
24471.749963 0 803216.974675
24471.75 0 773511.293625
24836.999963 0 773511.293625
24837 0 745516.769325
25202.249963 0 745516.769325
25202.25 0 718959.6167
25567.499963 0 718959.6167
25567.5 0 693771.38945
25932.749963 0 693771.38945
25932.75 0 669815.195075
26297.999963 0 669815.195075
26298 0 647091.03355
26663.249963 0 647091.03355
26663.25 0 625393.56605
27028.499963 0 625393.56605
27028.5 0 604722.7926
27393.749963 0 604722.7926
27393.75 0 585010.26695
27758.999963 0 585010.26695
27759 0 566187.542775
28124.249963 0 566187.542775
28124.25 0 548117.727575
28489.499963 0 548117.727575
28489.5 0 530869.267625
28854.749963 0 530869.267625
28854.75 0 514305.270375
29219.999963 0 514305.270375
29220 0 498494.182075
29585.249963 0 498494.182075
29585.25 0 483162.21765
31411.5 0 415400.410675
32872.5 0 369678.302525
33603 0 349281.314175
33968.25 0 339630.39015
34333.5 0 330253.2512
36524.999963 0 288295.687875
38351.249963 0 253182.75155
42003.75 0 194182.0670775
46021.499963 0 156262.833675
49674 0 126009.5824775
55152.75 0 97330.5954825
60631.5 0 77754.962355
81085.499963 0 41136.2080775
101174.25 0 24435.31827525
141351.75 0 8692.67624925
181529.25 0 2532.511978
280146.75 0 0.0
366710.99996 0 68.4462696775
366711 0 0.0
384242.99996 0 0.0
