0 0 1257738.968875
3652.4999635 0 1009019.46835
8766 0 621138.69045
13514.25 0 421101.444975
21549.75 0 271999.355225
28854.749963 0 212690.45166
29585.249963 0 207924.0677575
29950.499963 0 205619.74403
30315.75 0 201155.11681
30680.999963 0 201155.11681
32507.249963 0 190799.37625
35794.5 0 173050.5970625
40177.5 0 156063.06768
44560.5 0 142799.490035
53326.499963 0 125078.143275
62092.499963 0 114228.6190575
70493.25 0 108824.4312675
76702.5 0 107548.82349
82911.749963 0 107980.88419
86198.999963 0 108906.728545
89120.999963 0 110072.60662
92042.999963 0 111581.3900125
94964.999963 0 113433.0787225
98252.24996 0 115901.9970025
101174.24996 0 118439.496345
104096.24996 0 121457.06313
107018.24996 0 124748.95417
110305.49996 0 128932.3990325
113227.49996 0 133115.843895
116149.49996 0 137642.1940725
119071.49996 0 142648.611695
123454.49996 0 151015.50142
127837.49996 0 160479.6881575
132220.49996 0 171109.75297
136603.49996 0 183111.43905
140986.49996 0 196553.32746
145369.49996 0 211435.4182
149752.49996 0 228032.0355225
154135.49996 0 246411.76049
158153.24996 0 264997.22865
161805.74996 0 283376.953625
165823.49996 0 305391.47495
169475.99996 0 327131.672025
173493.74996 0 353055.31395
177146.24996 0 378567.4695
181163.99996 0 408811.718425
184816.49996 0 438370.1567
188834.24996 0 473415.080075
192486.74996 0 507568.4496
196504.49996 0 547894.114825
200156.99996 0 587053.901975
204174.74996 0 633003.2144
207827.24996 0 677375.162375
215497.49996 0 779355.2035
223167.74996 0 893542.673925
230472.74996 0 1014039.602175
237777.74996 0 1146126.730125
245082.74996 0 1289941.2199
253118.24996 0 1461531.0403
260788.49996 0 1637852.9541
268458.74996 0 1825833.648625
276128.99996 0 2024032.921625
282338.24996 0 2191302.13505
288547.49996 0 2363440.603975
294756.74996 0 2539488.1935
300600.74996 0 2707511.7985
312654 0 3066602.24625
324707.25 0 3401095.14025
344430.75 0 3905544.14775
363789 0 4283367.5565
381686.25 0 4480492.81325
384242.99996 0 4480492.81325
