0 0 640693.91535
730.4999635 0 643363.7417
2191.4999635 0 649354.9188
2191.5 0 651307.458125
2556.7499635 0 651307.458125
2556.75 0 653422.70905
2921.9999635 0 653422.70905
2922 0 655714.2309
3287.2499635 0 655714.2309
3287.25 0 658161.6847
3652.4999635 0 658161.6847
3652.5 0 660771.850125
4017.7499635 0 660771.850125
4017.75 0 663544.72715
4382.9999635 0 663544.72715
4383 0 666466.7565
4748.2499635 0 666466.7565
4748.25 0 669558.2771
5113.4999635 0 669558.2771
5113.5 0 672785.3907
5478.7499635 0 679233.401775
5478.75 0 682655.715275
5843.9999635 0 682655.715275
5844 0 686228.61055
6209.2499635 0 686228.61055
6209.25 0 689945.242975
6574.4999635 0 689945.242975
6574.5 0 693805.6126
6939.7499635 0 693805.6126
6939.75 0 697816.564
7304.9999635 0 697816.564
7305 0 701971.252575
7670.2499635 0 701971.252575
7670.25 0 706262.833675
8035.499963 0 706262.833675
8035.5 0 710698.15195
8400.749963 0 710698.15195
8400.75 0 715270.362775
8765.999963 0 715270.362775
8766 0 719972.6215
9131.249963 0 719972.6215
9131.25 0 724811.77275
9496.499963 0 724811.77275
9496.5 0 729774.1273
9861.749963 0 729774.1273
9861.75 0 734873.3744
10226.999963 0 734873.3744
10227 0 740082.135525
10592.249963 0 740082.135525
10592.25 0 745407.2553
10957.499963 0 745407.2553
10957.5 0 750835.0445
11322.749963 0 750835.0445
11322.75 0 756235.455175
11687.999963 0 756235.455175
11688 0 761204.65435
12053.249963 0 761204.65435
12053.25 0 764825.462
12418.5 0 765811.0883
13148.999963 0 763052.703625
13149 0 755961.6701
13514.249963 0 755961.6701
13514.25 0 744715.947975
13879.499963 0 744715.947975
13879.5 0 729952.0876
14244.749963 0 729952.0876
14244.75 0 712559.890475
14609.999963 0 712559.890475
14610 0 693449.692
14975.249963 0 693449.692
14975.25 0 673388.09035
15340.499963 0 673388.09035
15340.5 0 652984.25735
15705.749963 0 652984.25735
15705.75 0 632689.9384
16070.999963 0 632689.9384
16071 0 612813.141675
16436.249963 0 612813.141675
16436.25 0 593552.3614
16801.499963 0 593552.3614
16801.5 0 573419.106725
17166.749963 0 573419.106725
17166.75 0 554054.512825
17531.999963 0 554054.512825
17532 0 540356.6337
17897.249963 0 540356.6337
17897.25 0 521444.2163
18262.499963 0 521444.2163
18262.5 0 503652.708025
18627.749963 0 503652.708025
18627.75 0 490385.836925
18992.999963 0 490385.836925
18993 0 475742.763675
19358.249963 0 475742.763675
19358.25 0 464866.193075
19723.499963 0 464866.193075
19723.5 0 450574.948675
20088.749963 0 450574.948675
20088.75 0 438973.30595
20453.999963 0 438973.30595
20454 0 427850.787125
20819.249963 0 427850.787125
20819.25 0 417193.70295
21184.499963 0 417193.70295
21184.5 0 406954.141
21549.749963 0 406954.141
21549.75 0 397104.7228
21914.999963 0 397104.7228
21915 0 387611.2252
22280.249963 0 387611.2252
22280.25 0 378459.958925
22645.499963 0 378459.958925
22645.5 0 369609.856275
23010.749963 0 369609.856275
23010.75 0 361054.07255
23375.999963 0 361054.07255
23376 0 352744.695425
23741.249963 0 352744.695425
23741.25 0 344688.569475
24106.499963 0 344688.569475
24106.5 0 336865.16085
24471.749963 0 336865.16085
24471.75 0 329247.091025
24836.999963 0 329247.091025
24837 0 321827.5154
25202.249963 0 321827.5154
25202.25 0 314599.589325
25567.499963 0 314599.589325
25567.5 0 307549.62355
25932.749963 0 307549.62355
25932.75 0 300663.928825
26297.999963 0 300663.928825
26298 0 293942.505125
26663.249963 0 293942.505125
26663.25 0 287371.66325
27028.499963 0 287371.66325
27028.5 0 277107.59525
27393.749963 0 277107.59525
27393.75 0 270917.24555
27758.999963 0 270917.24555
27759 0 264875.41025
28124.249963 0 264875.41025
28124.25 0 258961.83735
28489.499963 0 258961.83735
28489.5 0 253196.77885
28854.749963 0 253196.77885
28854.75 0 247546.4814775
29219.999963 0 247546.4814775
29220 0 242044.6984825
29585.249963 0 242044.6984825
29585.25 0 236657.676605
29950.499963 0 236657.676605
29950.5 0 231419.169115
30315.749963 0 231419.169115
30315.75 0 226288.67209
30680.999963 0 226288.67209
30681 0 221299.9388
31046.249963 0 221299.9388
31046.25 0 216425.966625
31411.499963 0 216425.966625
31411.5 0 211680.2568775
31776.749963 0 211680.2568775
31776.75 0 207049.308245
32141.999963 0 207049.308245
32142 0 202553.372695
32507.249963 0 202553.372695
32507.25 0 198172.19826
32872.499963 0 198172.19826
32872.5 0 193899.03429
33237.749963 0 193899.03429
33237.75 0 189740.6314375
33602.999963 0 189740.6314375
33603 0 185710.4910125
33968.249963 0 185710.4910125
33968.25 0 181774.8597425
34333.499963 0 181774.8597425
34333.5 0 177960.7402425
34698.749963 0 177960.7402425
34698.75 0 174241.1298975
35063.999963 0 174241.1298975
35064 0 170622.779365
35429.249963 0 170622.779365
35429.25 0 167119.18995
35794.499963 0 167119.18995
35794.5 0 163710.1096875
36159.749963 0 163710.1096875
36159.75 0 160388.78793
36524.999963 0 160388.78793
36525 0 157168.72598
36890.249963 0 157168.72598
36890.25 0 154036.422535
37255.499963 0 154036.422535
37255.5 0 150998.6282425
37620.749963 0 150998.6282425
37620.75 0 148035.091145
37985.999963 0 148035.091145
37986 0 145159.31255
38351.249963 0 145159.31255
38351.25 0 142371.292455
38716.499963 0 142371.292455
38716.5 0 139650.7789
39081.749963 0 139650.7789
39081.75 0 137018.0238475
39446.999963 0 137018.0238475
39447 0 134446.0246825
39812.249963 0 134446.0246825
39812.25 0 131955.0333625
40177.499963 0 131955.0333625
40177.5 0 129531.548585
40542.749963 0 129531.548585
40542.75 0 127175.570345
40907.999963 0 127175.570345
40908 0 124880.34799
41273.249963 0 124880.34799
41273.25 0 122652.6321775
41638.499963 0 122652.6321775
41638.5 0 120485.67225
42003.749963 0 120485.67225
42003.75 0 118379.4682075
42368.999963 0 118379.4682075
42369 0 116320.5187425
42734.249963 0 116320.5187425
42734.25 0 114329.07582
43099.499963 0 114329.07582
43099.5 0 112378.1368175
43464.749963 0 112378.1368175
43464.75 0 110494.7043575
43829.999963 0 110494.7043575
43830 0 108651.77582
44195.249963 0 108651.77582
44195.25 0 106856.1018625
44560.499963 0 106856.1018625
44560.5 0 105114.433135
44925.749963 0 105114.433135
44925.75 0 103413.2683325
45290.999963 0 103413.2683325
45291 0 101759.3581075
45656.249963 0 101759.3581075
45656.25 0 100145.951805
46021.499963 0 100145.951805
46021.5 0 98573.0494275
46386.75 0 97047.4016275
50769.75 0 81385.8843925
55883.25 0 67999.3375475
61362 0 57542.5745325
74876.25 0 41415.2621725
94234.5 0 28778.03792
126011.25 0 16221.821516
161805.75 0 7412.218071
229742.25 0 985.5954812
381686.25 0 6.75065398075
384242.99996 0 6.84462696775
