0 0 333.317415775
365.2499635 0 734.483358425
3287.2499635 0 1693.808253925
10957.5 0 5677.1871595
13149 0 6287.43748125
14975.25 0 6471.81056125
18992.999963 0 6023.4561665
28124.25 0 3032.86030125
35794.5 0 1541.358179325
45656.25 0 740.04387405
60996.75 0 363.191991775
159614.25 0 53.4720739225
216958.49996 0 272.831553725
247639.49996 0 1237.57878165
260057.99996 0 2133.4029432
271015.49996 0 3325.12060225
284529.74996 0 5486.6535935
297678.74996 0 8507.8718685
310097.24996 0 12340.863039
321785.24996 0 16889.80232725
332742.74996 0 21978.09835725
332742.75 0 22160.84989725
333107.99996 0 22160.84989725
333108 0 22344.2859
333473.24996 0 22344.2859
333473.25 0 22528.4063655
333838.49996 0 22528.4063655
333838.5 0 22713.89575625
334203.74996 0 22713.89575625
334203.75 0 22898.700753
334568.99996 0 22898.700753
334569 0 23086.2434635
334934.24996 0 23086.2434635
334934.25 0 23273.101848
335299.49996 0 23273.101848
335299.5 0 23460.644627
335664.74996 0 23460.644627
335664.75 0 23650.2408625
336029.99996 0 23650.2408625
336030 0 23839.836961
336395.24996 0 23839.836961
336395.25 0 24029.4331965
336760.49996 0 24029.4331965
336760.5 0 24221.0827515
337125.74996 0 24221.0827515
337125.75 0 24412.73230675
337490.99996 0 24412.73230675
337491 0 24605.7508555
337856.24996 0 24605.7508555
337856.25 0 24798.769336
338221.49996 0 24798.769336
338221.5 0 24992.47221075
338586.74996 0 24992.47221075
338586.75 0 25187.5442175
338951.99996 0 25187.5442175
338952 0 25383.30048
339317.24996 0 25383.30048
339317.25 0 25579.05688
339682.49996 0 25579.05688
339682.5 0 25776.1820675
340047.74996 0 25776.1820675
340047.75 0 25973.3073925
340412.99996 0 25973.3073925
340413 0 26171.8016425
340778.24996 0 26171.8016425
340778.25 0 26370.98022
341143.49996 0 26370.98022
341143.5 0 26570.1589325
341508.74996 0 26570.1589325
341508.75 0 26770.7065025
341873.99996 0 26770.7065025
341874 0 26971.25414
342239.24996 0 26971.25414
342239.25 0 27173.1705675
342604.49996 0 27173.1705675
342604.5 0 27375.771595
342969.74996 0 27375.771595
342969.75 0 27577.68809
343334.99996 0 27577.68809
343335 0 27781.657975
343700.24996 0 27781.657975
343700.25 0 27986.31239
344065.49996 0 27986.31239
344065.5 0 28190.2822725
344430.74996 0 28190.2822725
344430.75 0 28395.6210825
344795.99996 0 28395.6210825
344796 0 28602.328885
345526.49996 0 28808.3520875
345526.5 0 29015.05989
345891.74996 0 29015.05989
345891.75 0 29223.13662
346256.99996 0 29223.13662
346257 0 29431.21321
346622.24996 0 29431.21321
346622.25 0 29640.658865
346987.49996 0 29640.658865
346987.5 0 29849.4199875
347352.74996 0 29849.4199875
347352.75 0 30059.5501025
347717.99996 0 30059.5501025
347718 0 30269.6800825
348083.24996 0 30269.6800825
348083.25 0 30480.49466
348448.49996 0 30480.49466
348448.5 0 30692.678165
348813.74996 0 30692.678165
348813.75 0 30904.17707
349178.99996 0 30904.17707
349179 0 31117.0450375
349544.24996 0 31117.0450375
349544.25 0 31329.2285425
349909.49996 0 31329.2285425
349909.5 0 31177.38851
350274.74996 0 31177.38851
350274.75 0 31388.4625625
350639.99996 0 31388.4625625
350640 0 31600.8895875
351005.24996 0 31600.8895875
351005.25 0 31812.64016
351370.49996 0 31812.64016
351370.5 0 32025.067185
351735.74996 0 32025.067185
351735.75 0 32238.847245
352100.99996 0 32238.847245
352101 0 32452.627375
352466.24996 0 32452.627375
352466.25 0 32666.40737
352831.49996 0 32666.40737
352831.5 0 32880.8640875
353196.74996 0 32880.8640875
353196.75 0 33095.3206025
353561.99996 0 33095.3206025
353562 0 33311.13029
353927.24996 0 33311.13029
353927.25 0 33526.26339
354292.49996 0 33526.26339
354292.5 0 33742.749595
354657.74996 0 33742.749595
354657.75 0 33958.559215
355022.99996 0 33958.559215
355023 0 34175.045355
355388.24996 0 34175.045355
355388.25 0 34391.5315625
355753.49996 0 34391.5315625
355753.5 0 34609.37074
356118.74996 0 34609.37074
356118.75 0 34827.2099175
356483.99996 0 34827.2099175
356484 0 35044.3726425
356849.24996 0 35044.3726425
356849.25 0 35262.88834
357214.49996 0 35262.88834
357214.5 0 35481.4041025
357944.99996 0 35699.9198
357945 0 35918.4354975
358310.24996 0 35918.4354975
358310.25 0 36137.62778
358675.49996 0 36137.62778
358675.5 0 36357.496515
359040.74996 0 36357.496515
359040.75 0 36576.68873
359405.99996 0 36576.68873
359406 0 36796.5575325
359771.24996 0 36796.5575325
359771.25 0 37016.4262675
360136.49996 0 37016.4262675
360136.5 0 37236.29507
360501.74996 0 37236.29507
360501.75 0 37456.840325
360866.99996 0 37456.840325
360867 0 37678.0620975
361597.49996 0 37897.9309
361597.5 0 38118.476155
361962.74996 0 38118.476155
361962.75 0 38339.697995
362327.99996 0 38339.697995
362328 0 38560.91977
362693.24996 0 38560.91977
362693.25 0 38781.4650225
363058.49996 0 38781.4650225
363058.5 0 39002.686865
363423.74996 0 39002.686865
363423.75 0 39223.908705
363788.99996 0 39223.908705
363789 0 39445.80693
364154.24996 0 39445.80693
364154.25 0 39666.35232
364519.49996 0 39666.35232
364519.5 0 39888.250545
364884.74996 0 39888.250545
364884.75 0 40109.472385
365249.99996 0 40109.472385
365250 0 40330.694225
365615.24996 0 40330.694225
365615.25 0 40552.5925175
365980.49996 0 40552.5925175
365980.5 0 40773.1377725
366345.74996 0 40773.1377725
366345.75 0 40995.0361325
366710.99996 0 40995.0361325
366711 0 41216.2579075
367076.24996 0 41216.2579075
367076.25 0 41437.4797475
367441.49996 0 41437.4797475
367441.5 0 41658.70152
367806.74996 0 41658.70152
367806.75 0 41879.9233625
368171.99996 0 41879.9233625
368172 0 42100.468615
368537.24996 0 42100.468615
368537.25 0 42321.6904575
368902.49996 0 42321.6904575
368902.5 0 42542.91223
369267.74996 0 42542.91223
369267.75 0 42762.780965
369632.99996 0 42762.780965
369633 0 42983.3262875
369998.24996 0 42983.3262875
369998.25 0 43203.8716075
370363.49996 0 43203.8716075
370363.5 0 43424.4168625
370728.74996 0 43424.4168625
370728.75 0 43643.6090775
371093.99996 0 43643.6090775
371094 0 43863.47788
371459.24996 0 43863.47788
371459.25 0 44083.3466825
371824.49996 0 44083.3466825
371824.5 0 44302.5389
372189.74996 0 44302.5389
372189.75 0 44521.731115
372554.99996 0 44521.731115
372555 0 44740.24688
372920.24996 0 44740.24688
372920.25 0 44958.7626425
373285.49996 0 44958.7626425
373285.5 0 45177.27834
373650.74996 0 45177.27834
373650.75 0 45395.1175175
374015.99996 0 45395.1175175
374016 0 45612.9567625
374381.24996 0 45612.9567625
374381.25 0 45830.1194875
375111.74996 0 46046.6056275
375111.75 0 46263.768285
375842.24996 0 46479.57804
375842.25 0 46696.0641125
376207.49996 0 46696.0641125
376207.5 0 46911.19728
376572.74996 0 46911.19728
376572.75 0 47125.65393
376937.99996 0 47125.65393
376938 0 47340.78703
377303.24996 0 47340.78703
377303.25 0 47555.24368
377668.49996 0 47555.24368
377668.5 0 47768.3472225
378033.74996 0 47768.3472225
378033.75 0 47980.097795
378398.99996 0 47980.097795
378399 0 48195.2309625
379129.49996 0 48404.95191
379129.5 0 48621.43805
379494.74996 0 48621.43805
379494.75 0 48831.159065
379859.99996 0 48831.159065
379860 0 49040.88008
380225.24996 0 49040.88008
380225.25 0 49250.6010275
380590.49996 0 49250.6010275
380590.5 0 49460.3220425
380955.74996 0 49460.3220425
380955.75 0 49670.0429875
381320.99996 0 49670.0429875
381321 0 49872.9988125
381686.24996 0 49872.9988125
381686.25 0 50089.4850175
384242.99996 0 50677.622725
