0 0 19.090041575
8765.999963 0 408.6926104
12418.499963 0 884.971177175
15705.749963 0 1664.032941625
17166.749963 0 2181.0809539
18627.749963 0 2864.42752025
21184.499963 0 4178.5275035
23375.999963 0 5782.3586025
25567.499963 0 7384.80930875
29585.25 0 10203.96988375
32507.249963 0 11158.79534575
33968.249963 0 11423.54551675
34698.749963 0 11484.05201925
35063.999963 0 11497.741273
35064 0 11501.09514025
35429.249963 0 11501.09514025
35429.25 0 11494.661191
35794.499963 0 11494.661191
36159.749963 0 11479.0554415
36890.249963 0 11422.7241615
37620.75 0 11284.6680355
37985.999963 0 11284.6680355
37986 0 11226.83093775
38351.249963 0 11226.83093775
38351.25 0 11164.13415475
39446.999963 0 11026.42026
40177.499963 0 10875.906913
41638.5 0 10469.33607125
42734.249963 0 10303.1485285
43464.749963 0 10138.809035
44925.75 0 9748.80219025
46751.999963 0 9468.1724845
48213 0 9167.69336075
50039.25 0 8924.70910325
51865.499963 0 8768.6516085
55152.75 0 8505.817933
71223.75 0 8324.43531825
87294.75 0 8220.39698825
95330.25 0 8056.81040375
103365.75 0 7833.67556475
111401.25 0 7486.018747
119436.74996 0 7196.7400135
126741.74996 0 6891.87952175
134046.74996 0 6561.9527225
141351.74996 0 6206.95961625
148656.74996 0 5828.2551385
155961.74996 0 5427.19422475
163266.74996 0 5009.8740845
170571.74996 0 4581.0369925
177511.5 0 4149.4900295
184816.5 0 3719.298002
192121.5 0 3301.300394
199426.5 0 2900.23948025
206731.49996 0 2541.1815675
221341.49996 0 1869.811017375
235586.25 0 1327.836809425
262614.75 0 653.07892055
289643.25 0 300.7956854
381686.25 0 33.195920235
384242.99996 0 33.5386721425
