0 0 0.0
35429.25 0 6.84462696775e-23
36159.749963 0 0.0
181163.99996 0 6.7585215605e-07
211844.99996 0 3.05701574275e-05
242525.99996 0 0.000551615331975
249830.99996 0 0.000980616016425
256770.74996 0 0.001634312115
260423.24996 0 0.00211006160165
264075.74996 0 0.00270034223125
267728.24996 0 0.003426146475
271015.49996 0 0.0042145790555
276128.99996 0 0.005741615332
281242.49996 0 0.0077036960985
286355.99996 0 0.0101864476385
291469.49996 0 0.01328227241625
298043.99996 0 0.01832101300475
304253.24996 0 0.0243511293635
307540.49996 0 0.02810677618
310462.49996 0 0.031800821355
316306.49996 0 0.0402621492125
321785.24996 0 0.0495947980825
327263.99996 0 0.06038056126
338221.49996 0 0.08662422998
349178.99996 0 0.1194387405875
360136.49996 0 0.158973305955
371459.24996 0 0.206762491445
381686.25 0 0.257556468175
384242.99996 0 0.257556468175
