0 0 0.0
2191.5 0 6.779243532249999e-23
20819.249963 0 5.818882335e-07
137699.24996 0 5913.195171
197234.99996 0 39117.59103
220610.99996 0 78795.147575
239969.24996 0 137110.2004375
257501.24996 0 221477.8861975
272841.74996 0 330786.4089
289277.99996 0 498206.607175
304618.49996 0 715684.7397
318863.24996 0 984074.991125
332012.24996 0 1299377.607825
344795.99996 0 1677184.849875
344796 0 1689116.318475
345161.24996 0 1689116.318475
345161.25 0 1701047.7871
345526.49996 0 1701047.7871
345526.5 0 1713114.840575
345891.74996 0 1713114.840575
345891.75 0 1725181.894075
346256.99996 0 1725181.894075
346257 0 1737384.532425
346622.24996 0 1737384.532425
346622.25 0 1749587.1708
346987.49996 0 1749587.1708
346987.5 0 1761857.601575
347352.74996 0 1761857.601575
347352.75 0 1774263.61725
347717.99996 0 1774263.61725
347718 0 1786601.840475
348083.24996 0 1786601.840475
348083.25 0 1799143.441
348448.49996 0 1799143.441
348448.5 0 1811617.2491
348813.74996 0 1811617.2491
348813.75 0 1824294.434525
349178.99996 0 1841889.11705
349179 0 1854688.569475
349544.24996 0 1854688.569475
349544.25 0 1867556.468175
349909.49996 0 1867556.468175
349909.5 0 1880492.81315
350274.74996 0 1880492.81315
350274.75 0 1893429.1581
350639.99996 0 1893429.1581
350640 0 1906570.8419
351005.24996 0 1906570.8419
351005.25 0 1919644.0794
351370.49996 0 1919644.0794
351370.5 0 1932854.20945
351735.74996 0 1932854.20945
351735.75 0 1946132.785775
352100.99996 0 1946132.785775
352101 0 1959479.80835
352466.24996 0 1959479.80835
352466.25 0 1972895.2772
352831.49996 0 1972895.2772
352831.5 0 1986310.746075
353196.74996 0 1986310.746075
353196.75 0 1999863.10745
353561.99996 0 1999863.10745
353562 0 2013483.915125
353927.24996 0 2013483.915125
353927.25 0 2027104.7228
354292.49996 0 2027104.7228
354292.5 0 2040862.423
354657.74996 0 2040862.423
354657.75 0 2054688.569475
355022.99996 0 2054688.569475
355023 0 2068583.162225
355388.24996 0 2068583.162225
355388.25 0 2082477.75495
355753.49996 0 2082477.75495
355753.5 0 2096509.24025
356118.74996 0 2096509.24025
356118.75 0 2110540.725525
356483.99996 0 2110540.725525
356484 0 2124777.549625
356849.24996 0 2124777.549625
356849.25 0 2138945.92745
357214.49996 0 2138945.92745
357214.5 0 2153182.75155
357579.74996 0 2153182.75155
357579.75 0 2167624.91445
358675.49996 0 2196440.793975
358675.5 0 2211088.2957
359040.74996 0 2211088.2957
359040.75 0 2225667.351125
359405.99996 0 2225667.351125
359406 0 2240383.2991
359771.24996 0 2240383.2991
359771.25 0 2255099.2471
360136.49996 0 2255099.2471
360136.5 0 2270020.533875
360501.74996 0 2270020.533875
360501.75 0 2284873.3744
360866.99996 0 2284873.3744
360867 0 2299863.10745
361232.24996 0 2299863.10745
361232.25 0 2314921.2868
361597.49996 0 2314921.2868
361597.5 0 2329979.466125
361962.74996 0 2329979.466125
361962.75 0 2345242.98425
362327.99996 0 2345242.98425
362328 0 2360438.056125
362693.24996 0 2360438.056125
362693.25 0 2375770.020525
363058.49996 0 2375770.020525
363058.5 0 2391238.877475
363423.74996 0 2391238.877475
363423.75 0 2406639.28815
363788.99996 0 2406639.28815
363789 0 2422176.591375
364154.24996 0 2422176.591375
364154.25 0 2437782.34085
364519.49996 0 2437782.34085
364519.5 0 2453456.536625
364884.74996 0 2453456.536625
364884.75 0 2469267.624925
365249.99996 0 2469267.624925
365250 0 2485010.26695
365615.24996 0 2485010.26695
365615.25 0 2500958.24775
365980.49996 0 2500958.24775
365980.5 0 2516906.2285
366345.74996 0 2516906.2285
366345.75 0 2532922.65575
366710.99996 0 2532922.65575
366711 0 2549007.529
367076.24996 0 2549007.529
367076.25 0 2565229.295
367441.49996 0 2565229.295
367441.5 0 2581451.061
367806.74996 0 2581451.061
367806.75 0 2597741.273
368171.99996 0 2597741.273
368172 0 2614099.9315
368537.24996 0 2614099.9315
368537.25 0 2630663.92875
368902.49996 0 2630663.92875
368902.5 0 2647091.0335
369267.74996 0 2647091.0335
369267.75 0 2663723.477
369632.99996 0 2663723.477
369633 0 2680424.36675
369998.24996 0 2680424.36675
369998.25 0 2697193.703
370363.49996 0 2697193.703
370363.5 0 2713963.039
370728.74996 0 2713963.039
370728.75 0 2730800.82125
371093.99996 0 2730800.82125
371094 0 2747843.9425
371459.24996 0 2747843.9425
371459.25 0 2764818.6175
371824.49996 0 2764818.6175
371824.5 0 2781998.631
372189.74996 0 2781998.631
372189.75 0 2799110.1985
372554.99996 0 2799110.1985
372555 0 2816358.6585
372920.24996 0 2816358.6585
372920.25 0 2833675.56475
373285.49996 0 2833675.56475
373285.5 0 2851060.91725
373650.74996 0 2851060.91725
373650.75 0 2868514.716
374015.99996 0 2868514.716
374016 0 2886036.961
374381.24996 0 2886036.961
374381.25 0 2903696.0985
374746.49996 0 2903696.0985
374746.5 0 2921286.78975
375111.74996 0 2921286.78975
375111.75 0 2939082.82
375476.99996 0 2939082.82
375477 0 2956947.29625
375842.24996 0 2956947.29625
375842.25 0 2974743.3265
376207.49996 0 2974743.3265
376207.5 0 2992813.14175
376572.74996 0 2992813.14175
376572.75 0 3010746.06425
376937.99996 0 3010746.06425
376938 0 3028884.32575
377303.24996 0 3028884.32575
377303.25 0 3047091.0335
377668.49996 0 3047091.0335
377668.5 0 3065297.74125
378033.74996 0 3065297.74125
378033.75 0 3083709.78775
378398.99996 0 3083709.78775
378399 0 3101984.94175
378764.24996 0 3101984.94175
378764.25 0 3120533.881
379494.74996 0 3139014.37375
379494.75 0 3157700.20525
379859.99996 0 3157700.20525
379860 0 3176317.59075
380225.24996 0 3176317.59075
380225.25 0 3195071.8685
380590.49996 0 3195071.8685
380590.5 0 3213963.039
380955.74996 0 3213963.039
380955.75 0 3232785.76325
381320.99996 0 3232785.76325
381321 0 3251813.82625
381686.24996 0 3251813.82625
381686.25 0 3270773.44275
384242.99996 0 3270773.44275
