0 0 1.7426638528e-18
15705.749963 0 6.40383430675e-07
32507.249963 0 1.088508242125
49308.749963 0 65.44199204
59170.499963 0 177.2169308775
68666.999963 0 330.270748975
78528.749963 0 529.79720085
88025.249963 0 761.76664425
96791.249963 0 1016.0106869
105557.24996 0 1316.7554377
109940.24996 0 1487.46117385
114323.24996 0 1673.231194775
122723.99996 0 2076.33776065
130394.24996 0 2504.02650025
138064.49996 0 2994.23202175
145734.74996 0 3551.74750675
153039.74996 0 4147.67691775
160709.99996 0 4843.09908225
168014.99996 0 5571.18335525
175685.24996 0 6402.321031
182990.24996 0 7252.76838075
183720.74996 0 7341.784609
184085.99996 0 7384.92324275
185181.74996 0 7518.447585
187373.24996 0 7788.91997075
191756.24996 0 8342.19006625
200156.99996 0 9445.9912965
208922.99996 0 10645.656157
217323.74996 0 11845.3210175
226820.24996 0 13331.89202925
235951.49996 0 15001.973419
242526 0 16448.14475775
249100.5 0 17914.17356275
255675 0 19404.16827525
262249.5 0 20834.3600275
268458.74996 0 22019.84941825
274302.75 0 23147.8439425
281242.5 0 24221.081451
288182.25 0 25081.45106
295122 0 25725.5304575
302061.75 0 26158.1108825
310097.25 0 26406.5708425
320689.49996 0 26338.1245725
325802.99996 0 26146.4750175
330916.49996 0 25859.000685
335664.74996 0 25503.0800825
340047.74996 0 25099.24709
344795.99996 0 24578.90478675
349544.24996 0 23990.1065105
354292.49996 0 23325.99682675
358675.49996 0 22661.887143
370363.49996 0 20628.47914275
381686.25 0 18348.59744525
384242.99996 0 18343.60027375
