0 0 6.845835152500001e-23
10957.499963 0 4.988137003e-07
26297.999963 0 5.26528242425
37620.749963 0 78.982453905
44560.499963 0 184.731438675
52961.249963 0 357.8660326
58805.249963 0 495.8438401
64283.999963 0 633.47251
69762.749963 0 777.549956625
75241.499963 0 927.9666466
80720.249963 0 1085.441392625
85833.749963 0 1239.780746125
90947.249963 0 1402.2324143
96060.749963 0 1573.789043225
105191.99996 0 1905.05900625
114323.24996 0 2269.668186475
123454.49996 0 2666.452792
132220.49996 0 3072.890025
140986.49996 0 3497.19488775
145369.49996 0 3712.97561175
146465.24996 0 3767.0577095
147195.74996 0 3803.203719
147560.99996 0 3821.2082655
149387.24996 0 3911.43637275
157788 0 4340.875612
166188.75 0 4738.6870925
176050.5 0 5171.11567425
184816.5 0 5513.3470225
194313 0 5824.7775495
203444.25 0 6056.12594125
212940.75 0 6216.974675
222072 0 6290.89664625
231568.49996 0 6284.73648175
236681.99996 0 6246.40657075
239238.74996 0 6218.34360025
241795.49996 0 6185.48939075
244717.49996 0 6139.63039025
247639.49996 0 6087.61122525
250561.49996 0 6028.0629705
253483.49996 0 5962.35455175
256405.49996 0 5889.80150575
258962.24996 0 5821.35523625
261884.24996 0 5738.53524975
264440.99996 0 5661.87542775
269554.49996 0 5495.5509925
274302.74996 0 5329.91101975
280511.99996 0 5098.894501
286355.99996 0 4868.184586
291104.24996 0 4673.073827
295487.25 0 4473.855473
300235.49996 0 4287.644503
304618.5 0 4082.949356
313749.75 0 3689.9894415
322881 0 3303.19091925
342969.75 0 2506.31750375
363789 0 1798.441978225
381686.25 0 1305.530587175
384242.99996 0 1305.270362775
