0 0 0.0
19723.5 0 1.364465207225e-22
73049.999963 0 6.7912844525e-07
190295.24996 0 0.107358851435
234125.24996 0 1.797478240725
252387.74996 0 4.9150765695
266997.74996 0 10.276947271
279781.49996 0 18.68293984975
290738.99996 0 30.1198872175
297678.74996 0 40.0927634175
304253.24996 0 51.962246255
304253.25 0 52.699057465
304618.49996 0 52.699057465
304618.5 0 53.4447377025
304983.74996 0 53.4447377025
304983.75 0 54.197922495
305348.99996 0 54.197922495
305349 0 54.9606585475
305714.24996 0 54.9606585475
305714.25 0 55.7322636225
306079.49996 0 55.7322636225
306079.5 0 56.5120554875
306444.74996 0 56.5120554875
306444.75 0 57.30139861
306809.99996 0 57.30139861
306810 0 58.099610755
307175.24996 0 58.099610755
307175.25 0 58.906691925
307540.49996 0 58.906691925
307540.5 0 59.7233243525
307905.74996 0 59.7233243525
307905.75 0 60.54814357
308270.99996 0 60.54814357
308271 0 61.38387851
308636.24996 0 61.38387851
308636.25 0 62.22780024
309001.49996 0 62.22780024
309001.5 0 63.0812732275
309366.74996 0 63.0812732275
309366.75 0 63.9449797025
309731.99996 0 63.9449797025
309732 0 64.81687297
310097.24996 0 64.81687297
310097.25 0 65.7003641925
310462.49996 0 65.7003641925
310462.5 0 66.5913599725
310827.74996 0 66.5913599725
310827.75 0 67.4939537075
311192.99996 0 67.4939537075
311193 0 68.405416465
311558.24996 0 68.405416465
311558.25 0 69.3271127125
311923.49996 0 69.3271127125
311923.5 0 70.2583602175
312288.74996 0 70.2583602175
312288.75 0 71.2005234425
312653.99996 0 71.2005234425
312654 0 72.152237925
313019.24996 0 72.152237925
313019.25 0 73.1148681275
313384.49996 0 73.1148681275
313384.5 0 74.0863673575
313749.74996 0 74.0863673575
313749.75 0 75.0694645375
314114.99996 0 75.0694645375
314115 0 76.0621129775
314480.24996 0 76.0621129775
314480.25 0 77.06635937
314845.49996 0 77.06635937
314845.5 0 78.0801570175
315210.74996 0 78.0801570175
315210.75 0 79.1048703875
315575.99996 0 79.1048703875
315576 0 80.14049948
315941.24996 0 80.14049948
315941.25 0 81.1863620625
316306.49996 0 81.1863620625
316306.5 0 82.2438225975
316671.74996 0 82.2438225975
316671.75 0 83.312198855
317036.99996 0 83.312198855
317037 0 84.3901263675
317402.24996 0 84.3901263675
317402.25 0 85.4810163025
317767.49996 0 85.4810163025
317767.5 0 86.5814574925
318132.74996 0 86.5814574925
318132.75 0 87.6941788675
318497.99996 0 87.6941788675
318498 0 88.817815965
318863.24996 0 88.817815965
318863.25 0 89.952368785
319228.49996 0 89.952368785
319228.5 0 91.09851956
319593.74996 0 91.09851956
319593.75 0 92.2562682875
319958.99996 0 92.2562682875
319959 0 93.42561497
320324.24996 0 93.42561497
320324.25 0 94.6065596075
320689.49996 0 94.6065596075
320689.5 0 95.7991021975
321054.74996 0 95.7991021975
321054.75 0 97.003242745
321419.99996 0 97.003242745
321420 0 98.2189812425
321785.24996 0 98.2189812425
321785.25 0 99.4435887675
322150.49996 0 99.4435887675
322150.5 0 100.6907099675
322515.74996 0 100.6907099675
322515.75 0 101.93919563
322880.99996 0 101.93919563
322881 0 103.2013259475
323246.24996 0 103.2013259475
323246.25 0 104.4771009175
323611.49996 0 104.4771009175
323611.5 0 105.7665205375
323976.74996 0 105.7665205375
323976.75 0 107.062762485
324341.99996 0 107.062762485
324342 0 108.37947141
324707.24996 0 108.37947141
324707.25 0 109.70300266
325072.49996 0 109.70300266
325072.5 0 111.0401785625
325437.74996 0 111.0401785625
325437.75 0 112.3909991175
325802.99996 0 112.3909991175
325803 0 113.755464325
326168.24996 0 113.755464325
326168.25 0 115.12675186
326533.49996 0 115.12675186
326533.5 0 116.51850637
326898.74996 0 116.51850637
326898.75 0 117.9170832075
327263.99996 0 117.9170832075
327264 0 119.3293046975
327629.24996 0 119.3293046975
327629.25 0 120.7551708375
327994.49996 0 120.7551708375
327994.5 0 122.1946816325
328359.74996 0 122.1946816325
328359.75 0 123.6410147525
328724.99996 0 123.6410147525
328725 0 125.114637175
329090.24996 0 125.114637175
329090.25 0 126.5882596
329455.49996 0 126.5882596
329455.5 0 128.0823490025
329820.74996 0 128.0823490025
329820.75 0 129.58326073
330185.99996 0 129.58326073
330186 0 131.104639435
330551.24996 0 131.104639435
330551.25 0 132.6328404675
330916.49996 0 132.6328404675
330916.5 0 134.1746861525
331281.74996 0 134.1746861525
331281.75 0 135.736998815
331646.99996 0 135.736998815
331647 0 137.3061338025
332012.24996 0 137.3061338025
332012.25 0 138.8889134425
332377.49996 0 138.8889134425
332377.5 0 140.485337735
332742.74996 0 140.485337735
332742.75 0 142.102229005
333107.99996 0 142.102229005
333108 0 143.7259426025
333473.24996 0 143.7259426025
333473.25 0 145.36330085
333838.49996 0 145.36330085
333838.5 0 147.0143037525
334203.74996 0 147.0143037525
334203.75 0 148.68577363
334568.99996 0 148.68577363
334569 0 150.364065835
334934.24996 0 150.364065835
334934.25 0 152.0628250175
335299.49996 0 152.0628250175
335299.5 0 153.7615842025
335664.74996 0 153.7615842025
335664.75 0 155.494455015
336029.99996 0 155.494455015
336030 0 157.2205035025
336395.24996 0 157.2205035025
336395.25 0 158.98066362
336760.49996 0 158.98066362
336760.5 0 160.740823735
337125.74996 0 160.740823735
337125.75 0 162.514628505
337490.99996 0 162.514628505
337491 0 164.31572258
337856.24996 0 164.31572258
337856.25 0 166.1168166525
338221.49996 0 166.1168166525
338221.5 0 167.938377705
338586.74996 0 167.938377705
338586.75 0 169.780405735
338951.99996 0 169.780405735
338952 0 171.622433765
339317.24996 0 171.622433765
339317.25 0 173.4917510975
339682.49996 0 173.4917510975
339682.5 0 175.3678907575
340047.74996 0 175.3678907575
340047.75 0 177.25767507
340412.99996 0 177.25767507
340413 0 179.16792636
340778.24996 0 179.16792636
340778.25 0 181.0918223025
341143.49996 0 181.0918223025
341143.5 0 183.029362895
341508.74996 0 183.029362895
341508.75 0 184.9805481425
341873.99996 0 184.9805481425
341874 0 186.938555715
342239.24996 0 186.938555715
342239.25 0 188.9306749175
342604.49996 0 188.9306749175
342604.5 0 190.915971795
342969.74996 0 190.915971795
342969.75 0 192.928557975
343334.99996 0 192.928557975
343335 0 194.9547888075
343700.24996 0 194.9547888075
343700.25 0 196.9946642925
344065.49996 0 196.9946642925
344065.5 0 199.0413621025
344430.74996 0 199.0413621025
344430.75 0 201.1153492175
344795.99996 0 201.1153492175
344796 0 203.19615866
345161.24996 0 203.19615866
345161.25 0 205.2974350775
345526.49996 0 205.2974350775
345526.5 0 207.41235615
345891.74996 0 207.41235615
345891.75 0 209.5340995475
346256.99996 0 209.5340995475
346257 0 211.6763099225
346622.24996 0 211.6763099225
346622.25 0 213.838987275
346987.49996 0 213.838987275
346987.5 0 216.008486955
347352.74996 0 216.008486955
347352.75 0 218.191631285
347717.99996 0 218.191631285
347718 0 220.395242595
348083.24996 0 220.395242595
348083.25 0 222.6124985575
348448.49996 0 222.6124985575
348448.5 0 224.8502214975
348813.74996 0 224.8502214975
348813.75 0 227.0879444375
349178.99996 0 227.0879444375
349179 0 229.35295668
349544.24996 0 229.35295668
349544.25 0 231.6316135775
349909.49996 0 231.6316135775
349909.5 0 233.9170928
350274.74996 0 233.9170928
350274.75 0 236.229861325
350639.99996 0 236.229861325
350640 0 238.5494521775
351005.24996 0 238.5494521775
351005.25 0 240.8826876825
351370.49996 0 240.8826876825
351370.5 0 243.236390165
351735.74996 0 243.236390165
351735.75 0 245.5969149725
352100.99996 0 245.5969149725
352101 0 247.97790676
352466.24996 0 247.97790676
352466.25 0 250.379365525
352831.49996 0 250.379365525
352831.5 0 252.787646625
353196.74996 0 252.787646625
353196.75 0 255.20957235
353561.99996 0 255.20957235
353562 0 257.651965075
353927.24996 0 257.651965075
353927.25 0 260.10800245
354292.49996 0 260.10800245
354292.5 0 262.57086215
354657.74996 0 262.57086215
354657.75 0 265.06101115
355022.99996 0 265.06101115
355023 0 267.557982475
355388.24996 0 267.557982475
355388.25 0 270.0754208
355753.49996 0 270.0754208
355753.5 0 272.599681425
356118.74996 0 272.599681425
356118.75 0 275.144409025
356483.99996 0 275.144409025
356484 0 277.709603625
356849.24996 0 277.709603625
356849.25 0 280.274798225
357214.49996 0 280.274798225
357214.5 0 282.860459775
357579.74996 0 282.860459775
357579.75 0 285.466588325
357944.99996 0 285.466588325
357945 0 288.0795392
358310.24996 0 289.02121835
358310.25 0 291.66324435
358675.49996 0 291.66324435
358675.5 0 294.318959625
359040.74996 0 294.318959625
359040.75 0 296.988364125
359405.99996 0 296.988364125
359406 0 299.664613275
359771.24996 0 299.664613275
359771.25 0 302.368240925
360136.49996 0 302.368240925
360136.5 0 305.0787132
360501.74996 0 305.0787132
360501.75 0 307.80287475
360866.99996 0 307.80287475
360867 0 310.54757015
361232.24996 0 310.54757015
361232.25 0 313.2991102
361597.49996 0 313.2991102
361597.5 0 316.071184125
361962.74996 0 316.071184125
361962.75 0 318.8569473
362327.99996 0 318.8569473
362328 0 321.6495551
362693.24996 0 321.6495551
362693.25 0 324.462696775
363058.49996 0 324.462696775
363058.5 0 327.289527725
363423.74996 0 327.289527725
363423.75 0 330.1300479
363788.99996 0 330.1300479
363789 0 332.977412725
364154.24996 0 332.977412725
364154.25 0 335.85215605
364519.49996 0 335.85215605
364519.5 0 338.726899375
364884.74996 0 338.726899375
364884.75 0 341.629021225
365249.99996 0 341.629021225
365250 0 344.53114305
365615.24996 0 344.53114305
365615.25 0 347.453798775
365980.49996 0 347.453798775
365980.5 0 350.390143725
366345.74996 0 350.390143725
366345.75 0 353.34017795
366710.99996 0 353.34017795
366711 0 356.303901425
367076.24996 0 356.303901425
367076.25 0 359.281314175
367441.49996 0 359.281314175
367441.5 0 362.265571525
367806.74996 0 362.265571525
367806.75 0 365.270362775
368171.99996 0 365.270362775
368172 0 368.28884325
368537.24996 0 368.28884325
368537.25 0 371.314168375
368902.49996 0 371.314168375
368902.5 0 374.35318275
369267.74996 0 374.35318275
369267.75 0 377.412731
369632.99996 0 377.412731
369633 0 380.4791239
369998.24996 0 380.4791239
369998.25 0 383.5523614
370363.49996 0 383.5523614
370363.5 0 386.652977425
370728.74996 0 386.652977425
370728.75 0 389.753593425
371093.99996 0 389.753593425
371094 0 392.8678987
371459.24996 0 392.8678987
371459.25 0 396.00273785
371824.49996 0 396.00273785
371824.5 0 399.144421625
372189.74996 0 399.144421625
372189.75 0 402.292950025
372554.99996 0 402.292950025
372555 0 405.462012325
372920.24996 0 405.462012325
372920.25 0 408.64476385
373285.49996 0 408.64476385
373285.5 0 411.8275154
373650.74996 0 411.8275154
373650.75 0 415.03764545
374015.99996 0 415.03764545
374016 0 418.240930875
374381.24996 0 418.240930875
374381.25 0 421.4715948
374746.49996 0 421.4715948
374746.5 0 424.70910335
375111.74996 0 424.70910335
375111.75 0 427.953456525
375476.99996 0 427.953456525
375477 0 431.211498975
375842.24996 0 431.211498975
375842.25 0 434.483230675
376207.49996 0 434.483230675
376207.5 0 437.761806975
376572.74996 0 437.761806975
376572.75 0 441.05407255
376937.99996 0 441.05407255
376938 0 444.360027375
377303.24996 0 444.360027375
377303.25 0 447.672826825
377668.49996 0 447.672826825
377668.5 0 450.9924709
378033.74996 0 450.9924709
378033.75 0 454.32580425
378398.99996 0 454.32580425
378399 0 457.672826825
378764.24996 0 457.672826825
378764.25 0 461.02669405
379129.49996 0 461.02669405
379129.5 0 464.394250525
379494.74996 0 464.394250525
379494.75 0 467.761806975
379859.99996 0 467.761806975
379860 0 471.149897325
380225.24996 0 471.149897325
380225.25 0 474.5448323
380590.49996 0 474.5448323
380590.5 0 477.939767275
380955.74996 0 477.939767275
380955.75 0 481.362080775
381320.99996 0 481.362080775
381321 0 484.777549625
381686.24996 0 484.777549625
381686.25 0 488.206707725
384242.99996 0 488.206707725
