0 0 140.13126159
365.2499635 0 140.13126159
365.25 0 144.5591897225
730.4999635 0 144.5591897225
730.5 0 149.0774283075
1095.7499635 0 149.0774283075
1095.75 0 153.721965715
1460.9999635 0 153.721965715
1461 0 158.4724311675
1826.2499635 0 158.4724311675
1826.25 0 163.2982685
2191.4999635 0 163.2982685
2191.5 0 168.1648473875
2556.7499635 0 168.1648473875
2556.75 0 173.0314262775
2921.9999635 0 173.0314262775
2922 0 177.8518314025
3287.2499635 0 177.8518314025
3287.25 0 182.5785309475
3652.4999635 0 182.5785309475
3652.5 0 187.1605979675
4017.7499635 0 188.6591375775
4017.75 0 193.08145106
4382.9999635 0 193.08145106
4383 0 197.26146475
4748.2499635 0 197.26146475
4748.25 0 201.1540041075
5113.4999635 0 201.1540041075
5113.5 0 204.72073922
5478.7499635 0 204.72073922
5478.75 0 207.92881588
5843.9999635 0 207.92881588
5844 0 210.75359343
6209.2499635 0 210.75359343
6209.25 0 213.17522245
6574.4999635 0 213.17522245
6574.5 0 215.18275154
6939.7499635 0 215.18275154
6939.75 0 216.76933607
7304.9999635 0 216.76933607
7305 0 217.93429158
7670.2499635 0 217.93429158
7670.25 0 218.6824093075
8765.999963 0 218.96440794
9131.249963 0 214.598401675
9131.25 0 213.80725735
9496.499963 0 213.80725735
9496.5 0 212.6746505675
9861.749963 0 212.6746505675
9861.75 0 211.22209077
10226.999963 0 211.22209077
10227 0 209.471759575
10592.249963 0 209.471759575
10592.25 0 207.44516643
10957.499963 0 207.44516643
10957.5 0 205.16919814
11322.749963 0 205.16919814
11322.75 0 202.668052835
11687.999963 0 202.668052835
11688 0 199.9639121275
12053.249963 0 199.9639121275
12053.25 0 197.08030198
12418.499963 0 197.08030198
12418.5 0 194.0622577925
12783.749963 0 194.0622577925
12783.75 0 190.9165012675
13148.999963 0 190.9165012675
13149 0 187.66319751
13514.249963 0 187.66319751
13514.25 0 184.3561201375
13879.499963 0 184.3561201375
13879.5 0 180.9952691475
14244.749963 0 180.9952691475
14244.75 0 177.6142530525
14609.999963 0 177.6142530525
14610 0 174.2332369575
14975.249963 0 174.2332369575
14975.25 0 170.8791076725
15340.499963 0 170.8791076725
15340.5 0 167.578752
15705.749963 0 167.578752
15705.75 0 164.332169945
16070.999963 0 164.332169945
16071 0 161.18641342
16436.249963 0 161.18641342
16436.25 0 158.141482425
16801.499963 0 158.141482425
16801.5 0 154.9645184125
17166.749963 0 154.9645184125
17166.75 0 151.9170736325
17531.999963 0 151.9170736325
17532 0 149.79756201
17897.249963 0 149.79756201
17897.25 0 146.483469175
18262.499963 0 146.483469175
18262.5 0 144.379512355
18627.749963 0 144.379512355
18627.75 0 142.234103365
18992.999963 0 142.234103365
18993 0 140.4437978975
19358.249963 0 140.4437978975
19358.25 0 138.88769003
19723.499963 0 138.88769003
19723.5 0 137.7659018
20088.749963 0 137.7659018
20088.75 0 136.40349823
21549.75 0 136.605065025
22645.499963 0 136.803559205
23375.999963 0 137.8507871325
23376 0 138.678986995
23741.249963 0 138.678986995
23741.25 0 139.6988364125
24106.499963 0 139.6988364125
24106.5 0 140.889801505
24471.749963 0 140.889801505
24471.75 0 142.2587269
24836.999963 0 142.2587269
24837 0 143.7850787125
25202.249963 0 143.7850787125
25202.25 0 145.4483230675
25567.499963 0 145.4483230675
25567.5 0 147.234770705
25932.749963 0 147.234770705
25932.75 0 149.151266255
26297.999963 0 149.151266255
26298 0 151.14989733
26663.249963 0 151.14989733
26663.25 0 153.23066393
27028.499963 0 153.23066393
27028.5 0 155.3661875425
27393.749963 0 155.3661875425
27393.75 0 157.549623545
27758.999963 0 157.549623545
27759 0 159.75359343
28124.249963 0 159.75359343
28124.25 0 161.9575633125
28489.499963 0 161.9575633125
28489.5 0 164.1341546875
28854.749963 0 164.1341546875
28854.75 0 166.2833675575
29219.999963 0 166.2833675575
29220 0 168.3572895275
29585.249963 0 168.3572895275
29585.25 0 170.3559206025
29950.499963 0 170.3559206025
29950.5 0 172.2518822725
30315.749963 0 172.2518822725
30315.75 0 174.0246406575
30680.999963 0 174.0246406575
30681 0 175.66735113
31046.249963 0 175.66735113
31046.25 0 177.1594798075
31411.499963 0 177.1594798075
31411.5 0 178.473648185
31776.749963 0 178.473648185
31776.75 0 179.6098562625
32141.999963 0 179.6098562625
32142 0 180.5612594125
33237.75 0 182.16974675
34333.499963 0 182.176591375
35429.249963 0 180.5612594125
35429.25 0 179.61670089
35794.499963 0 179.61670089
35794.5 0 178.4599589325
36159.749963 0 178.4599589325
36159.75 0 177.1252566725
36524.999963 0 177.1252566725
36525 0 175.6057494875
36890.249963 0 175.6057494875
36890.25 0 173.9082819975
37255.499963 0 173.9082819975
37255.5 0 172.0602327175
37620.749963 0 172.0602327175
37620.75 0 170.054757015
37985.999963 0 170.054757015
37986 0 167.8850102675
38351.249963 0 167.8850102675
38351.25 0 165.585215605
38716.499963 0 165.585215605
38716.5 0 163.16221766
39081.749963 0 163.16221766
39081.75 0 160.6502395625
39446.999963 0 160.6502395625
39447 0 158.0424366875
39812.249963 0 158.0424366875
39812.25 0 155.35249829
40177.499963 0 155.35249829
40177.5 0 152.59411362
40542.749963 0 152.59411362
40542.75 0 149.7809719375
40907.999963 0 149.7809719375
40908 0 146.9130732375
41273.249963 0 146.9130732375
41273.25 0 144.0109514025
41638.499963 0 144.0109514025
41638.5 0 141.074606435
42003.749963 0 141.074606435
42003.75 0 138.117727585
42368.999963 0 138.117727585
42369 0 135.1540041075
42734.249963 0 135.1540041075
42734.25 0 132.176591375
43099.499963 0 132.176591375
43099.5 0 129.2060232725
43464.749963 0 129.2060232725
43464.75 0 126.2354551675
43829.999963 0 126.2354551675
43830 0 123.285420945
44195.249963 0 123.285420945
44195.25 0 120.3559206025
44560.499963 0 120.3559206025
44560.5 0 117.44695414
44925.749963 0 117.44695414
44925.75 0 114.5653661875
45290.999963 0 114.5653661875
45291 0 111.724845995
45656.249963 0 111.724845995
45656.25 0 107.2857515125
46021.499963 0 107.2857515125
46021.5 0 104.56163338
46386.749963 0 104.56163338
46386.75 0 101.87122958
46751.999963 0 101.87122958
46752 0 99.2280258475
47117.249963 0 99.2280258475
47117.25 0 96.63202218
47482.499963 0 96.63202218
47482.5 0 94.0832185825
47847.749963 0 94.0832185825
47847.75 0 91.5748721825
48212.999963 0 91.5748721825
48213 0 89.1272115825
48578.249963 0 89.1272115825
48578.25 0 86.733493915
48943.499963 0 86.733493915
48943.5 0 84.38023345
49308.749963 0 84.38023345
49308.75 0 82.087658785
49673.999963 0 82.087658785
49674 0 79.842284185
50039.249963 0 79.842284185
50039.25 0 77.657595385
50404.499963 0 77.657595385
50404.5 0 75.5201066525
50769.749963 0 75.5201066525
50769.75 0 73.4365608525
51134.999963 0 73.4365608525
51135 0 71.406957985
51500.249963 0 71.406957985
51500.25 0 69.4245551875
51865.499963 0 69.4245551875
51865.5 0 67.5028381875
52230.749963 0 67.5028381875
52230.75 0 65.6283212525
52595.999963 0 65.6283212525
52596 0 63.79426152
52961.249963 0 63.79426152
52961.25 0 62.0208875875
53326.499963 0 62.0208875875
53326.5 0 60.2947137225
53691.749963 0 60.2947137225
53691.75 0 58.6157399225
54056.999963 0 58.6157399225
54057 0 56.9839661875
54422.249963 0 56.9839661875
54422.25 0 55.3993925225
54787.499963 0 55.3993925225
54787.5 0 53.84853319
55152.749963 0 53.84853319
55152.75 0 52.3583596575
55517.999963 0 52.3583596575
55518 0 50.9019004575
55883.249963 0 50.9019004575
55883.25 0 49.4926413225
56248.499963 0 49.4926413225
56248.5 0 48.12383939
56613.749963 0 48.12383939
56613.75 0 46.78875179
56978.999963 0 46.78875179
56979 0 45.49412139
57344.249963 0 45.49412139
57344.25 0 44.2466910575
57709.499963 0 44.2466910575
57709.5 0 43.0262321925
58074.749963 0 43.0262321925
58074.75 0 41.8529733925
58439.999963 0 41.8529733925
58440 0 40.6999431925
58805.249963 0 40.6999431925
58805.25 0 39.59411306
59170.499963 0 39.59411306
59170.5 0 38.5152543925
59535.749963 0 38.5152543925
59535.75 0 37.4633671925
59900.999963 0 37.4633671925
59901 0 36.45868006
60266.249963 0 36.45868006
60266.25 0 35.4742215275
60631.499963 0 35.4742215275
60631.5 0 34.51673446
60996.749963 0 34.51673446
60996.75 0 33.5929617275
61361.999963 0 33.5929617275
61362 0 32.6894175925
61727.249963 0 32.6894175925
61727.25 0 31.82633066
62092.499963 0 31.82633066
62092.5 0 30.97672946
62457.749963 0 30.97672946
62457.75 0 30.160842595
62822.999963 0 30.160842595
62823 0 29.3651843275
63188.249963 0 29.3651843275
63188.25 0 28.5964975275
63553.499963 0 28.5964975275
63553.5 0 27.8480393275
63918.749963 0 27.8480393275
63918.75 0 27.1198097275
64283.999963 0 27.1198097275
64284 0 26.418551595
64649.249963 0 26.418551595
64649.25 0 25.7375220625
65014.499963 0 25.7375220625
65014.5 0 25.0699782625
65744.999963 0 24.43614879525
65745 0 23.8023193285
71954.25 0 15.60973633025
79624.5 0 9.7029851315
89121 0 5.75840813225
100443.75 0 3.37143333275
135507.75 0 1.0316585998
281607.74996 0 0.316914733275
381686.25 0 1.60480226635
384242.99996 0 1.62902121835
