0 0 0.019409636598
365.2499635 0 0.019409636598
365.25 0 0.0264328866375
730.4999635 0 0.0264328866375
730.5 0 0.0354826718375
1095.7499635 0 0.0354826718375
1095.75 0 0.0483971937025
1460.9999635 0 0.0483971937025
1461 0 0.064920807665
1826.2499635 0 0.064920807665
1826.25 0 0.0864871321025
2191.4999635 0 0.0864871321025
2191.5 0 0.11443524983
2556.7499635 0 0.11443524983
2556.75 0 0.1504031485275
2921.9999635 0 0.1504031485275
2922 0 0.1963826146475
3287.2499635 0 0.1963826146475
3287.25 0 0.25477891855
3652.4999635 0 0.25477891855
3652.5 0 0.328486652975
4017.7499635 0 0.328486652975
4017.75 0 0.4209596167
4382.9999635 0 0.4209596167
4383 0 0.536305954825
4748.2499635 0 0.536305954825
4748.25 0 0.6793744011
5113.4999635 0 0.6793744011
5113.5 0 0.8558603696
5478.7499635 0 0.8558603696
5478.75 0 1.072414099925
5843.9999635 0 1.072414099925
5844 0 1.33675154005
6209.2499635 0 1.33675154005
6209.25 0 1.657777549625
6574.4999635 0 1.657777549625
6574.5 0 2.0457084189
6939.7499635 0 2.0457084189
6939.75 0 2.51220397
7304.9999635 0 2.51220397
7305 0 3.07052019175
7670.2499635 0 3.07052019175
7670.25 0 3.7356057495
8035.499963 0 3.7356057495
8035.5 0 4.5243394935
8400.749963 0 4.5243394935
8400.75 0 5.4556057495
8765.999963 0 5.4556057495
8766 0 6.550533881
9131.249963 0 6.550533881
9131.25 0 7.83260095825
9496.499963 0 7.83260095825
9496.5 0 9.32793292275
9861.749963 0 9.32793292275
9861.75 0 11.06535249825
10226.999963 0 11.06535249825
10227 0 13.0772005475
10592.249963 0 13.0772005475
10592.25 0 15.3988364135
10957.499963 0 15.3988364135
10957.5 0 18.067761807
11322.749963 0 18.067761807
11322.75 0 21.1255304585
11687.999963 0 1034.383435925
11688 0 967.413924025
12053.249963 0 967.413924025
12053.25 0 906.382327025
12418.499963 0 906.382327025
12418.5 0 850.86147105
12783.749963 0 850.86147105
12783.75 0 800.49642245
13148.999963 0 800.49642245
13149 0 754.9125025
13514.249963 0 754.9125025
13514.25 0 713.73831785
13879.499963 0 713.73831785
13879.5 0 676.674099375
14244.749963 0 676.674099375
14244.75 0 643.354066375
14609.999963 0 0.0
384242.99996 0 0.0
