0 0 9.27015446075e-05
1826.2499635 0 0.00515709163725
3652.4999635 0 0.0360546992025
4017.7499635 0 0.0522089983725
4017.75 0 0.074591366325
4382.9999635 0 0.074591366325
4383 0 0.1049726149875
4748.2499635 0 0.1049726149875
4748.25 0 0.145366535155
5113.4999635 0 0.145366535155
5113.5 0 0.1979800423925
5478.7499635 0 0.1979800423925
5478.75 0 0.26513555785
5843.9999635 0 0.26513555785
5844 0 0.34916603425
6209.2499635 0 0.34916603425
6209.25 0 0.452276472325
6574.4999635 0 0.452276472325
6574.5 0 0.576398119825
6939.7499635 0 0.576398119825
6939.75 0 0.723005399575
7304.9999635 0 0.723005399575
7305 0 0.89294767765
7670.2499635 0 0.89294767765
7670.25 0 1.0862700894
8035.499963 0 1.0862700894
8035.5 0 1.302067191475
8400.749963 0 1.302067191475
8400.75 0 1.538359865325
8765.999963 0 1.538359865325
8766 0 1.792018723625
9131.249963 0 1.792018723625
9131.25 0 2.058775736275
9496.499963 0 2.058775736275
9496.5 0 2.33326731405
9861.749963 0 2.33326731405
9861.75 0 2.60920185675
10226.999963 0 2.60920185675
10227 0 2.879542346
10592.249963 0 2.879542346
10592.25 0 3.13684144225
10957.499963 0 3.13956194375
10957.5 0 3.376440794
11322.749963 0 3.376440794
11322.75 0 3.585284052
11687.999963 0 3.585284052
11688 0 3.75872005475
12053.249963 0 3.75872005475
12053.25 0 3.88879534575
12418.499963 0 3.88879534575
12418.5 0 3.96669404525
13148.999963 0 3.98424366875
13149 0 3.93707049975
13514.249963 0 3.93707049975
13514.25 0 3.82702258725
13879.499963 0 3.82702258725
13879.5 0 3.6623203285
14244.749963 0 3.6623203285
14244.75 0 3.4554962355
14609.999963 0 3.4554962355
14610 0 3.22069130725
14975.249963 0 3.22069130725
14975.25 0 2.9712388775
15340.499963 0 2.9712388775
15340.5 0 2.71828199875
15705.749963 0 2.71828199875
15705.75 0 2.470499657775
16070.999963 0 2.470499657775
16071 0 2.231724840725
16436.249963 0 2.231724840725
16436.25 0 2.009940645025
16801.499963 0 2.009940645025
16801.5 0 1.787072322
17166.749963 0 1.787072322
17166.75 0 1.58542780665
17531.999963 0 1.58542780665
17532 0 1.38735913695
17897.249963 0 1.38735913695
17897.25 0 1.256811231875
18262.499963 0 1.256811231875
18262.5 0 1.115681664775
18627.749963 0 1.115681664775
18627.75 0 1.043708876675
18992.999963 0 1.043708876675
18993 0 0.88829938885
19358.249963 0 0.88829938885
19358.25 0 0.797000621875
19723.499963 0 0.797000621875
19723.5 0 0.715686588975
20088.749963 0 0.715686588975
20088.75 0 0.643194684125
20453.999963 0 0.643194684125
20454 0 0.57856746705
20819.249963 0 0.57856746705
20819.25 0 0.5210526633
21184.499963 0 0.5210526633
21184.5 0 0.469761221175
21549.749963 0 0.469761221175
21549.75 0 0.423940866225
21914.999963 0 0.423940866225
21915 0 0.383044489725
22280.249963 0 0.383044489725
22280.25 0 0.34645659435
22645.499963 0 0.34645659435
22645.5 0 0.31383523715
23010.749963 0 0.31383523715
23010.75 0 0.284496532275
23375.999963 0 0.284496532275
23376 0 0.2583037025
24106.5 0 0.2135775649675
24837 0 0.1774683897175
25567.5 0 0.14806129624
26298 0 0.12398851274
27393.75 0 0.09588080246
28489.499963 0 0.0811088671325
30315.75 0 0.0501972246825
37620.75 0 0.01237833469725
41638.5 0 0.00649691600125
45656.249963 0 0.00389814960075
49673.999963 0 0.00232521204255
53326.5 0 0.001436160379225
74876.25 0 0.00020516576846
96426 0 0.0
174224.24996 0 6.83885894875e-05
174224.25 0 0.0
384242.99996 0 0.0
