0 0 488662.177225
365.2499635 0 488662.177225
365.25 0 519479.178025
730.4999635 0 519479.178025
730.5 0 555537.235675
1095.7499635 0 555537.235675
1095.75 0 596903.0795
1460.9999635 0 596903.0795
1461 0 643644.847825
1826.2499635 0 643644.847825
1826.25 0 693253.686675
2191.4999635 0 693253.686675
2191.5 0 750937.915225
2556.7499635 0 750937.915225
2556.75 0 809463.92015
2921.9999635 0 809463.92015
2922 0 869277.68825
3287.2499635 0 869277.68825
3287.25 0 928881.947475
3652.4999635 0 928881.947475
3652.5 0 986923.4204
4017.7499635 0 986923.4204
4017.75 0 1042194.189275
4382.9999635 0 1045284.052025
4383 0 1096933.607125
4748.2499635 0 1096933.607125
4748.25 0 1143956.194375
5113.4999635 0 1143956.194375
5113.5 0 1185660.5065
5478.7499635 0 1185660.5065
5478.75 0 1221471.5948
5843.9999635 0 1221471.5948
5844 0 1250917.180025
6209.2499635 0 1250917.180025
6209.25 0 1273634.496925
6574.4999635 0 1273634.496925
6574.5 0 1289377.13895
6939.7499635 0 1289377.13895
6939.75 0 1297994.5243
7670.2499635 0 1299452.42985
7670.25 0 1288241.1969
8035.499963 0 1288241.1969
8035.5 0 1275831.130725
8400.749963 0 1275831.130725
8400.75 0 1256946.840025
8765.999963 0 1256946.840025
8766 0 1232017.6681
9131.249963 0 1232017.6681
9131.25 0 1201609.257725
9496.499963 0 1201609.257725
9496.5 0 1166341.771475
9861.749963 0 1166341.771475
9861.75 0 1126944.411475
10226.999963 0 1126944.411475
10227 0 1084139.564875
10592.249963 0 1084139.564875
10592.25 0 1038717.76855
10957.499963 0 1038717.76855
10957.5 0 991442.29955
11322.749963 0 991442.29955
11322.75 0 943008.2851
11687.999963 0 943008.2851
11688 0 893920.0332
12053.249963 0 893920.0332
12053.25 0 844327.473325
12418.499963 0 844327.473325
12418.5 0 794155.6407
12783.749963 0 794155.6407
12783.75 0 743384.090425
13148.999963 0 743384.090425
13149 0 692401.276
13514.249963 0 695414.099925
13514.25 0 644750.171125
13879.499963 0 644750.171125
13879.5 0 595598.90485
14244.749963 0 595598.90485
14244.75 0 548850.102675
14609.999963 0 548850.102675
14610 0 505174.538
14975.249963 0 505174.538
14975.25 0 464955.509925
15340.499963 0 464955.509925
15340.5 0 428316.221775
15705.749963 0 428316.221775
15705.75 0 395195.071875
16070.999963 0 395195.071875
16071 0 365386.721425
16436.249963 0 365386.721425
16436.25 0 338624.229975
16801.499963 0 338624.229975
16801.5 0 312602.7949
17166.749963 0 312602.7949
17166.75 0 289476.4492
17531.999963 0 289476.4492
17532 0 266959.25525
17897.249963 0 266959.25525
17897.25 0 251944.24585
18262.499963 0 251944.24585
18262.5 0 235636.2515075
18627.749963 0 235636.2515075
18627.75 0 227261.90676
18992.999963 0 227261.90676
18993 0 208713.21013
19358.249963 0 208713.21013
19358.25 0 197433.2648875
19723.499963 0 197433.2648875
19723.5 0 187077.344285
20088.749963 0 187077.344285
20088.75 0 177529.089665
20453.999963 0 177529.089665
20454 0 168713.21013
20819.249963 0 168713.21013
20819.25 0 160547.5701575
21184.499963 0 160547.5701575
21184.5 0 152956.87885
21549.749963 0 152956.87885
21549.75 0 145900.0684475
21914.999963 0 145900.0684475
21915 0 139301.84805
22280.249963 0 139301.84805
22280.25 0 133141.6837775
22645.499963 0 133141.6837775
22645.5 0 127364.8186175
23010.749963 0 127364.8186175
23010.75 0 121943.87406
23375.999963 0 121943.87406
23376 0 116844.6269675
23741.249963 0 116844.6269675
23741.25 0 112039.6988375
24106.499963 0 112039.6988375
24106.5 0 107515.40041
24471.749963 0 107515.40041
24471.75 0 103230.66393
24836.999963 0 103230.66393
24837 0 99185.48939
25202.249963 0 99185.48939
25202.25 0 95352.49829
25567.499963 0 95352.49829
25567.5 0 91718.00137
25932.749963 0 91718.00137
25932.75 0 88261.46475
26297.999963 0 88261.46475
26298 0 84982.8884325
26663.249963 0 84982.8884325
26663.25 0 81861.738535
27028.499963 0 81861.738535
27028.5 0 78884.325805
27759 0 73353.867215
29220 0 63709.7878175
30681 0 55653.661875
32507.249963 0 48877.4811775
33968.25 0 41889.1170425
36525 0 34305.2703625
39081.75 0 28658.453115
42369 0 23401.779603
45656.25 0 19719.37029425
48213 0 17611.22518825
50769.75 0 15975.359343
55883.249963 0 13839.835729
65745 0 11567.41957575
73780.499963 0 10992.47091025
81450.749963 0 10930.8692675
89121 0 11232.03285425
93138.749963 0 11457.90554425
96791.25 0 11752.22450375
100809 0 12094.45585225
104826.74996 0 12443.5318275
108844.49996 0 12840.52019175
112496.99996 0 13237.50855575
116514.74996 0 13675.56468175
120167.24996 0 14086.24229975
124184.99996 0 14551.6769335
127837.49996 0 14962.35455175
135872.99996 0 15872.6899385
143543.24996 0 16680.3559205
151213.49996 0 17399.04175225
158883.74996 0 17987.6796715
174224.24996 0 18706.365503
189564.74996 0 18637.9192335
204174.74996 0 17782.3408625
211479.74996 0 17111.5674195
218784.74996 0 16358.658453
233394.74996 0 14535.2753845
247639.5 0 12189.11093425
276859.49996 0 7188.976202
305714.25 0 3461.105574
381686.25 0 287.2854429
384242.99996 0 287.47433265
