0 0 0.0314458078075
730.4999635 0 0.1299029099475
2556.7499635 0 0.346305954825
2556.75 0 0.416034223125
2921.9999635 0 0.416034223125
2922 0 0.495742642025
3287.2499635 0 0.495742642025
3287.25 0 0.585308008225
3652.4999635 0 0.585308008225
3652.5 0 0.684219028075
4017.7499635 0 0.684219028075
4017.75 0 0.791548254625
4382.9999635 0 0.791548254625
4383 0 0.905942505125
4748.2499635 0 0.905942505125
4748.25 0 1.025620807675
5113.4999635 0 1.025620807675
5113.5 0 1.1483963039
5478.7499635 0 1.1483963039
5478.75 0 1.271718001375
5843.9999635 0 1.271718001375
5844 0 1.39275154005
6209.2499635 0 1.39275154005
6209.25 0 1.508432580425
6574.4999635 0 1.508432580425
6574.5 0 1.615653661875
6939.7499635 0 1.615653661875
6939.75 0 1.711314168375
7304.9999635 0 1.711314168375
7305 0 1.792532511975
7670.2499635 0 1.792532511975
7670.25 0 1.856755646825
8035.499963 0 1.856755646825
8035.5 0 1.901909650925
8766 0 1.929678302525
9496.499963 0 1.911389459275
9861.749963 0 1.872251882275
9861.75 0 1.81359342915
10226.999963 0 1.81359342915
10227 0 1.737378507875
10592.249963 0 1.737378507875
10592.25 0 1.646057494875
10957.499963 0 1.646057494875
10957.5 0 1.54245037645
11322.749963 0 1.54245037645
11322.75 0 1.429445585225
11687.999963 0 1.429445585225
11688 0 1.309637234775
12053.249963 0 1.309637234775
12053.25 0 1.185160848725
12418.499963 0 1.185160848725
12418.5 0 1.0581998631
12783.749963 0 1.0581998631
12783.75 0 0.9316221766
13148.999963 0 0.9316221766
13149 0 0.808980150575
13514.249963 0 0.808980150575
13514.25 0 0.69384668035
13879.499963 0 0.69384668035
13879.5 0 0.58902121835
14244.749963 0 0.58902121835
14244.75 0 0.4961190965
14609.999963 0 0.4961190965
14610 0 0.4155578371
14975.249963 0 0.4155578371
14975.25 0 0.34689253935
15340.499963 0 0.34689253935
15340.5 0 0.2890622861
17532 0 0.093374255405
21184.5 0 0.02089664613275
54422.249963 0 0.00012320328542
87294.75 0 0.00092402464065
104096.24996 0 0.002566735113
112496.99996 0 0.004229979466
120532.49996 0 0.0067282683095
128933.24996 0 0.0107665982205
132950.99996 0 0.013401779603
136968.74996 0 0.016611909651
141351.74996 0 0.02091033538675
145369.49996 0 0.0257152635175
149387.24996 0 0.031478439425
153404.99996 0 0.0383709787825
157422.74996 0 0.0465639972625
161075.24996 0 0.0552977412725
165092.99996 0 0.0665229295
168745.49996 0 0.0783504449
172763.24996 0 0.093353867215
176415.74996 0 0.1090006844625
180433.49996 0 0.1286036960975
184085.99996 0 0.148767967145
187738.49996 0 0.17130732375
191025.74996 0 0.1937166324425
194312.99996 0 0.2181998631075
197600.24996 0 0.2448049281325
200887.49996 0 0.2735523614
204174.74996 0 0.30453114305
207461.99996 0 0.3381245722
210749.24996 0 0.3749486653
214766.99996 0 0.425667351125
218784.74996 0 0.483709787825
222802.49996 0 0.549691991775
226820.24996 0 0.62361396305
231568.49996 0 0.7203285421
236316.74996 0 0.8248459959
241064.99996 0 0.934154688575
245813.24996 0 1.04435318275
250561.49996 0 1.15133470225
255309.74996 0 1.251266256
264441 0 1.41882272415
308636.24996 0 1.7785763176
327629.24996 0 2.109445585225
341143.49996 0 2.5194387405
354657.74996 0 3.06769336075
369632.99996 0 3.82135523625
381686.25 0 4.59137577
384242.99996 0 4.59137577
