0 0 0.11455875541
1826.2499635 0 0.0584041697825
2556.7499635 0 0.292764692875
2556.75 0 0.612896867025
2921.9999635 0 0.612896867025
2922 0 1.223837578625
3287.2499635 0 1.223837578625
3287.25 0 2.3330200215
3652.4999635 0 2.3330200215
3652.5 0 4.2504358155
4017.7499635 0 4.2504358155
4017.75 0 7.4027758885
4382.9999635 0 7.4027758885
4383 0 12.31308768775
4748.2499635 0 12.31308768775
4748.25 0 19.5379673745
5113.4999635 0 19.5379673745
5113.5 0 29.5941142725
5478.7499635 0 29.5941142725
5478.75 0 42.87221363
5843.9999635 0 42.87221363
5844 0 59.53221715
6209.2499635 0 59.53221715
6209.25 0 79.461668065
6574.4999635 0 79.461668065
6574.5 0 102.3836888475
6939.7499635 0 102.3836888475
6939.75 0 127.88712523
7304.9999635 0 127.88712523
7305 0 155.45643098
7670.2499635 0 155.45643098
7670.25 0 184.43270853
8035.499963 0 184.43270853
8035.5 0 213.5375314875
8400.749963 0 214.214236825
8400.75 0 241.2655715275
8765.999963 0 241.2655715275
8766 0 263.56399725
9131.249963 0 263.56399725
9131.25 0 278.427789175
9496.499963 0 278.427789175
9496.5 0 283.945242975
9861.749963 0 283.945242975
9861.75 0 279.882956875
10226.999963 0 279.882956875
10227 0 267.214921275
10592.249963 0 267.214921275
10592.25 0 248.4585900075
10957.499963 0 248.4585900075
10957.5 0 226.747433265
11322.749963 0 226.747433265
11322.75 0 204.785763175
11687.999963 0 204.785763175
11688 0 184.61670089
12053.249963 0 184.61670089
12053.25 0 166.9603011625
12418.499963 0 166.9603011625
12418.5 0 152.0513347025
12783.749963 0 152.0513347025
12783.75 0 139.9425051325
13148.999963 0 139.9425051325
13149 0 130.40109514
13514.249963 0 130.40109514
13514.25 0 123.2128678975
13879.499963 0 123.2128678975
13879.5 0 117.955509925
14244.749963 0 117.955509925
14244.75 0 113.887063655
14609.999963 0 113.887063655
14610 0 110.53319644
14975.249963 0 110.53319644
14975.25 0 107.9698836425
15340.499963 0 107.9698836425
15340.5 0 105.8418891175
15705.749963 0 105.8418891175
15705.75 0 103.8432580425
16070.999963 0 103.8432580425
16071 0 101.8877481175
16436.249963 0 101.8877481175
16436.25 0 99.85763176
16801.499963 0 99.85763176
16801.5 0 96.523425315
17166.749963 0 96.523425315
17166.75 0 94.3050901175
17531.999963 0 94.3050901175
17532 0 91.3619461375
17897.249963 0 91.3619461375
17897.25 0 88.2910987975
18262.499963 0 88.2910987975
18262.5 0 83.910538095
18627.749963 0 83.910538095
18627.75 0 80.9439940825
18992.999963 0 80.9439940825
18993 0 77.6691240975
19358.249963 0 77.6691240975
19358.25 0 74.2536675425
19723.499963 0 74.2536675425
19723.5 0 72.650734065
20088.749963 0 72.650734065
20088.75 0 67.3077663525
20453.999963 0 67.3077663525
20454 0 63.8992546325
20819.249963 0 63.8992546325
20819.25 0 60.5985514175
21184.499963 0 60.5985514175
21184.5 0 57.437524635
21549.749963 0 57.437524635
21549.75 0 54.440583755
21914.999963 0 54.440583755
21915 0 51.62332372
22280.249963 0 51.62332372
22280.25 0 48.99455906
22645.499963 0 48.99455906
22645.5 0 46.5529336975
23010.749963 0 46.5529336975
23010.75 0 44.296413505
23375.999963 0 44.296413505
23376 0 42.2161839525
23741.249963 0 42.2161839525
23741.25 0 40.300718345
24106.499963 0 40.300718345
24106.5 0 38.537811945
24471.749963 0 38.537811945
24471.75 0 36.914581975
24836.999963 0 36.914581975
24837 0 35.416789575
25202.249963 0 35.416789575
25202.25 0 34.03223001
25567.499963 0 34.03223001
25567.5 0 32.7480205025
25932.749963 0 32.7480205025
25932.75 0 31.552634355
26297.999963 0 31.552634355
26298 0 30.4372570375
26663.249963 0 30.4372570375
26663.25 0 29.3910398925
27028.499963 0 29.3910398925
27028.5 0 28.4072025125
27393.749963 0 28.4072025125
27393.75 0 27.4782864475
27758.999963 0 27.4782864475
27759 0 26.59818933
28124.249963 0 26.59818933
28124.25 0 25.7628429125
28489.499963 0 25.7628429125
28489.5 0 24.96885699225
28854.749963 0 24.96885699225
28854.75 0 24.1992805445
29219.999963 0 24.1992805445
29220 0 23.480557166
29585.249963 0 23.480557166
29585.25 0 22.775394606
29950.499963 0 22.775394606
29950.5 0 22.10413409225
30315.749963 0 22.10413409225
30315.75 0 21.45999521525
30680.999963 0 21.45999521525
30681 0 20.82941715675
31046.249963 0 20.82941715675
31046.25 0 20.23952155375
31411.499963 0 20.23952155375
31411.5 0 19.65640636
31776.749963 0 19.65640636
31776.75 0 19.09363239375
32141.999963 0 19.09363239375
32142 0 18.55119965525
32507.249963 0 18.55119965525
32507.25 0 18.0291081445
32872.499963 0 18.0291081445
32872.5 0 17.52057745225
33237.749963 0 17.52057745225
33237.75 0 17.0323879875
33602.999963 0 17.0323879875
33603 0 16.5577593415
33968.249963 0 16.5577593415
33968.25 0 16.09669151375
34333.499963 0 16.09669151375
34333.5 0 15.65596491375
34698.749963 0 15.65596491375
34698.75 0 15.21523831375
35063.999963 0 15.21523831375
35064 0 14.80163335075
35429.249963 0 14.80163335075
35429.25 0 14.401589206
35794.499963 0 14.401589206
35794.5 0 14.0015450615
36159.749963 0 14.0015450615
36159.75 0 13.6218421445
36524.999963 0 13.6218421445
36525 0 13.255700046
36890.249963 0 13.255700046
36890.25 0 12.89633835675
37255.499963 0 12.89633835675
37255.5 0 12.550537486
37620.749963 0 12.550537486
37620.75 0 12.21829743375
37985.999963 0 12.21829743375
37986 0 11.8860573815
38351.249963 0 11.8860573815
38351.25 0 11.57415855675
38716.499963 0 11.57415855675
38716.5 0 11.27582055075
39081.749963 0 11.27582055075
39081.75 0 10.97070213525
39812.249963 0 10.69270535675
39812.25 0 10.40792816925
40177.499963 0 10.40792816925
40177.5 0 10.14349220925
40542.749963 0 10.14349220925
40542.75 0 9.87905624925
40907.999963 0 9.87905624925
40908 0 9.62818110775
41273.249963 0 9.62818110775
41273.25 0 9.377305966
41638.499963 0 9.377305966
41638.5 0 9.14677205225
42003.749963 0 9.14677205225
42003.75 0 8.90945772925
42368.999963 0 8.90945772925
42369 0 8.69248463375
42734.249963 0 8.69248463375
42734.25 0 8.46873112925
43464.749963 0 8.26531885225
43464.75 0 8.055126166
47117.25 0 6.319341403
51500.25 0 4.8073101445
57344.25 0 3.43766748
70493.25 0 1.803588855375
92773.5 0 0.79330788
150117.75 0 0.230533913845
274302.74996 0 0.1084865476925
342604.49996 0 0.908574836925
381686.25 0 1.97309908615
384242.99996 0 1.99178644765
