0 0 6822.44353175
365.2499635 0 6822.44353175
365.25 0 6754.0109515
730.4999635 0 6754.0109515
730.5 0 6694.0451745
1095.7499635 0 6694.0451745
1095.75 0 6640.92402475
1460.9999635 0 6640.92402475
1461 0 6593.429158
1826.2499635 0 6593.429158
1826.25 0 6550.17111575
2191.4999635 0 6550.17111575
2191.5 0 6510.5407255
4017.75 0 6339.835729
5843.9999635 0 6172.89527725
5844 0 6114.30527025
6209.2499635 0 6114.30527025
6209.25 0 6048.04928125
6574.4999635 0 6048.04928125
6574.5 0 5974.67488025
6939.7499635 0 5974.67488025
6939.75 0 5895.89322375
7304.9999635 0 5895.89322375
7305 0 5813.5523615
7670.2499635 0 5813.5523615
7670.25 0 5729.63723475
8035.499963 0 5729.63723475
8035.5 0 5646.3381245
8400.749963 0 5646.3381245
8400.75 0 5565.02395625
8765.999963 0 5565.02395625
8766 0 5487.26899375
9131.249963 0 5487.26899375
9131.25 0 5414.03148525
9496.499963 0 5414.03148525
9496.5 0 5345.99589325
9861.749963 0 5345.99589325
9861.75 0 5283.504449
10226.999963 0 5283.504449
10227 0 5226.69404525
10592.249963 0 5226.69404525
10592.25 0 5175.4962355
10957.499963 0 5175.4962355
10957.5 0 5129.705681
12418.5 0 4991.37577
13514.25 0 4921.35523625
14610 0 4867.008898
15340.499963 0 4850.513347
15705.75 0 4816.29021225
16070.999963 0 4816.29021225
16071 0 4796.91991775
16436.249963 0 4796.91991775
16801.499963 0 4774.67488025
17531.999963 0 4716.7017165
18262.499963 0 4629.5687885
18262.5 0 4558.28139825
19358.249963 0 4480.98039725
19358.25 0 4387.6796715
20088.749963 0 4321.35523625
20088.75 0 4253.11430525
20453.999963 0 4253.11430525
20454 0 4183.29911025
20819.249963 0 4183.29911025
20819.25 0 4112.66256
21184.499963 0 4112.66256
21184.5 0 4041.54688575
21549.749963 0 4041.54688575
21549.75 0 3970.22587275
21914.999963 0 3970.22587275
21915 0 3899.17864475
22280.249963 0 3899.17864475
22280.25 0 3828.5420945
22645.499963 0 3828.5420945
22645.5 0 3758.59000675
23010.749963 0 3758.59000675
23010.75 0 3689.4592745
23375.999963 0 3689.4592745
23376 0 3621.2183435
23741.249963 0 3621.2183435
23741.25 0 3554.072553
24106.499963 0 3554.072553
24106.5 0 3487.88501025
24471.749963 0 3487.88501025
24471.75 0 3422.92950025
24836.999963 0 3422.92950025
24837 0 3344.54544625
25202.249963 0 3344.54544625
25202.25 0 3282.1866265
25567.499963 0 3282.1866265
25567.5 0 3220.98638575
25932.749963 0 3220.98638575
25932.75 0 3160.8765725
26297.999963 0 3160.8765725
26298 0 3101.9253385
26663.249963 0 3101.9253385
26663.25 0 3044.13268375
27028.499963 0 3044.13268375
27028.5 0 2987.56675975
27393.749963 0 2987.56675975
27393.75 0 2932.0231115
27758.999963 0 2932.0231115
27759 0 2877.63804225
28124.249963 0 2877.63804225
28124.25 0 2824.34340075
28489.499963 0 2824.34340075
28489.5 0 2772.07103475
28854.749963 0 2772.07103475
28854.75 0 2720.88909625
29219.999963 0 2720.88909625
29220 0 2670.79758525
29585.249963 0 2670.79758525
29585.25 0 2621.66019825
29950.499963 0 2621.66019825
29950.5 0 2573.545087
30315.749963 0 2573.545087
30315.75 0 2526.52040325
30680.999963 0 2526.52040325
30681 0 2480.381691675
31046.249963 0 2480.381691675
31046.25 0 2435.197104175
31411.499963 0 2435.197104175
31411.5 0 2391.10294415
31776.749963 0 2391.10294415
31776.75 0 2347.758452975
32141.999963 0 2347.758452975
32142 0 2305.504389275
32507.249963 0 2305.504389275
32507.25 0 2264.06814615
32872.499963 0 2264.06814615
32872.5 0 2223.58602705
34333.499963 0 2107.3192001
35429.25 0 1964.200597225
36890.249963 0 1865.244306075
37986 0 1743.934252175
39447 0 1633.73292795
40177.5 0 1582.6191412
40908 0 1533.8906645
41273.249963 0 1533.8906645
41273.25 0 1510.3783226
41638.499963 0 1510.3783226
41638.5 0 1487.54749785
42003.749963 0 1487.54749785
42003.75 0 1465.261886825
42368.999963 0 1465.261886825
42369 0 1443.4533378
42734.249963 0 1443.4533378
42734.25 0 1422.258154225
43099.499963 0 1422.258154225
43099.5 0 1401.6081844
43464.749963 0 1401.6081844
43464.75 0 1381.367124825
43829.999963 0 1381.367124825
43830 0 1361.671279
44195.249963 0 1361.671279
44195.25 0 1342.5206469
44560.499963 0 1342.5206469
44925.749963 0 1323.7789251
45656.25 0 1270.347980025
46386.749963 0 1253.446354525
46751.999963 0 1236.95363935
47482.499963 0 1205.126788125
49308.749963 0 1132.20445235
50769.75 0 1067.9373845
52961.249963 0 1011.303308775
54787.499963 0 961.279949475
58440 0 871.047077925
63553.499963 0 792.6044532
68301.75 0 733.312460575
74876.249963 0 685.6062596
81085.5 0 652.75713265
91312.5 0 618.067909375
101539.5 0 588.967126775
111766.5 0 559.798192475
121993.49996 0 530.356651325
132220.49996 0 498.1208898
142447.49996 0 464.113183675
152674.49996 0 429.3558087
162536.24996 0 394.5984337
172763.24996 0 358.4780244
182990.24996 0 320.994580775
203079 0 248.072245025
223532.99996 0 180.602046515
243621.75 0 121.310053885
271015.5 0 62.6995784125
298409.25 0 26.57916911
381686.24996 0 0.68151715665
381686.25 0 0.0
384242.99996 0 0.0
