0 0 2.9292265572E+07
1826.2499635 0 2.9362902122E+07
2921.9999635 0 2.9304859685E+07
3652.4999635 0 2.9109924709E+07
4017.7499635 0 2.8923750856E+07
4748.2499635 0 2.8356741958E+07
5113.4999635 0 2.7989048597E+07
5478.7499635 0 2.7580835044E+07
5843.9999635 0 2.7141957563E+07
5844 0 2.6680355921E+07
6209.2499635 0 2.6680355921E+07
6209.25 0 2.6203969884E+07
6574.4999635 0 2.6203969884E+07
6574.5 0 2.57229295E+07
6939.7499635 0 2.57229295E+07
6939.75 0 2.5246269678E+07
7304.9999635 0 2.5246269678E+07
7305 0 2.4782477755E+07
7670.2499635 0 2.4782477755E+07
7670.25 0 2.4338672142E+07
8035.499963 0 2.4338672142E+07
8035.5 0 2.3919507187E+07
8766 0 2.3159753593E+07
9496.5 0 2.248569473E+07
10227 0 2.1870499658E+07
10592.249963 0 2.1870499658E+07
10592.25 0 2.1587679671E+07
10957.499963 0 2.1587679671E+07
10957.5 0 2.1324024641E+07
11688 0 2.0843805613E+07
12053.249963 0 2.0843805613E+07
12053.25 0 2.0623682409E+07
12418.499963 0 2.0623682409E+07
12418.5 0 2.041779603E+07
13149 0 2.0042710472E+07
13879.499963 0 1.9869952088E+07
15340.499963 0 1.9227378508E+07
16436.25 0 1.8562080767E+07
21914.999963 0 1.5697895834E+07
28854.75 0 9.4950179921E+06
32872.5 0 6.594090679E+06
40542.749963 0 3.5486867384E+06
40542.75 0 3.4505706114E+06
40907.999963 0 0.0
3.84243E+05 0 0.0
