0 0 8.06512172E+01
365.2499635 0 8.06512172E+01
365.25 0 7.9110010793E+01
730.4999635 0 7.9110010793E+01
730.5 0 7.7696740272E+01
1095.7499635 0 7.7696740272E+01
1095.75 0 7.6391576933E+01
1460.9999635 0 7.6391576933E+01
1461 0 7.5176050202E+01
1826.2499635 0 7.5176050202E+01
1826.25 0 7.4037122027E+01
2191.4999635 0 7.4037122027E+01
2191.5 0 7.2962025982E+01
2556.7499635 0 7.2962025982E+01
2556.75 0 7.1942613284E+01
2921.9999635 0 7.1942613284E+01
2922 0 7.0971006778E+01
3287.2499635 0 7.0971006778E+01
3287.25 0 7.0041773941E+01
3652.4999635 0 7.0041773941E+01
3652.5 0 6.9150568755E+01
4017.7499635 0 6.9150568755E+01
4017.75 0 6.8293588457E+01
4382.9999635 0 6.8293588457E+01
4383 0 6.7467301906E+01
4748.2499635 0 6.7467301906E+01
4748.25 0 6.6668449589E+01
5113.4999635 0 6.6668449589E+01
5113.5 0 6.5893228742E+01
5478.7499635 0 6.5893228742E+01
5478.75 0 6.5137836599E+01
5843.9999635 0 6.5137836599E+01
5844 0 6.4399828526E+01
6209.2499635 0 6.4399828526E+01
6209.25 0 6.3676216635E+01
6574.4999635 0 6.3676216635E+01
6574.5 0 6.2966186049E+01
6939.7499635 0 6.2966186049E+01
6939.75 0 6.2269736766E+01
7304.9999635 0 6.2269736766E+01
7305 0 6.1587955293E+01
7670.2499635 0 6.1587955293E+01
7670.25 0 6.0923014636E+01
8035.499963 0 6.0923014636E+01
8035.5 0 6.0276544554E+01
8400.749963 0 6.0276544554E+01
8400.75 0 5.965098968E+01
8765.999963 0 5.965098968E+01
8766 0 5.9048251397E+01
9131.249963 0 5.9517590691E+01
9131.25 0 5.8934154689E+01
9496.499963 0 5.8934154689E+01
9496.5 0 5.8375633128E+01
9861.749963 0 5.8375633128E+01
9861.75 0 5.7842299795E+01
10226.999963 0 5.7842299795E+01
10227 0 5.7333333333E+01
10592.249963 0 5.7333333333E+01
10592.25 0 5.6848733744E+01
10957.499963 0 5.6848733744E+01
10957.5 0 5.6386584531E+01
11322.749963 0 5.6386584531E+01
11322.75 0 5.5946064339E+01
11687.999963 0 5.5946064339E+01
11688 0 5.5525256674E+01
12053.249963 0 5.5525256674E+01
12053.25 0 5.5123613963E+01
12418.499963 0 5.5123613963E+01
12418.5 0 5.4737850787E+01
15340.499963 0 5.2380561259E+01
15705.749963 0 5.2032854209E+01
15705.75 0 5.1633127995E+01
16070.999963 0 5.1633127995E+01
16071 0 5.1170431211E+01
16436.249963 0 5.1170431211E+01
16436.25 0 5.0611909651E+01
16801.499963 0 5.0611909651E+01
16801.5 0 4.9897862102E+01
17166.749963 0 4.9897862102E+01
17166.75 0 4.9184957884E+01
17531.999963 0 4.9184957884E+01
17532 0 4.8224503765E+01
17897.249963 0 4.8224503765E+01
17897.25 0 4.7214236824E+01
18262.499963 0 4.7214236824E+01
18262.5 0 4.5792733666E+01
18627.749963 0 4.5792733666E+01
18627.75 0 4.4853794994E+01
19358.249963 0 4.4395223565E+01
19358.25 0 4.2811772758E+01
19723.499963 0 4.2811772758E+01
19723.5 0 4.177412731E+01
20088.749963 0 4.177412731E+01
20088.75 0 4.0755646817E+01
20453.999963 0 4.0755646817E+01
20454 0 3.975633128E+01
20819.249963 0 3.975633128E+01
20819.25 0 3.8787132101E+01
21184.499963 0 3.8787132101E+01
21184.5 0 3.7848049281E+01
21549.749963 0 3.7848049281E+01
21549.75 0 3.6936344969E+01
21914.999963 0 3.6936344969E+01
21915 0 3.6054757016E+01
22280.249963 0 3.6054757016E+01
22280.25 0 3.5206023272E+01
22645.499963 0 3.5206023272E+01
22645.5 0 3.4384668036E+01
23010.749963 0 3.4384668036E+01
23010.75 0 3.3593429158E+01
23375.999963 0 3.3593429158E+01
23376 0 3.2832306639E+01
23741.249963 0 3.2832306639E+01
23741.25 0 3.2093086927E+01
24106.499963 0 3.2093086927E+01
24106.5 0 3.1383983573E+01
24471.749963 0 3.1383983573E+01
24471.75 0 3.0699520876E+01
24836.999963 0 3.0699520876E+01
24837 0 3.0036960986E+01
25202.249963 0 3.0036960986E+01
25202.25 0 2.9399041752E+01
25567.499963 0 2.9399041752E+01
25567.5 0 2.8780287474E+01
25932.749963 0 2.8780287474E+01
25932.75 0 2.8183436003E+01
26297.999963 0 2.8183436003E+01
26298 0 2.7605749487E+01
26663.249963 0 2.7605749487E+01
26663.25 0 2.7047227926E+01
27028.499963 0 2.7047227926E+01
27028.5 0 2.6502395619E+01
27393.749963 0 2.6502395619E+01
27393.75 0 2.5979466119E+01
27758.999963 0 2.5979466119E+01
27759 0 2.5472963723E+01
28124.249963 0 2.5517168843E+01
28124.25 0 2.5020467886E+01
28489.499963 0 2.5020467886E+01
28489.5 0 2.4537510951E+01
28854.749963 0 2.4537510951E+01
28854.75 0 2.4073801104E+01
29219.999963 0 2.4073801104E+01
29220 0 2.3621056358E+01
29585.249963 0 2.3621056358E+01
29585.25 0 2.3182082997E+01
29950.499963 0 2.3182082997E+01
29950.5 0 2.2751364259E+01
30315.749963 0 2.2751364259E+01
30315.75 0 2.2337113705E+01
30680.999963 0 2.2337113705E+01
30681 0 2.1931104078E+01
31046.249963 0 2.1931104078E+01
31046.25 0 2.153608692E+01
31411.499963 0 2.153608692E+01
31411.5 0 2.1152075929E+01
31776.749963 0 2.1152075929E+01
31776.75 0 2.0776292186E+01
35063.999963 0 1.809125428E+01
37986 0 1.5606709226E+01
42003.749963 0 1.3368995128E+01
45656.25 0 1.1427393311E+01
54057 0 8.6740460439E+00
65014.5 0 6.759959643E+00
68667 0 6.3815475734E+00
72319.499963 0 6.1128411908E+00
75971.999963 0 5.8825331737E+00
79259.25 0 5.7015749163E+00
84007.5 0 5.492719762E+00
88755.749963 0 5.3618551609E+00
90216.749963 0 5.3236971E+00
90581.999963 0 5.3128064602E+00
90947.249963 0 5.3018886014E+00
91312.499963 0 5.2937070154E+00
93503.999963 0 5.239199383E+00
97887 0 5.1301568946E+00
116514.75 0 4.6912370405E+00
135142.5 0 4.1977823122E+00
153770.24996 0 3.6579742957E+00
172397.99996 0 3.0690494992E+00
191025.74996 0 2.4637206842E+00
227916 0 1.3538014574E+00
259692.74996 0 6.6622110652E-01
291104.25 0 2.5948304823E-01
382051.49996 0 5.4725457053E-03
3.84243E+05 0 0.0
