0 0 8.0057124787E-14
29950.499963 0 2.6188681991E-06
55883.249963 0 1.3549843052E-04
81450.749963 0 3.0990987572E-04
94234.499963 0 4.2453295285E-04
107018.24996 0 5.764232926E-04
119801.99996 0 7.7957252131E-04
132585.74996 0 1.0483331279E-03
139890.74996 0 1.2367197966E-03
146830.49996 0 1.4416460001E-03
154135.49996 0 1.6859663684E-03
161075.24996 0 1.9456233963E-03
168380.24996 0 2.2470530014E-03
175319.99996 0 2.5577502137E-03
182624.99996 0 2.9065840393E-03
189564.74996 0 3.2529574383E-03
196869.74996 0 3.6272156729E-03
203809.49996 0 3.9845243015E-03
211114.49996 0 4.3549552057E-03
218054.24996 0 4.6953142283E-03
232298.99996 0 5.3388524929E-03
246543.74996 0 5.97227567E-03
256040.24996 0 6.6368642516E-03
260788.49996 0 7.162302036E-03
265536.74996 0 7.8345452783E-03
270284.99996 0 8.5879826008E-03
275033.24996 0 9.3086142343E-03
279781.49996 0 9.9043108692E-03
284529.74996 0 1.0352928665E-02
289277.99996 0 1.0684266124E-02
294026.24996 0 1.0940697259E-02
298774.49996 0 1.1161862278E-02
300235.49996 0 1.1228293798E-02
300600.74996 0 1.1244696643E-02
300965.99996 0 1.1261646249E-02
301331.24996 0 1.1278049093E-02
303522.74996 0 1.1380566871E-02
313019.24996 0 1.1927601734E-02
322515.74996 0 1.2859830061E-02
331281.74996 0 1.4532920197E-02
335664.74996 0 1.596543528E-02
340047.74996 0 1.8116941712E-02
348083.24996 0 2.5282250937E-02
354292.49996 0 3.5730862861E-02
360136.49996 0 5.2038024068E-02
360501.74996 0 5.333384878E-02
360501.75 0 5.4662479182E-02
360866.99996 0 5.4662479182E-02
360867 0 5.6032116695E-02
361232.24996 0 5.6032116695E-02
361232.25 0 5.7440027512E-02
361597.49996 0 5.7440027512E-02
361597.5 0 5.8886211632E-02
361962.74996 0 5.8886211632E-02
361962.75 0 6.0376136671E-02
362327.99996 0 6.0376136671E-02
362328 0 6.1904335014E-02
362693.24996 0 6.1904335014E-02
362693.25 0 6.3476274275E-02
363058.49996 0 6.3476274275E-02
363058.5 0 6.5091954455E-02
363423.74996 0 6.5091954455E-02
363423.75 0 6.6751375553E-02
363788.99996 0 6.6751375553E-02
363789 0 6.8457271378E-02
364154.24996 0 6.8457271378E-02
364154.25 0 7.0206908121E-02
364519.49996 0 7.0206908121E-02
364519.5 0 7.2005753397E-02
364884.74996 0 7.2112251882E-02
364884.75 0 7.3963039014E-02
365249.99996 0 7.3963039014E-02
365250 0 7.5863107461E-02
365615.24996 0 7.5863107461E-02
365615.25 0 7.7812457221E-02
365980.49996 0 7.7812457221E-02
365980.5 0 7.9813826146E-02
366345.74996 0 7.9813826146E-02
366345.75 0 8.1867214237E-02
366710.99996 0 8.1867214237E-02
366711 0 8.3975359343E-02
367076.24996 0 8.3975359343E-02
367076.25 0 8.6138261465E-02
367441.49996 0 8.6138261465E-02
367441.5 0 8.8358658453E-02
367806.74996 0 8.8358658453E-02
367806.75 0 9.0633812457E-02
368171.99996 0 9.0633812457E-02
368172 0 9.2969199179E-02
368537.24996 0 9.2969199179E-02
368537.25 0 9.5364818617E-02
368902.49996 0 9.5364818617E-02
368902.5 0 9.7817932923E-02
369267.74996 0 9.7817932923E-02
369267.75 0 1.003340178E-01
369632.99996 0 1.003340178E-01
369633 0 1.0291581109E-01
369998.24996 0 1.0291581109E-01
369998.25 0 1.0556057495E-01
370363.49996 0 1.0556057495E-01
370363.5 0 1.0827104723E-01
370728.74996 0 1.0827104723E-01
370728.75 0 1.1104722793E-01
371093.99996 0 1.1104722793E-01
371094 0 1.1389459274E-01
371459.24996 0 1.1389459274E-01
371459.25 0 1.1681040383E-01
371824.49996 0 1.1681040383E-01
371824.5 0 1.1979739904E-01
372189.74996 0 1.1979739904E-01
372189.75 0 1.2285557837E-01
372554.99996 0 1.2285557837E-01
372555 0 1.2598767967E-01
372920.24996 0 1.2598767967E-01
372920.25 0 1.2919644079E-01
373285.49996 0 1.2919644079E-01
373285.5 0 1.3248186174E-01
373650.74996 0 1.3248186174E-01
373650.75 0 1.3584394251E-01
374015.99996 0 1.3584394251E-01
374016 0 1.3928542094E-01
374381.24996 0 1.3928542094E-01
374381.25 0 1.4280903491E-01
374746.49996 0 1.4280903491E-01
374746.5 0 1.4641478439E-01
375111.74996 0 1.4641478439E-01
375111.75 0 1.5010540726E-01
375476.99996 0 1.5010540726E-01
375477 0 1.5388090349E-01
375842.24996 0 1.5388090349E-01
375842.25 0 1.5774401095E-01
376207.49996 0 1.5774401095E-01
376207.5 0 1.6169472964E-01
376572.74996 0 1.6169472964E-01
376572.75 0 1.657357974E-01
376937.99996 0 1.657357974E-01
376938 0 1.6986721424E-01
377303.24996 0 1.6986721424E-01
377303.25 0 1.740971937E-01
377668.49996 0 1.740971937E-01
377668.5 0 1.784202601E-01
378033.74996 0 1.784202601E-01
378033.75 0 1.8283641342E-01
378398.99996 0 1.8283641342E-01
378399 0 1.8735660507E-01
378764.24996 0 1.8735660507E-01
378764.25 0 1.9197535934E-01
379129.49996 0 1.9197535934E-01
379129.5 0 1.9669267625E-01
379494.74996 0 1.9669267625E-01
379494.75 0 2.0151950719E-01
379859.99996 0 2.0151950719E-01
379860 0 2.0645037645E-01
380225.24996 0 2.0645037645E-01
380225.25 0 2.1148528405E-01
380590.49996 0 2.1148528405E-01
380590.5 0 2.1663518138E-01
380955.74996 0 2.1663518138E-01
380955.75 0 2.2189185489E-01
381320.99996 0 2.2189185489E-01
381321 0 2.2726351814E-01
381686.24996 0 2.2726351814E-01
381686.25 0 2.3275017112E-01
382051.49996 0 2.3275017112E-01
3.84243E+05 0 0.0
