0 0 2.9463737166E+01
365.2499635 0 2.9463737166E+01
365.25 0 2.9104175222E+01
730.4999635 0 2.9104175222E+01
730.5 0 2.8788720055E+01
1095.7499635 0 2.8788720055E+01
1095.75 0 2.8509514031E+01
1460.9999635 0 2.8509514031E+01
1461 0 2.825927447E+01
1826.2499635 0 2.825927447E+01
1826.25 0 2.8032854209E+01
2191.4999635 0 2.8032854209E+01
2191.5 0 2.7825051335E+01
2556.7499635 0 2.7825051335E+01
2556.75 0 2.7632854209E+01
2921.9999635 0 2.7632854209E+01
2922 0 2.7452703628E+01
4748.2499635 0 2.6785763176E+01
4748.25 0 2.6601232033E+01
5113.4999635 0 2.6601232033E+01
5113.5 0 2.6391238877E+01
5478.7499635 0 2.6391238877E+01
5478.75 0 2.6145927447E+01
5843.9999635 0 2.6145927447E+01
5844 0 2.5859548255E+01
6209.2499635 0 2.5859548255E+01
6209.25 0 2.5530184805E+01
6574.4999635 0 2.5530184805E+01
6574.5 0 2.5162765229E+01
6939.7499635 0 2.5162765229E+01
6939.75 0 2.4764134155E+01
7304.9999635 0 2.4764134155E+01
7305 0 2.4343874059E+01
7670.2499635 0 2.4343874059E+01
7670.25 0 2.3913483915E+01
8035.499963 0 2.3913483915E+01
8035.5 0 2.3482546201E+01
8400.749963 0 2.3482546201E+01
8400.75 0 2.3059548255E+01
8765.999963 0 2.3059548255E+01
8766 0 2.2652429843E+01
9131.249963 0 2.2652429843E+01
9131.25 0 2.2266119097E+01
9496.499963 0 2.2266119097E+01
9496.5 0 2.1903901437E+01
9861.749963 0 2.1903901437E+01
9861.75 0 2.1568788501E+01
10226.999963 0 2.1568788501E+01
10227 0 2.1261875428E+01
10592.249963 0 2.1261875428E+01
10592.25 0 2.0982888433E+01
10957.499963 0 2.0982888433E+01
10957.5 0 2.073100616E+01
11322.749963 0 2.073100616E+01
11322.75 0 2.0504859685E+01
11687.999963 0 2.0504859685E+01
11688 0 2.0302806297E+01
12053.249963 0 2.0302806297E+01
12053.25 0 2.0121560575E+01
12418.499963 0 2.0121560575E+01
12418.5 0 1.9960027379E+01
12783.75 0 1.9815195072E+01
14975.25 0 1.9173442847E+01
17166.749963 0 1.868730803E+01
17897.249963 0 1.8403285421E+01
17897.25 0 1.8221218344E+01
18262.499963 0 1.8221218344E+01
18262.5 0 1.7941906507E+01
18627.749963 0 1.7941906507E+01
18627.75 0 1.7739491716E+01
19358.249963 0 1.7638245857E+01
19358.25 0 1.726954141E+01
19723.499963 0 1.726954141E+01
19723.5 0 1.7006160164E+01
20088.749963 0 1.7006160164E+01
20088.75 0 1.6733196441E+01
20453.999963 0 1.6733196441E+01
20454 0 1.6453661875E+01
20819.249963 0 1.6453661875E+01
20819.25 0 1.6168651608E+01
21184.499963 0 1.6168651608E+01
21184.5 0 1.5881177276E+01
21549.749963 0 1.5881177276E+01
21549.75 0 1.5592060233E+01
21914.999963 0 1.5592060233E+01
21915 0 1.5303764545E+01
22280.249963 0 1.5303764545E+01
22280.25 0 1.5016290212E+01
22645.499963 0 1.5016290212E+01
22645.5 0 1.473155373E+01
23010.749963 0 1.473155373E+01
23010.75 0 1.4449828884E+01
23375.999963 0 1.4449828884E+01
23376 0 1.4100001727E+01
23741.249963 0 1.4100001727E+01
23741.25 0 1.3827611615E+01
24106.499963 0 1.3827611615E+01
24106.5 0 1.3559852136E+01
24471.749963 0 1.3559852136E+01
24471.75 0 1.3297268068E+01
24836.999963 0 1.3297268068E+01
24837 0 1.3039587023E+01
25202.249963 0 1.3039587023E+01
25202.25 0 1.2786808999E+01
25567.499963 0 1.2786808999E+01
25567.5 0 1.2539206388E+01
25932.749963 0 1.2539206388E+01
25932.75 0 1.2296779189E+01
26297.999963 0 1.2296779189E+01
26298 0 1.2059527402E+01
26663.249963 0 1.2059527402E+01
26663.25 0 1.1827178637E+01
27028.499963 0 1.1827178637E+01
27028.5 0 1.1600005284E+01
27393.749963 0 1.1600005284E+01
27393.75 0 1.1377462563E+01
27758.999963 0 1.1377462563E+01
27759 0 1.1160095254E+01
28124.249963 0 1.1160095254E+01
28124.25 0 1.0947358577E+01
28489.499963 0 1.0947358577E+01
28489.5 0 1.0738980142E+01
28854.749963 0 1.0738980142E+01
28854.75 0 1.0535777119E+01
29219.999963 0 1.0535777119E+01
29220 0 1.0336387557E+01
29585.249963 0 1.0336387557E+01
29585.25 0 1.0141901018E+01
29950.499963 0 1.0141901018E+01
29950.5 0 9.9512279398E+00
30315.749963 0 9.9512279398E+00
30315.75 0 9.7649131036E+00
30680.999963 0 9.7649131036E+00
30681 0 9.5829565092E+00
31046.249963 0 9.5829565092E+00
31046.25 0 9.4048133763E+00
31411.499963 0 9.4048133763E+00
31411.5 0 9.2307560952E+00
31776.749963 0 9.2307560952E+00
31776.75 0 9.0602398854E+00
32141.999963 0 9.0602398854E+00
32142 0 8.8938095273E+00
32507.249963 0 8.8938095273E+00
32507.25 0 8.7309202407E+00
32872.499963 0 8.7309202407E+00
32872.5 0 8.5718444157E+00
34333.5 0 7.9704070497E+00
35794.5 0 7.4220857554E+00
37255.5 0 6.9233394615E+00
38716.5 0 6.4695375359E+00
39447 0 6.2587075897E+00
39812.25 0 6.1571060781E+00
40177.499963 0 6.1571060781E+00
40177.5 0 6.0579560776E+00
40542.749963 0 6.0579560776E+00
40542.75 0 5.961257588E+00
40907.999963 0 5.961257588E+00
40908 0 5.8667382194E+00
41273.249963 0 5.8667382194E+00
41273.25 0 5.7746703617E+00
41638.499963 0 5.7746703617E+00
41638.5 0 5.6847816249E+00
42003.749963 0 5.6847816249E+00
42003.75 0 5.5970720091E+00
42368.999963 0 5.5970720091E+00
42734.249963 0 5.5115415141E+00
43464.75 0 5.2672075842E+00
44195.249963 0 5.1895764024E+00
44560.499963 0 5.1141243416E+00
45290.999963 0 4.9681232418E+00
47117.249963 0 4.6339005752E+00
48578.25 0 4.3383573043E+00
52961.249963 0 3.8028383453E+00
56979 0 3.3612939747E+00
62457.75 0 2.9641491923E+00
67936.5 0 2.6912143006E+00
82546.5 0 2.3213085294E+00
122724 0 1.9320630602E+00
142812.75 0 1.7351250096E+00
162901.49996 0 1.5226607227E+00
182990.24996 0 1.2884052269E+00
203078.99996 0 1.0432541267E+00
223167.74996 0 8.0082692752E-01
242891.25 0 5.7474313506E-01
272841.74996 0 3.0780082588E-01
302427 0 1.3074725347E-01
382051.49996 0 5.447802228E-03
3.84243E+05 0 0.0
