0 0 7.5010540726E-04
365.2499635 0 7.5010540726E-04
365.25 0 4.9154277892E-04
730.4999635 0 4.9154277892E-04
730.5 0 3.1765366188E-04
1095.7499635 0 3.1765366188E-04
1095.75 0 2.0250513347E-04
1460.9999635 0 2.0250513347E-04
1461 0 1.2740041068E-04
1826.2499635 0 1.2740041068E-04
1826.25 0 7.9123887748E-05
2191.4999635 0 7.9123887748E-05
2191.5 0 4.8531143053E-05
2556.7499635 0 4.8531143053E-05
2556.75 0 2.9407255305E-05
2921.9999635 0 2.9407255305E-05
2922 0 1.7612594114E-05
3287.2499635 0 1.7612594114E-05
3287.25 0 1.043394935E-05
3652.4999635 0 1.043394935E-05
3652.5 0 6.1136208077E-06
4017.7499635 0 6.1136208077E-06
4017.75 0 3.5427789185E-06
4382.9999635 0 3.5427789185E-06
4383 0 2.0369609856E-06
4748.2499635 0 2.0369609856E-06
4748.25 0 1.1553730322E-06
5113.4999635 0 1.1553730322E-06
5113.5 0 6.5434633812E-07
5478.7499635 0 6.5434633812E-07
5478.75 0 3.6413415469E-07
5843.9999635 0 3.6413415469E-07
5844 0 1.9986310746E-07
6209.2499635 0 1.9986310746E-07
6209.25 0 1.1225188227E-07
6939.7499635 0 6.0232717317E-08
7305 0 1.6427104723E-08
9131.25 0 0.0
290739 0 0.0
3.84243E+05 0 0.0
