0 0 1.0096498166E-04
365.2499635 0 1.0096498166E-04
365.25 0 1.0942054531E-04
730.4999635 0 1.094349076E-04
730.5 0 1.1659904175E-04
1095.7499635 0 1.1659904175E-04
1095.75 0 1.2227871321E-04
1460.9999635 0 1.2227871321E-04
1461 0 1.263559206E-04
1826.2499635 0 1.263559206E-04
1826.25 0 1.2878740589E-04
2191.4999635 0 1.2878740589E-04
2191.5 0 1.2960109514E-04
2556.7499635 0 1.2960109514E-04
2556.75 0 1.2888405202E-04
2921.9999635 0 1.2888405202E-04
2922 0 1.267742642E-04
3287.2499635 0 1.267742642E-04
3287.25 0 1.2344613279E-04
3652.4999635 0 1.2344613279E-04
3652.5 0 1.1909650924E-04
4017.7499635 0 1.1909650924E-04
4017.75 0 1.1393374401E-04
4382.9999635 0 1.1393374401E-04
4383 0 1.0816427105E-04
4748.2499635 0 1.0816427105E-04
4748.25 0 1.019871321E-04
5113.4999635 0 1.019871321E-04
5113.5 0 9.5582477755E-05
5478.7499635 0 9.5582477755E-05
5478.75 0 8.9109650924E-05
5843.9999635 0 8.9109650924E-05
5844 0 8.2684751417E-05
6209.2499635 0 8.2684751417E-05
6209.25 0 7.645733E-05
6574.4999635 0 7.645733E-05
6574.5 0 7.0490764484E-05
6939.7499635 0 7.0490764484E-05
6939.75 0 6.4845547161E-05
7304.9999635 0 6.4845547161E-05
7305 0 5.9561367544E-05
7670.2499635 0 5.9561367544E-05
7670.25 0 5.4658754692E-05
8035.499963 0 5.4658754692E-05
8035.5 0 5.0143730461E-05
8400.749963 0 5.0143730461E-05
8400.75 0 4.6009999273E-05
8765.999963 0 4.6009999273E-05
8766 0 4.2237853234E-05
9131.249963 0 4.2237853234E-05
9131.25 0 3.8810869095E-05
9496.499963 0 3.8810869095E-05
9496.5 0 3.569866385E-05
9861.749963 0 3.569866385E-05
9861.75 0 3.2873865423E-05
10226.999963 0 3.2873865423E-05
10227 0 3.0303627318E-05
10592.249963 0 3.0303627318E-05
10592.25 0 2.7963314667E-05
10957.499963 0 2.7963314667E-05
10957.5 0 2.58282926E-05
11322.749963 0 2.58282926E-05
11322.75 0 2.3871189038E-05
11687.999963 0 2.3871189038E-05
11688 0 2.207010632E-05
12053.249963 0 2.207010632E-05
12053.25 0 2.0411358406E-05
12418.499963 0 2.0411358406E-05
12418.5 0 1.8870310427E-05
12783.749963 0 1.8870310427E-05
12783.75 0 1.7441487966E-05
13148.999963 0 1.7441487966E-05
13149 0 1.610573057E-05
13514.249963 0 1.610573057E-05
13514.25 0 1.4854826615E-05
13879.499963 0 1.4854826615E-05
13879.5 0 1.3675090063E-05
14244.749963 0 1.3675090063E-05
14244.75 0 1.2566520912E-05
14609.999963 0 1.2566520912E-05
14610 0 1.1512695917E-05
14975.249963 0 1.1512695917E-05
14975.25 0 1.0521826701E-05
15340.499963 0 1.0521826701E-05
15340.5 0 9.5966504722E-06
15705.749963 0 9.5966504722E-06
15705.75 0 8.7344300219E-06
16070.999963 0 8.7344300219E-06
16071 0 7.9379025583E-06
16436.249963 0 7.9379025583E-06
16436.25 0 7.2070680814E-06
16801.499963 0 7.2070680814E-06
16801.5 0 6.4852222264E-06
17166.749963 0 6.4852222264E-06
17166.75 0 5.8376069406E-06
17531.999963 0 5.8376069406E-06
17532 0 5.3951167848E-06
17897.249963 0 5.3951167848E-06
17897.25 0 4.8229601061E-06
18262.499963 0 4.8229601061E-06
18262.5 0 4.317606614E-06
18627.749963 0 4.317606614E-06
18627.75 0 3.9772804358E-06
18992.999963 0 3.9772804358E-06
18993 0 3.6084359222E-06
19358.249963 0 3.6084359222E-06
19358.25 0 3.3538731867E-06
19723.499963 0 3.3538731867E-06
19723.5 0 3.0410378422E-06
20088.749963 0 3.0410378422E-06
20088.75 0 2.8056379732E-06
20453.999963 0 2.8056379732E-06
20454 0 2.5948729742E-06
20819.249963 0 2.5948729742E-06
20819.25 0 2.4032684297E-06
21184.499963 0 2.4032684297E-06
21184.5 0 2.2335615474E-06
21549.749963 0 2.2335615474E-06
21549.75 0 2.0802779118E-06
21914.999963 0 2.0802779118E-06
21915 0 1.9434175229E-06
22280.249963 0 1.9434175229E-06
22280.25 0 1.8175059651E-06
22645.499963 0 1.8175059651E-06
22645.5 0 1.7025432384E-06
23010.749963 0 1.7025432384E-06
23010.75 0 1.6012665506E-06
23375.999963 0 1.6012665506E-06
23376 0 1.5082014861E-06
23741.249963 0 1.5082014861E-06
23741.25 0 1.4233480449E-06
24106.499963 0 1.4233480449E-06
24106.5 0 1.3439690194E-06
24471.749963 0 1.3439690194E-06
24471.75 0 1.2700644093E-06
24836.999963 0 1.2700644093E-06
24837 0 1.2071086304E-06
25202.249963 0 1.2071086304E-06
25202.25 0 1.1468900593E-06
25567.499963 0 1.1468900593E-06
25567.5 0 1.0894086959E-06
25932.749963 0 1.0894086959E-06
25932.75 0 1.0374017481E-06
26297.999963 0 1.0374017481E-06
26298 0 9.908692159E-07
26663.249963 0 9.908692159E-07
26663.25 0 9.4433668366E-07
28489.5 0 7.6094376249E-07
29950.499963 0 6.7609032135E-07
31046.25 0 5.8302525687E-07
33237.75 0 4.7901136128E-07
35429.249963 0 4.1331837459E-07
39447 0 3.0109285566E-07
43099.499963 0 2.4908590786E-07
46386.75 0 2.0802779118E-07
53326.5 0 1.5602084339E-07
63918.75 0 1.1769993449E-07
74510.999963 0 1.0127668781E-07
95330.25 0 7.3904610026E-08
116514.74996 0 5.7481363353E-08
137334 0 4.379532446E-08
231203.25 0 1.6423246672E-08
325072.5 0 0.0
381686.24996 0 2.7372077787E-09
3.84243E+05 0 0.0
