0 0 3.274146475E+02
365.2499635 0 3.274146475E+02
365.25 0 3.0844380561E+02
730.4999635 0 3.0844380561E+02
730.5 0 2.8934976044E+02
1095.7499635 0 2.8934976044E+02
1095.75 0 2.7018206708E+02
1460.9999635 0 2.7018206708E+02
1461 0 2.5104722793E+02
1826.2499635 0 2.5104722793E+02
1826.25 0 2.3212594114E+02
2191.4999635 0 2.3212594114E+02
2191.5 0 2.1361533196E+02
2556.7499635 0 2.1361533196E+02
2556.75 0 1.956550308E+02
2921.9999635 0 1.956550308E+02
2922 0 1.7834086242E+02
3287.2499635 0 1.7834086242E+02
3287.25 0 1.6174401095E+02
3652.4999635 0 1.6174401095E+02
3652.5 0 1.4590554415E+02
4017.7499635 0 1.4590554415E+02
4017.75 0 1.3088021903E+02
4382.9999635 0 1.3088021903E+02
4383 0 1.1670910335E+02
4748.2499635 0 1.1670910335E+02
4748.25 0 1.0343600274E+02
5113.4999635 0 1.0343600274E+02
5113.5 0 9.109650924E+01
5478.7499635 0 9.109650924E+01
5478.75 0 7.9701574264E+01
5843.9999635 0 7.9701574264E+01
5844 0 6.9267624914E+01
6209.2499635 0 6.9267624914E+01
6209.25 0 5.9786447639E+01
6574.4999635 0 5.9786447639E+01
6574.5 0 5.1247091034E+01
6939.7499635 0 5.1247091034E+01
6939.75 0 4.3613963039E+01
7304.9999635 0 4.3613963039E+01
7305 0 3.6856947296E+01
7670.2499635 0 3.6856947296E+01
7670.25 0 3.0918548939E+01
8035.499963 0 3.0918548939E+01
8035.5 0 2.5754962355E+01
8400.749963 0 2.5754962355E+01
8400.75 0 2.1303216975E+01
8765.999963 0 2.1303216975E+01
8766 0 1.749486653E+01
9131.249963 0 1.749486653E+01
9131.25 0 1.4272416153E+01
9496.499963 0 1.4272416153E+01
9496.5 0 1.1570157426E+01
9861.749963 0 1.1570157426E+01
9861.75 0 9.3169062286E+00
10226.999963 0 9.3169062286E+00
10227 0 7.4633812457E+00
10592.249963 0 7.4633812457E+00
10592.25 0 5.9466119097E+00
10957.499963 0 5.9466119097E+00
10957.5 0 4.7118412047E+00
11322.749963 0 4.7118412047E+00
11322.75 0 3.6933607118E+00
11687.999963 0 3.6933607118E+00
11688 0 2.8473648186E+00
12053.249963 0 2.8473648186E+00
12053.25 0 2.160164271E+00
12418.499963 0 2.160164271E+00
12418.5 0 1.6372347707E+00
12783.749963 0 1.6372347707E+00
12783.75 0 1.2511978097E+00
13149 0 9.6372347707E-01
13514.25 0 7.6112251882E-01
13879.499963 0 7.6112251882E-01
13879.5 0 6.0780287474E-01
14244.749963 0 6.0780287474E-01
14244.75 0 4.9828884326E-01
14610 0 4.1067761807E-01
14975.249963 0 4.1067761807E-01
14975.25 0 3.4223134839E-01
15340.5 0 2.9295003422E-01
17897.25 0 1.2046543463E-01
20453.999963 0 7.1184120465E-02
25202.25 0 3.0116358658E-02
46386.75 0 5.4757015743E-03
67571.25 0 0.0
141351.75 0 0.0
215132.24996 0 2.7378507871E-03
215132.25 0 0.0
3.84243E+05 0 0.0
