0 0 5.5218121807E+02
365.2499635 0 5.5218121807E+02
365.25 0 5.1726532936E+02
730.4999635 0 5.1742642026E+02
730.5 0 4.8258179329E+02
1095.7499635 0 4.8258179329E+02
1095.75 0 4.4791786448E+02
1460.9999635 0 4.4791786448E+02
1461 0 4.1365092402E+02
1826.2499635 0 4.1365092402E+02
1826.25 0 3.8009582478E+02
2191.4999635 0 3.8009582478E+02
2191.5 0 3.4758932238E+02
2556.7499635 0 3.4758932238E+02
2556.75 0 3.1636960986E+02
2921.9999635 0 3.1636960986E+02
2922 0 2.8659548255E+02
3287.2499635 0 2.8659548255E+02
3287.25 0 2.5834633812E+02
3652.4999635 0 2.5834633812E+02
3652.5 0 2.3169062286E+02
4017.7499635 0 2.3169062286E+02
4017.75 0 2.0666666667E+02
4382.9999635 0 2.0666666667E+02
4383 0 1.8331827515E+02
4748.2499635 0 1.8331827515E+02
4748.25 0 1.6166735113E+02
5113.4999635 0 1.6166735113E+02
5113.5 0 1.4172758385E+02
5478.7499635 0 1.4172758385E+02
5478.75 0 1.2349075975E+02
5843.9999635 0 1.2349075975E+02
5844 0 1.0693771389E+02
6209.2499635 0 1.0693771389E+02
6209.25 0 9.2024640657E+01
6574.4999635 0 9.2024640657E+01
6574.5 0 7.8688569473E+01
6939.7499635 0 7.8688569473E+01
6939.75 0 6.6861054073E+01
7304.9999635 0 6.6861054073E+01
7305 0 5.6449007529E+01
7670.2499635 0 5.6449007529E+01
7670.25 0 4.7362080767E+01
8035.499963 0 4.7362080767E+01
8035.5 0 3.9498973306E+01
8400.749963 0 3.9498973306E+01
8400.75 0 3.2741957563E+01
8765.999963 0 3.2741957563E+01
8766 0 2.6995208761E+01
9131.249963 0 2.6995208761E+01
9131.25 0 2.2140999316E+01
9496.499963 0 2.2140999316E+01
9496.5 0 1.8078028747E+01
9861.749963 0 1.8078028747E+01
9861.75 0 1.4702258727E+01
10226.999963 0 1.4702258727E+01
10227 0 1.1920602327E+01
10592.249963 0 1.1920602327E+01
10592.25 0 9.6481861739E+00
10957.499963 0 9.6481861739E+00
10957.5 0 7.7919233402E+00
11322.749963 0 7.7919233402E+00
11322.75 0 6.2450376454E+00
11688 0 4.9472963723E+00
12053.249963 0 4.9472963723E+00
12053.25 0 3.8904859685E+00
12418.499963 0 3.8904859685E+00
12418.5 0 3.0636550308E+00
12783.75 0 2.4421629021E+00
13148.999963 0 2.4421629021E+00
13514.249963 0 1.9739904175E+00
14244.749963 0 1.3607118412E+00
15705.75 0 6.7624914442E-01
21549.749963 0 2.1629021218E-01
27028.5 0 1.1498973306E-01
33603 0 7.3921971253E-02
40177.499963 0 5.2019164956E-02
42003.749963 0 4.3805612594E-02
43464.749963 0 4.3805612594E-02
43829.999963 0 4.1067761807E-02
44195.249963 0 4.1067761807E-02
44560.499963 0 3.832991102E-02
45290.999963 0 3.832991102E-02
46751.999963 0 3.5592060233E-02
50039.249963 0 3.0116358658E-02
52961.249963 0 3.0116358658E-02
54787.499963 0 2.4640657084E-02
56248.499963 0 2.4640657084E-02
59535.749963 0 2.1902806297E-02
65744.999963 0 1.916495551E-02
78528.749963 0 1.3689253936E-02
129663.75 0 0.0
239603.99996 0 2.7378507871E-03
239604 0 0.0
3.84243E+05 0 0.0
