0 0 2.1126025547E+01
365.2499635 0 2.1126025547E+01
365.25 0 2.1012009792E+01
730.4999635 0 2.1012009792E+01
730.5 0 2.0881748408E+01
1095.7499635 0 2.0881748408E+01
1095.75 0 2.0723414148E+01
1460.9999635 0 2.0723414148E+01
1461 0 2.0524775641E+01
1826.2499635 0 2.0524775641E+01
1826.25 0 2.0278073782E+01
2191.4999635 0 2.0278073782E+01
2191.5 0 1.9980560554E+01
2556.7499635 0 1.9980560554E+01
2556.75 0 1.96335022E+01
2921.9999635 0 1.96335022E+01
2922 0 1.924312217E+01
3287.2499635 0 1.924312217E+01
3287.25 0 1.8819065464E+01
3652.4999635 0 1.8819065464E+01
3652.5 0 1.8374802752E+01
4017.7499635 0 1.8374802752E+01
4017.75 0 1.7922996465E+01
4382.9999635 0 1.7922996465E+01
4383 0 1.7474423138E+01
4748.2499635 0 1.7474423138E+01
4748.25 0 1.7038781655E+01
5113.4999635 0 1.7038781655E+01
5113.5 0 1.6621729698E+01
5478.7499635 0 1.6621729698E+01
5478.75 0 1.6227847293E+01
5843.9999635 0 1.6227847293E+01
5844 0 1.5858212096E+01
6209.2499635 0 1.5858212096E+01
6209.25 0 1.5514171172E+01
6574.4999635 0 1.5514171172E+01
6574.5 0 1.5194916282E+01
6939.7499635 0 1.5194916282E+01
6939.75 0 1.4898830946E+01
7304.9999635 0 1.4898830946E+01
7305 0 1.4625106922E+01
7670.2499635 0 1.4625106922E+01
7670.25 0 1.437131949E+01
8035.499963 0 1.437131949E+01
8035.5 0 1.4136660411E+01
8400.749963 0 1.4136660411E+01
8400.75 0 1.3918704963E+01
8765.999963 0 1.3918704963E+01
8766 0 1.3716106079E+01
9131.249963 0 1.3716106079E+01
9131.25 0 1.3528055519E+01
9496.499963 0 1.3528055519E+01
9496.5 0 1.3353206217E+01
9861.749963 0 1.3353206217E+01
9861.75 0 1.3189941691E+01
10226.999963 0 1.3189941691E+01
10227 0 1.3037723115E+01
10592.249963 0 1.3037723115E+01
10592.25 0 1.2895742248E+01
10957.499963 0 1.2895742248E+01
10957.5 0 1.2762652024E+01
11322.749963 0 1.2762652024E+01
11322.75 0 1.2637913615E+01
11687.999963 0 1.2637913615E+01
11688 0 1.2520988196E+01
12053.249963 0 1.2520988196E+01
12053.25 0 1.2409989871E+01
12418.499963 0 1.2611362081E+01
12418.5 0 1.2504859686E+01
12783.749963 0 1.2504859686E+01
12783.75 0 1.2402464066E+01
13148.999963 0 1.2402464066E+01
13149 0 1.2302806298E+01
13514.249963 0 1.2302806298E+01
13514.25 0 1.2201505818E+01
13879.499963 0 1.2201505818E+01
13879.5 0 1.2094455853E+01
14244.749963 0 1.2094455853E+01
14244.75 0 1.1975633129E+01
14609.999963 0 1.1975633129E+01
14610 0 1.183983573E+01
14975.249963 0 1.183983573E+01
14975.25 0 1.168350445E+01
15340.499963 0 1.168350445E+01
15340.5 0 1.1504449008E+01
15705.749963 0 1.1504449008E+01
15705.75 0 1.1303490761E+01
16070.999963 0 1.1303490761E+01
16071 0 1.1082819987E+01
16436.249963 0 1.1082819987E+01
16436.25 0 1.0845722109E+01
16801.499963 0 1.0845722109E+01
16801.5 0 1.057297028E+01
17166.749963 0 1.057297028E+01
17166.75 0 1.0283017974E+01
17531.999963 0 1.0283017974E+01
17532 0 1.0064477185E+01
17897.249963 0 1.0064477185E+01
17897.25 0 9.7464750189E+00
18262.499963 0 9.7464750189E+00
18262.5 0 9.4256911723E+00
18627.749963 0 9.4256911723E+00
18627.75 0 9.1726661796E+00
18992.999963 0 9.1726661796E+00
18993 0 8.8834746111E+00
19358.249963 0 8.8834746111E+00
19358.25 0 8.6619052125E+00
19723.499963 0 8.6619052125E+00
19723.5 0 8.3624914469E+00
20088.749963 0 8.3624914469E+00
20088.75 0 8.1111567447E+00
20453.999963 0 8.1111567447E+00
20454 0 7.8652977443E+00
20819.249963 0 7.8652977443E+00
20819.25 0 7.6254620156E+00
21184.499963 0 7.6254620156E+00
21184.5 0 7.3913757735E+00
21549.749963 0 7.3913757735E+00
21549.75 0 7.163039018E+00
21914.999963 0 7.163039018E+00
21915 0 6.9409993194E+00
22280.249963 0 6.9409993194E+00
22280.25 0 6.7249828924E+00
22645.499963 0 6.7249828924E+00
22645.5 0 6.5155373074E+00
23010.749963 0 6.5155373074E+00
23010.75 0 6.3121149941E+00
23375.999963 0 6.3121149941E+00
23376 0 6.1147159525E+00
23741.249963 0 6.1147159525E+00
23741.25 0 5.9236139678E+00
24106.499963 0 5.9236139678E+00
24106.5 0 5.7388090398E+00
24471.749963 0 5.7388090398E+00
24471.75 0 5.5594798135E+00
24836.999963 0 5.5594798135E+00
24837 0 5.3864476439E+00
25202.249963 0 5.3864476439E+00
25202.25 0 5.219164961E+00
25567.499963 0 5.219164961E+00
25567.5 0 5.0573579796E+00
25932.749963 0 5.0573579796E+00
25932.75 0 4.9010266998E+00
26297.999963 0 4.9010266998E+00
26298 0 4.7504449067E+00
26663.249963 0 4.7504449067E+00
26663.25 0 4.604791245E+00
27028.499963 0 4.604791245E+00
27028.5 0 4.4648870699E+00
27393.749963 0 4.4648870699E+00
27393.75 0 4.3293634561E+00
27758.999963 0 4.3293634561E+00
27759 0 4.1990417588E+00
28124.249963 0 4.1990417588E+00
28124.25 0 4.0736481929E+00
28489.499963 0 4.0736481929E+00
28489.5 0 3.9526351883E+00
28854.749963 0 3.9526351883E+00
28854.75 0 3.836550315E+00
29219.999963 0 3.836550315E+00
29220 0 3.7242984329E+00
29585.249963 0 3.7242984329E+00
29585.25 0 3.616427112E+00
29950.499963 0 3.616427112E+00
29950.5 0 3.5129363524E+00
30315.749963 0 3.5129363524E+00
30315.75 0 3.4132785839E+00
30680.999963 0 3.4132785839E+00
30681 0 3.3174538065E+00
31046.249963 0 3.3174538065E+00
31046.25 0 3.2254620201E+00
31411.499963 0 3.2254620201E+00
31411.5 0 3.1367556548E+00
31776.749963 0 3.1367556548E+00
31776.75 0 3.0516084954E+00
32141.999963 0 3.0516084954E+00
32142 0 2.969746757E+00
32507.249963 0 2.969746757E+00
32507.25 0 2.8908966544E+00
32872.499963 0 2.8908966544E+00
32872.5 0 2.8156057579E+00
33237.749963 0 2.8156057579E+00
33237.75 0 2.7430527121E+00
33602.999963 0 2.7430527121E+00
33603 0 2.6729637321E+00
33968.249963 0 2.6729637321E+00
33968.25 0 2.606160173E+00
34333.499963 0 2.606160173E+00
34333.5 0 2.5415468945E+00
34698.749963 0 2.5415468945E+00
34698.75 0 2.4793976817E+00
35063.999963 0 2.4793976817E+00
35064 0 2.4197125346E+00
35429.249963 0 2.4197125346E+00
35429.25 0 2.3624914533E+00
35794.499963 0 2.3624914533E+00
35794.5 0 2.3074606525E+00
36159.749963 0 2.3074606525E+00
36159.75 0 2.2543463473E+00
36524.999963 0 2.2543463473E+00
36525 0 2.2034223228E+00
36890.249963 0 2.2034223228E+00
36890.25 0 2.1541410087E+00
37255.499963 0 2.1541410087E+00
37255.5 0 2.1070499752E+00
37620.749963 0 2.1070499752E+00
37620.75 0 2.0616016522E+00
37985.999963 0 2.0616016522E+00
37986 0 2.0177960397E+00
38351.249963 0 2.0177960397E+00
38351.25 0 1.9756331377E+00
38716.499963 0 1.9756331377E+00
38716.5 0 1.9351129461E+00
39081.749963 0 1.9351129461E+00
39081.75 0 1.8959616799E+00
39446.999963 0 1.8959616799E+00
39447 0 1.8581793391E+00
42003.75 0 1.629842584E+00
45291 0 1.4083504558E+00
50039.25 0 1.1865845429E+00
55152.75 0 1.0302532638E+00
69762.75 0 8.0000001489E-01
108114 0 5.0184806477E-01
150483 0 2.8446270611E-01
237777.75 0 2.929500388E-02
374016 0 0.0
378764.24996 0 2.7378507871E-12
3.84243E+05 0 0.0
