0 0 2.3502782685E+00
730.4999635 0 2.3409007562E+00
730.5 0 2.3258864636E+00
1095.7499635 0 2.3258864636E+00
1095.75 0 2.2854673644E+00
1460.9999635 0 2.2854673644E+00
1461 0 2.2111396434E+00
1826.2499635 0 2.2111396434E+00
1826.25 0 2.1073712214E+00
2191.4999635 0 2.1073712214E+00
2191.5 0 1.9864475142E+00
2556.7499635 0 1.9864475142E+00
2556.75 0 1.860503548E+00
2921.9999635 0 1.860503548E+00
2922 0 1.7375947057E+00
3287.2499635 0 1.7375947057E+00
3287.25 0 1.6222053143E+00
3652.4999635 0 1.6222053143E+00
3652.5 0 1.5160306681E+00
4017.7499635 0 1.5160306681E+00
4017.75 0 1.4195629494E+00
4382.9999635 0 1.4195629494E+00
4383 0 1.3322826324E+00
4748.2499635 0 1.3322826324E+00
4748.25 0 1.2535608177E+00
5113.4999635 0 1.2535608177E+00
5113.5 0 1.1825225147E+00
5478.7499635 0 1.1825225147E+00
5478.75 0 1.1183747629E+00
5843.9999635 0 1.1183747629E+00
5844 0 1.0603246022E+00
6209.2499635 0 1.0603246022E+00
6209.25 0 1.0077157897E+00
6574.4999635 0 1.0077157897E+00
6574.5 0 9.5989208216E-01
6939.7499635 0 9.5989208216E-01
6939.75 0 9.1636129752E-01
7304.9999635 0 9.1636129752E-01
7305 0 8.7665859695E-01
7670.2499635 0 8.7665859695E-01
7670.25 0 8.4029179823E-01
8035.499963 0 8.4029179823E-01
8035.5 0 8.0701481022E-01
8400.749963 0 8.0701481022E-01
8400.75 0 7.7644482452E-01
8765.999963 0 7.7644482452E-01
8766 0 7.4833575002E-01
9131.249963 0 7.4833575002E-01
9131.25 0 7.2246883905E-01
9496.499963 0 7.2246883905E-01
9496.5 0 6.9862534394E-01
9861.749963 0 6.9862534394E-01
9861.75 0 6.7655917359E-01
10226.999963 0 6.7655917359E-01
10227 0 6.5624298453E-01
10592.249963 0 6.5624298453E-01
10592.25 0 6.3740334218E-01
10957.499963 0 6.3740334218E-01
10957.5 0 6.1998555963E-01
11322.749963 0 6.1998555963E-01
11322.75 0 6.0385291959E-01
11687.999963 0 6.0385291959E-01
11688 0 5.8889604824E-01
12053.249963 0 5.8889604824E-01
12053.25 0 5.7508760211E-01
12418.499963 0 5.7508760211E-01
12418.5 0 5.6223617699E-01
12783.749963 0 5.6223617699E-01
12783.75 0 5.5036911636E-01
13148.999963 0 5.5036911636E-01
13149 0 5.3937704636E-01
13514.249963 0 5.3937704636E-01
13514.25 0 5.292052801E-01
14610 0 5.0298290418E-01
15705.75 0 4.8220187634E-01
16436.249963 0 4.7626834602E-01
16801.499963 0 4.7074496757E-01
17531.999963 0 4.5979372746E-01
18992.999963 0 4.415329391E-01
20454 0 4.1906583254E-01
21915 0 3.9976135141E-01
23010.749963 0 3.8972630244E-01
23741.249963 0 3.7952719272E-01
25202.249963 0 3.5932037749E-01
26663.25 0 3.3536750855E-01
28124.25 0 3.177583218E-01
29950.5 0 2.9812571918E-01
31046.249963 0 2.9101642018E-01
31776.75 0 2.8109074504E-01
32872.499963 0 2.7502049743E-01
33603 0 2.6657136901E-01
34698.749963 0 2.614034555E-01
35429.25 0 2.542941565E-01
36525 0 2.478957874E-01
37620.75 0 2.4215366129E-01
38716.5 0 2.3698574779E-01
39812.249963 0 2.3389593707E-01
40907.999963 0 2.2963035767E-01
42003.749963 0 2.2588430397E-01
43830 0 2.1984941821E-01
46751.999963 0 2.1423682409E-01
49308.749963 0 2.1015742642E-01
54422.25 0 2.0484599589E-01
72684.749963 0 2.0084873374E-01
90582 0 2.0057494867E-01
108844.49996 0 2.0002737851E-01
126741.74996 0 1.9739904175E-01
141351.74996 0 1.91321013E-01
148656.74996 0 1.86091718E-01
155961.74996 0 1.7897330595E-01
161440.49996 0 1.7223819302E-01
166553.99996 0 1.648733744E-01
171667.49996 0 1.5644079398E-01
176780.99996 0 1.4704996578E-01
182624.99996 0 1.3527720739E-01
188468.99996 0 1.2271047228E-01
194312.99996 0 1.0959616701E-01
199791.74996 0 9.7166324435E-02
201252.74996 0 9.3853524983E-02
201983.24996 0 9.2210814511E-02
202348.49996 0 9.1389459274E-02
202713.74996 0 9.0568104038E-02
205635.74996 0 8.4079397673E-02
211114.5 0 7.1540041068E-02
216958.49996 0 6.0533880903E-02
222437.25 0 4.977412731E-02
229742.25 0 3.8028747433E-02
237047.25 0 2.8281998631E-02
244352.25 0 2.045174538E-02
251657.25 0 1.4373716632E-02
261153.75 0 8.7611225188E-03
270650.25 0 5.0924024641E-03
289643.25 0 1.5058179329E-03
344065.5 0 0.0
380955.74996 0 2.7378507871E-05
380955.75 0 0.0
3.84243E+05 0 0.0
