0 0 3.2600042299E+04
365.2499635 0 3.2600042299E+04
365.25 0 3.2206587527E+04
730.4999635 0 3.2206587527E+04
730.5 0 3.182131411E+04
2556.75 0 3.0209928561E+04
4383 0 2.9032448821E+04
5843.9999635 0 2.848766929E+04
6939.75 0 2.7913035074E+04
9496.499963 0 2.7289373439E+04
12053.249963 0 2.6652290891E+04
14244.749963 0 2.5960703E+04
17531.999963 0 2.4681041594E+04
20454 0 2.338022704E+04
24106.499963 0 2.2485920144E+04
27393.749963 0 2.1498933992E+04
30681 0 2.0589598626E+04
33968.25 0 1.9790095635E+04
37620.749963 0 1.8995248878E+04
40907.999963 0 1.8214096932E+04
47482.5 0 1.6669322395E+04
52961.25 0 1.5595649313E+04
58440 0 1.4672619137E+04
63918.75 0 1.3913926679E+04
69397.5 0 1.3325049861E+04
80354.999963 0 1.2651265222E+04
83276.999963 0 1.2558140516E+04
84007.499963 0 1.2538967783E+04
84372.749963 0 1.2528011935E+04
84737.999963 0 1.2522534011E+04
85103.249963 0 1.2514317125E+04
85468.499963 0 1.2508839201E+04
85833.749963 0 1.2500622315E+04
88390.5 0 1.2462276848E+04
90947.25 0 1.2443531828E+04
93138.75 0 1.2443531828E+04
94234.5 0 1.2446269678E+04
94964.999963 0 1.2446269678E+04
95330.249963 0 1.245174538E+04
96060.749963 0 1.245174538E+04
96425.999963 0 1.2457221081E+04
97521.749963 0 1.2462696783E+04
98617.49996 0 1.2473648186E+04
99347.99996 0 1.2479123888E+04
100443.74996 0 1.2490075291E+04
101539.49996 0 1.2501026694E+04
103365.75 0 1.2528405202E+04
104096.24996 0 1.2528405202E+04
104461.5 0 1.2539356605E+04
105557.24996 0 1.2550308008E+04
106652.99996 0 1.2563997262E+04
107383.5 0 1.2580424367E+04
108113.99996 0 1.2583162218E+04
108479.25 0 1.259137577E+04
108844.49996 0 1.259137577E+04
108844.5 0 1.2599589322E+04
109209.74996 0 1.2599589322E+04
109575 0 1.2610540726E+04
109940.24996 0 1.2610540726E+04
109940.25 0 1.2613278576E+04
110305.49996 0 1.2613278576E+04
110670.75 0 1.2624229979E+04
111035.99996 0 1.2624229979E+04
111036 0 1.262696783E+04
111401.24996 0 1.262696783E+04
111766.49996 0 1.2635181383E+04
112862.24996 0 1.2648870637E+04
113957.99996 0 1.2665297741E+04
115784.24996 0 1.2689938398E+04
117975.74996 0 1.2722792608E+04
119802 0 1.2752908966E+04
121993.49996 0 1.2777549624E+04
123819.75 0 1.2804928131E+04
126011.25 0 1.283504449E+04
128202.74996 0 1.2859685147E+04
130394.24996 0 1.2887063655E+04
132220.49996 0 1.2911704312E+04
136238.25 0 1.2963723477E+04
140256 0 1.301026694E+04
142447.5 0 1.3034907598E+04
144638.99996 0 1.3054072553E+04
148656.74996 0 1.3097878166E+04
152674.49996 0 1.3138945927E+04
156692.24996 0 1.3174537988E+04
161075.24996 0 1.3212867899E+04
165092.99996 0 1.3242984257E+04
173128.49996 0 1.3300479124E+04
181529.24996 0 1.3352498289E+04
189564.74996 0 1.3393566051E+04
222072 0 1.3478439425E+04
262249.49996 0 1.3420944559E+04
302061.75 0 1.3262658487E+04
342239.24996 0 1.302988418E+04
382051.49996 0 1.26848305E+04
3.84243E+05 0 0.0
