0 0 2.2581293944E-01
365.2499635 0 2.2581293944E-01
365.25 0 2.1494076849E-01
730.4999635 0 2.1494076849E-01
730.5 0 2.0368540479E-01
1095.7499635 0 2.0368540479E-01
1095.75 0 1.9232911452E-01
1460.9999635 0 1.9232911452E-01
1461 0 1.8108004163E-01
1826.2499635 0 1.8125968515E-01
1826.25 0 1.7024832307E-01
2191.4999635 0 1.7024832307E-01
2191.5 0 1.5957097878E-01
2556.7499635 0 1.5957097878E-01
2556.75 0 1.4927583847E-01
2921.9999635 0 1.4927583847E-01
2922 0 1.3937577002E-01
3287.2499635 0 1.3937577002E-01
3287.25 0 1.2987268994E-01
3652.4999635 0 1.2987268994E-01
3652.5 0 1.2075838467E-01
4017.7499635 0 1.2075838467E-01
4017.75 0 1.1202464066E-01
4382.9999635 0 1.1202464066E-01
4383 0 1.0366324435E-01
4748.2499635 0 1.0366324435E-01
4748.25 0 9.5674195756E-02
5113.4999635 0 9.5674195756E-02
5113.5 0 8.8060232717E-02
5478.7499635 0 8.8060232717E-02
5478.75 0 8.0826830938E-02
5843.9999635 0 8.0826830938E-02
5844 0 7.3984941821E-02
6209.2499635 0 7.3984941821E-02
6209.25 0 6.7540041068E-02
6574.4999635 0 6.7540041068E-02
6574.5 0 6.1500342231E-02
6939.7499635 0 6.1500342231E-02
6939.75 0 5.5865845311E-02
7304.9999635 0 5.5865845311E-02
7305 0 5.0633812457E-02
7670.2499635 0 5.0633812457E-02
7670.25 0 4.5801505818E-02
8035.499963 0 4.5801505818E-02
8035.5 0 4.1363449692E-02
8400.749963 0 4.1363449692E-02
8400.75 0 3.7295003422E-02
8765.999963 0 3.7295003422E-02
8766 0 3.3590691307E-02
9131.249963 0 3.3590691307E-02
9131.25 0 3.0223134839E-02
9496.499963 0 3.0223134839E-02
9496.5 0 2.7175906913E-02
9861.749963 0 2.7175906913E-02
9861.75 0 2.4429842574E-02
10226.999963 0 2.4429842574E-02
10227 0 2.1960301164E-02
10592.249963 0 2.1960301164E-02
10592.25 0 1.9739904175E-02
10957.499963 0 1.9739904175E-02
10957.5 0 1.7754962355E-02
11322.749963 0 1.7754962355E-02
11322.75 0 1.5983572895E-02
11687.999963 0 1.5983572895E-02
11688 0 1.439835729E-02
12053.249963 0 1.439835729E-02
12053.25 0 1.2991101985E-02
12418.499963 0 1.2991101985E-02
12418.5 0 1.1734428474E-02
12783.749963 0 1.1734428474E-02
12783.75 0 1.0620123203E-02
13148.999963 0 1.0620123203E-02
13149 0 9.6262833676E-03
13514.249963 0 9.6262833676E-03
13514.25 0 8.7419575633E-03
13879.499963 0 8.7419575633E-03
13879.5 0 7.9561943874E-03
14244.749963 0 7.9561943874E-03
14244.75 0 7.2525667351E-03
14609.999963 0 7.2525667351E-03
14610 0 6.6283367556E-03
14975.249963 0 6.6283367556E-03
14975.25 0 6.0643394935E-03
15340.499963 0 6.0643394935E-03
15340.5 0 5.5633127995E-03
15705.749963 0 5.5633127995E-03
15705.75 0 5.1088295688E-03
16070.999963 0 5.1088295688E-03
16071 0 4.7008898015E-03
16436.249963 0 4.7008898015E-03
16436.25 0 4.3285420945E-03
16801.499963 0 4.3285420945E-03
16801.5 0 3.9638598972E-03
17166.749963 0 3.9638598972E-03
17166.75 0 3.6350171388E-03
17897.249963 0 3.4072831283E-03
17897.25 0 3.1074606434E-03
18262.499963 0 3.1074606434E-03
18262.5 0 2.8410847524E-03
20088.749963 0 2.12183436E-03
21549.75 0 1.5195071869E-03
26298 0 7.0636550308E-04
32507.25 0 3.0663928816E-04
42734.25 0 1.067761807E-04
48212.999963 0 7.1184120465E-05
53326.5 0 5.2019164956E-05
56248.499963 0 4.1067761807E-05
58805.249963 0 3.5592060233E-05
63918.75 0 3.0116358658E-05
74511 0 1.916495551E-05
79989.749963 0 1.3689253936E-05
85103.25 0 1.3689253936E-05
106287.75 0 5.4757015743E-06
127472.25 0 2.7378507871E-06
134412 0 0.0
345526.49996 0 2.7378507871E-06
3.84243E+05 0 0.0
