0 0 1.0943116595E-21
13514.249963 0 2.4022931421E-06
18627.749963 0 8.7156551507E-05
21914.999963 0 4.4381095168E-04
24836.999963 0 1.4106525383E-03
26297.999963 0 2.2569466675E-03
27393.749963 0 3.0725590335E-03
29585.249963 0 5.141513901E-03
30680.999963 0 6.3596742826E-03
31046.249963 0 6.7871397746E-03
31411.499963 0 7.2235786222E-03
31776.749963 0 7.6678965138E-03
33603 0 1.0441976571E-02
35794.499963 0 1.2792968382E-02
37620.75 0 1.5501198235E-02
40542.749963 0 1.8347229283E-02
43099.5 0 2.1075895406E-02
46021.5 0 2.3224302772E-02
48943.5 0 2.4847987697E-02
52595.999963 0 2.6160614532E-02
55883.25 0 2.7115401455E-02
60631.499963 0 2.7764054691E-02
65014.5 0 2.8080037183E-02
69032.249963 0 2.8166487804E-02
72684.75 0 2.8185638258E-02
80354.999963 0 2.8189468349E-02
95330.249963 0 2.8616249896E-02
105191.99996 0 2.9314168378E-02
114688.49996 0 3.0124572211E-02
124185 0 3.0973305955E-02
133681.5 0 3.1676933607E-02
144273.75 0 3.2205338809E-02
154866 0 3.2402464066E-02
162536.24996 0 3.2293182886E-02
169841.24996 0 3.2019558221E-02
173493.74996 0 3.1814339723E-02
177146.24996 0 3.1559868785E-02
180798.74996 0 3.1261617901E-02
184451.24996 0 3.0922323317E-02
189564.74996 0 3.0372337742E-02
194678.24996 0 2.9748473507E-02
199791.74996 0 2.9073237509E-02
204540 0 2.8314852841E-02
209653.5 0 2.7501711157E-02
212210.25 0 2.7080082136E-02
214766.99996 0 2.6715947981E-02
217323.74996 0 2.6305270363E-02
219880.49996 0 2.5924709103E-02
224628.75 0 2.5440109514E-02
228281.24996 0 2.5519507187E-02
231568.49996 0 2.6067077344E-02
233029.49996 0 2.6475017112E-02
234490.49996 0 2.6967830253E-02
237412.49996 0 2.8125941136E-02
240334.49996 0 2.9237508556E-02
242891.25 0 3.0028747433E-02
245813.25 0 3.0324435318E-02
248735.24996 0 3.0154688569E-02
250926.74996 0 2.9724845996E-02
253118.24996 0 2.9081451061E-02
255309.74996 0 2.8281998631E-02
257135.99996 0 2.7520876112E-02
259327.49996 0 2.6535249829E-02
261153.74996 0 2.567008898E-02
264806.24996 0 2.3890485969E-02
268458.74996 0 2.2094455852E-02
272111.24996 0 2.0327983376E-02
275763.75 0 1.8466797339E-02
279416.25 0 1.6857418825E-02
283068.75 0 1.5338362575E-02
286721.25 0 1.3906891549E-02
289643.25 0 1.283397254E-02
292565.24996 0 1.1947172134E-02
295487.24996 0 1.0989208732E-02
298044 0 1.0094197212E-02
300966 0 9.2539264569E-03
303887.99996 0 8.5696668845E-03
309366.75 0 7.1546180888E-03
313019.25 0 6.3745621763E-03
316671.75 0 5.662932221E-03
320324.25 0 5.019728223E-03
323976.75 0 4.434002029E-03
327629.25 0 3.9057536392E-03
331281.75 0 3.4295089768E-03
334934.25 0 3.0025310036E-03
338586.75 0 2.6166086048E-03
360501.74996 0 1.0893412392E-03
382051.49996 0 4.0508166685E-04
3.84243E+05 0 0.0
