0 0 2.3150965092E+00
365.2499635 0 2.3150965092E+00
365.25 0 2.3673155373E+00
1095.7499635 0 2.3873347023E+00
1095.75 0 2.3642956879E+00
1460.9999635 0 2.3642956879E+00
1461 0 2.3024941821E+00
1826.2499635 0 2.3024941821E+00
1826.25 0 2.2147022587E+00
2191.4999635 0 2.2147022587E+00
2191.5 0 2.1140123203E+00
2556.7499635 0 2.1140123203E+00
2556.75 0 2.0100479124E+00
2921.9999635 0 2.0100479124E+00
2922 0 1.9089664613E+00
3287.2499635 0 1.9089664613E+00
3287.25 0 1.813853525E+00
3652.4999635 0 1.813853525E+00
3652.5 0 1.7263518138E+00
4017.7499635 0 1.7263518138E+00
4017.75 0 1.64678987E+00
4382.9999635 0 1.64678987E+00
4383 0 1.5750034223E+00
4748.2499635 0 1.5750034223E+00
4748.25 0 1.5105817933E+00
5113.4999635 0 1.5105817933E+00
5113.5 0 1.4529500342E+00
5478.7499635 0 1.4529500342E+00
5478.75 0 1.4014236824E+00
5843.9999635 0 1.4014236824E+00
5844 0 1.3554825462E+00
6209.2499635 0 1.3554825462E+00
6209.25 0 1.3144695414E+00
6574.4999635 0 1.3144695414E+00
6574.5 0 1.2779739904E+00
6939.7499635 0 1.2779739904E+00
6939.75 0 1.2454209446E+00
7304.9999635 0 1.2454209446E+00
7305 0 1.2164818617E+00
7670.2499635 0 1.2164818617E+00
7670.25 0 1.1907186858E+00
8035.499963 0 1.1907186858E+00
8035.5 0 1.1678302533E+00
8400.749963 0 1.1678302533E+00
8400.75 0 1.1475701574E+00
8765.999963 0 1.1475701574E+00
8766 0 1.1295824778E+00
9131.249963 0 1.1295824778E+00
9131.25 0 1.1136755647E+00
9496.499963 0 1.1136755647E+00
9496.5 0 1.0997125257E+00
10592.25 0 1.0672689938E+00
13514.249963 0 1.0188637919E+00
15705.749963 0 9.6123203285E-01
15705.75 0 9.5000684463E-01
16070.999963 0 9.5000684463E-01
16071 0 9.3837097878E-01
16436.249963 0 9.3837097878E-01
16436.25 0 9.2629705681E-01
16801.499963 0 9.2629705681E-01
16801.5 0 9.1267992245E-01
17166.749963 0 9.1267992245E-01
17166.75 0 8.9819193184E-01
17531.999963 0 8.9819193184E-01
17532 0 8.8216697277E-01
18262.499963 0 8.7525686082E-01
18262.5 0 8.5133057485E-01
18992.999963 0 8.392948788E-01
18993 0 8.2618612063E-01
19358.249963 0 8.2618612063E-01
19358.25 0 8.1274712456E-01
19723.499963 0 8.1274712456E-01
19723.5 0 7.9928851177E-01
20453.999963 0 7.939727757E-01
20454 0 7.7270362765E-01
20819.249963 0 7.7270362765E-01
20819.25 0 7.5983572895E-01
21184.499963 0 7.5983572895E-01
21184.5 0 7.4724161533E-01
23741.25 0 6.6828199863E-01
26298 0 6.0511978097E-01
29950.499963 0 5.4277891855E-01
33237.75 0 4.918275154E-01
41273.25 0 4.2672142368E-01
50769.75 0 3.9682409309E-01
73415.25 0 3.6636015923E-01
84738 0 3.4916205905E-01
96060.749963 0 3.2760349568E-01
105191.99996 0 3.0626160128E-01
114323.24996 0 2.825092645E-01
123454.49996 0 2.5702357589E-01
132585.74996 0 2.3064412774E-01
141716.99996 0 2.0418342873E-01
150848.24996 0 1.7845398752E-01
159979.49996 0 1.540516438E-01
168745.5 0 1.3146390278E-01
179337.75 0 1.0798240222E-01
189929.99996 0 8.8238441544E-02
192851.99996 0 8.3146720547E-02
193217.24996 0 8.2496713611E-02
193582.49996 0 8.1900873919E-02
194312.99996 0 8.0682110915E-02
195408.74996 0 7.8867508219E-02
200522.24996 0 7.085075601E-02
210749.25 0 5.6333934442E-02
226089.74996 0 4.0246262779E-02
241065 0 2.8166967221E-02
271380.75 0 1.3595978409E-02
382051.49996 0 9.2084315915E-04
3.84243E+05 0 0.0
