0 0 6.9768104038E+02
1095.75 0 6.926954141E+02
2921.9999635 0 6.872936345E+02
4017.7499635 0 6.7747022587E+02
4017.75 0 6.7306502396E+02
4382.9999635 0 6.7306502396E+02
4383 0 6.6832854209E+02
4748.2499635 0 6.6832854209E+02
4748.25 0 6.6343052704E+02
5113.4999635 0 6.6343052704E+02
5113.5 0 6.5852156058E+02
5478.7499635 0 6.5852156058E+02
5478.75 0 6.53724846E+02
5843.9999635 0 6.53724846E+02
5844 0 6.4913073238E+02
6209.2499635 0 6.4913073238E+02
6209.25 0 6.4479671458E+02
6574.4999635 0 6.4479671458E+02
6574.5 0 6.4076112252E+02
6939.7499635 0 6.4076112252E+02
6939.75 0 6.370294319E+02
7304.9999635 0 6.370294319E+02
7305 0 6.3359342916E+02
7670.25 0 6.3043394935E+02
9496.499963 0 6.1999726215E+02
10957.5 0 6.0983162218E+02
12783.749963 0 6.0249418207E+02
14244.749963 0 5.9457905544E+02
14975.249963 0 5.8858316222E+02
14975.25 0 5.8439425051E+02
15340.499963 0 5.8439425051E+02
15340.5 0 5.7911019849E+02
15705.749963 0 5.7911019849E+02
15705.75 0 5.7273100616E+02
16070.999963 0 5.7273100616E+02
16071 0 5.6514715948E+02
16436.249963 0 5.6514715948E+02
16436.25 0 5.5655030801E+02
16801.499963 0 5.5655030801E+02
16801.5 0 5.4615280585E+02
17166.749963 0 5.4615280585E+02
17166.75 0 5.3450404106E+02
17531.999963 0 5.3450404106E+02
17532 0 5.2550331735E+02
17897.249963 0 5.2550331735E+02
17897.25 0 5.1214236824E+02
18262.499963 0 5.1214236824E+02
18262.5 0 4.9782128147E+02
18627.749963 0 4.9782128147E+02
18627.75 0 4.8661867528E+02
18992.999963 0 4.8661867528E+02
18993 0 4.7379879508E+02
19358.249963 0 4.7379879508E+02
19358.25 0 4.6383791401E+02
19723.499963 0 4.6383791401E+02
19723.5 0 4.5021960581E+02
20088.749963 0 4.5021960581E+02
20088.75 0 4.3870426838E+02
20453.999963 0 4.3870426838E+02
20454 0 4.2735304502E+02
20819.249963 0 4.2735304502E+02
20819.25 0 4.1619328809E+02
21184.499963 0 4.1619328809E+02
21184.5 0 4.0519764522E+02
21549.749963 0 4.0519764522E+02
21549.75 0 3.9444817347E+02
21914.999963 0 3.9444817347E+02
21915 0 3.8389016813E+02
22280.249963 0 3.8389016813E+02
22280.25 0 3.7360568625E+02
22645.499963 0 3.7360568625E+02
22645.5 0 3.6351267079E+02
23010.749963 0 3.6351267079E+02
23010.75 0 3.5366582643E+02
23375.999963 0 3.5366582643E+02
23376 0 3.4406515319E+02
23741.249963 0 3.4406515319E+02
23741.25 0 3.3471065105E+02
24106.499963 0 3.3471065105E+02
24106.5 0 3.2560232002E+02
24471.749963 0 3.2560232002E+02
24471.75 0 3.167401601E+02
24836.999963 0 3.167401601E+02
24837 0 3.0809681894E+02
25202.249963 0 3.0809681894E+02
25202.25 0 2.9969964889E+02
25567.499963 0 2.9969964889E+02
25567.5 0 2.9154864996E+02
25932.749963 0 2.9154864996E+02
25932.75 0 2.8361646978E+02
26297.999963 0 2.8361646978E+02
26298 0 2.7593046071E+02
26663.249963 0 2.7593046071E+02
26663.25 0 2.6846327041E+02
27028.499963 0 2.6846327041E+02
27028.5 0 2.6121489887E+02
27393.749963 0 2.6121489887E+02
27393.75 0 2.541853461E+02
27758.999963 0 2.541853461E+02
27759 0 2.4740196443E+02
28124.249963 0 2.4740196443E+02
28124.25 0 2.4078269684E+02
28489.499963 0 2.4078269684E+02
28489.5 0 2.3440960035E+02
28854.749963 0 2.3440960035E+02
28854.75 0 2.2822797028E+02
29219.999963 0 2.2822797028E+02
29220 0 2.2226515898E+02
29585.249963 0 2.2226515898E+02
29585.25 0 2.164391094E+02
29950.499963 0 2.164391094E+02
29950.5 0 2.1088658328E+02
30315.749963 0 2.1088658328E+02
30315.75 0 2.0544346654E+02
30680.999963 0 2.0544346654E+02
30681 0 2.0021916856E+02
31046.249963 0 2.0021916856E+02
31046.25 0 1.9515898466E+02
31411.499963 0 1.9515898466E+02
31411.5 0 1.9029026717E+02
31776.749963 0 1.9029026717E+02
31776.75 0 1.8558566375E+02
32141.999963 0 1.8558566375E+02
32142 0 1.8099046972E+02
32507.249963 0 1.8099046972E+02
32507.25 0 1.7661409445E+02
32872.499963 0 1.7661409445E+02
32872.5 0 1.7237448091E+02
33237.749963 0 1.7237448091E+02
33237.75 0 1.6824427675E+02
33602.999963 0 1.6824427675E+02
33603 0 1.6430553901E+02
33968.249963 0 1.6430553901E+02
33968.25 0 1.6047621065E+02
35429.25 0 1.4647180979E+02
36890.25 0 1.3427266372E+02
37986 0 1.2620372182E+02
38716.499963 0 1.236599537E+02
39081.75 0 1.1890064559E+02
39812.249963 0 1.1663040092E+02
40177.5 0 1.1233608269E+02
40907.999963 0 1.1025730444E+02
41273.25 0 1.0637327138E+02
42003.75 0 1.0273540944E+02
42368.999963 0 1.0273540944E+02
42369 0 1.0095750699E+02
42734.249963 0 1.0095750699E+02
43464.749963 0 9.7647873191E+01
43830 0 9.4557058157E+01
44560.5 0 9.1657709542E+01
44925.75 0 9.0262739925E+01
45290.999963 0 9.0262739925E+01
46021.499963 0 8.7609562418E+01
46386.75 0 8.5120498983E+01
47482.499963 0 8.2795549622E+01
48213 0 7.9567972861E+01
49308.749963 0 7.7571251644E+01
50039.249963 0 7.5711292155E+01
51865.499963 0 7.1471678613E+01
53326.5 0 6.7833816671E+01
55883.249963 0 6.4113897692E+01
58074.749963 0 6.1023082658E+01
62457.75 0 5.5853489372E+01
66110.25 0 5.2981493101E+01
69762.75 0 5.071124843E+01
73415.25 0 4.8905993632E+01
77067.75 0 4.7319557597E+01
83642.25 0 4.496725589E+01
90216.75 0 4.2888477637E+01
93504 0 4.1903793201E+01
96791.25 0 4.0919108766E+01
100078.5 0 3.9989129021E+01
103365.74996 0 3.9141206313E+01
106652.99996 0 3.8211226568E+01
109940.24996 0 3.7281246824E+01
116514.74996 0 3.5475992025E+01
123089.24996 0 3.3698089572E+01
129298.49996 0 3.2029596501E+01
135872.99996 0 3.0279046393E+01
142447.49996 0 2.8610553322E+01
149021.99996 0 2.6969412596E+01
155231.25 0 2.5355624215E+01
161805.75 0 2.3823892871E+01
168380.24996 0 2.2374218563E+01
174954.74996 0 2.0951896601E+01
181164 0 1.9529574639E+01
190660.5 0 1.7642262804E+01
200157 0 1.5864360351E+01
209653.5 0 1.425057197E+01
219149.99996 0 1.2828250008E+01
228646.49996 0 1.1460632736E+01
238142.99996 0 1.0202424846E+01
247639.49996 0 9.0809786836E+00
256770.75 0 8.0415895572E+00
288182.25 0 5.4157643958E+00
319593.74996 0 3.6378619427E+00
382051.49996 0 1.6411407261E+00
3.84243E+05 0 0.0
