0 0 4.1877908829E-02
2556.75 0 2.0228082335E-02
15340.499963 0 1.1892582274E-02
16801.499963 0 2.709955766E-02
16801.5 0 3.5311974859E-02
17166.749963 0 3.5311974859E-02
17166.75 0 4.6301567771E-02
17531.999963 0 4.6301567771E-02
17532 0 5.661368186E-02
17897.249963 0 5.661368186E-02
17897.25 0 7.4498480776E-02
18262.499963 0 7.4498480776E-02
18262.5 0 9.8761638877E-02
18627.749963 0 9.8761638877E-02
18627.75 0 1.1743626183E-01
18992.999963 0 1.1743626183E-01
18993 0 1.5229883931E-01
19358.249963 0 1.5229883931E-01
19358.25 0 1.8846468507E-01
19723.499963 0 1.8846468507E-01
19723.5 0 2.3160076864E-01
20088.749963 0 2.3160076864E-01
20088.75 0 2.8259132724E-01
20453.999963 0 2.8259132724E-01
20454 0 3.7801176088E-01
20819.249963 0 3.7801176088E-01
20819.25 0 4.3674468813E-01
21184.499963 0 4.3674468813E-01
21184.5 0 5.1176036296E-01
21549.749963 0 5.1176036296E-01
21549.75 0 6.0006470147E-01
21914.999963 0 6.0006470147E-01
21915 0 7.0008312042E-01
22280.249963 0 7.0008312042E-01
22280.25 0 8.1073118945E-01
22645.499963 0 8.1073118945E-01
22645.5 0 9.3097806674E-01
23010.749963 0 9.3097806674E-01
23010.75 0 1.0596672611E+00
23375.999963 0 1.0596672611E+00
23376 0 1.1954669831E+00
23741.249963 0 1.1954669831E+00
23741.25 0 1.2078053143E+00
24106.499963 0 1.2078053143E+00
24106.5 0 1.4790540473E+00
24471.749963 0 1.4790540473E+00
24471.75 0 1.6283051251E+00
24836.999963 0 1.6283051251E+00
24837 0 1.7782527096E+00
25202.249963 0 1.7782527096E+00
25202.25 0 1.9272289936E+00
25567.499963 0 1.9272289936E+00
25567.5 0 2.0736477916E+00
25932.749963 0 2.0736477916E+00
25932.75 0 2.2161024861E+00
26297.999963 0 2.2161024861E+00
26298 0 2.3531674148E+00
26663.249963 0 2.3531674148E+00
26663.25 0 2.4836454565E+00
27028.499963 0 2.4836454565E+00
27028.5 0 2.6065108961E+00
27393.749963 0 2.6065108961E+00
27393.75 0 2.7208386854E+00
27758.999963 0 2.7208386854E+00
27759 0 2.8259948943E+00
28124.249963 0 2.8437782341E+00
28124.25 0 2.9397399042E+00
28489.499963 0 2.9397399042E+00
28489.5 0 3.0254346338E+00
28854.749963 0 3.0254346338E+00
28854.75 0 3.1006160164E+00
29219.999963 0 3.1006160164E+00
29220 0 3.1652019165E+00
29585.249963 0 3.1652019165E+00
29585.25 0 3.2191101985E+00
29950.499963 0 3.2191101985E+00
29950.5 0 3.262477755E+00
30315.749963 0 3.262477755E+00
30315.75 0 3.295633128E+00
30680.999963 0 3.295633128E+00
30681 0 3.3188774812E+00
31046.249963 0 3.3188774812E+00
31046.25 0 3.3326488706E+00
31776.749963 0 3.3373853525E+00
32141.999963 0 3.3336344969E+00
32142 0 3.3219986311E+00
32507.249963 0 3.3219986311E+00
32507.25 0 3.3029705681E+00
32872.499963 0 3.3029705681E+00
32872.5 0 3.2772347707E+00
33237.749963 0 3.2772347707E+00
33237.75 0 3.2454209446E+00
33602.999963 0 3.2454209446E+00
33603 0 3.2078850103E+00
33968.249963 0 3.2078850103E+00
33968.25 0 3.1655030801E+00
34333.499963 0 3.1655030801E+00
34333.5 0 3.1187132101E+00
34698.749963 0 3.1187132101E+00
34698.75 0 3.0681451061E+00
35063.999963 0 3.0681451061E+00
35064 0 3.0143189596E+00
35429.249963 0 3.0143189596E+00
35429.25 0 2.9577275838E+00
35794.499963 0 2.9577275838E+00
35794.5 0 2.8987816564E+00
36159.749963 0 2.8987816564E+00
36159.75 0 2.8380287474E+00
36524.999963 0 2.8380287474E+00
36525 0 2.775742642E+00
36890.249963 0 2.775742642E+00
36890.25 0 2.7124161533E+00
37255.499963 0 2.7124161533E+00
37255.5 0 2.6482683094E+00
37620.749963 0 2.6482683094E+00
37620.75 0 2.5837097878E+00
37985.999963 0 2.5837097878E+00
37986 0 2.5189048597E+00
38351.249963 0 2.5189048597E+00
38351.25 0 2.4542368241E+00
38716.499963 0 2.4542368241E+00
38716.5 0 2.3898151951E+00
39081.749963 0 2.3898151951E+00
39081.75 0 2.3258042437E+00
39446.999963 0 2.3258042437E+00
39447 0 2.262477755E+00
39812.249963 0 2.262477755E+00
39812.25 0 2.1999178645E+00
40177.499963 0 2.1999178645E+00
40177.5 0 2.1383436003E+00
40542.749963 0 2.1383436003E+00
40542.75 0 2.0777549624E+00
40907.999963 0 2.0777549624E+00
40908 0 2.0183436003E+00
41273.249963 0 2.0183436003E+00
41273.25 0 1.960109514E+00
41638.499963 0 1.960109514E+00
41638.5 0 1.9031622177E+00
42003.749963 0 1.9031622177E+00
42003.75 0 1.8475290897E+00
42368.999963 0 1.8475290897E+00
42369 0 1.7932648871E+00
42734.249963 0 1.7932648871E+00
42734.25 0 1.7403696099E+00
43099.499963 0 1.7403696099E+00
43099.5 0 1.6888706366E+00
43464.749963 0 1.6888706366E+00
43464.75 0 1.6387953457E+00
43829.999963 0 1.6387953457E+00
43830 0 1.5901163587E+00
44195.249963 0 1.5901163587E+00
44195.25 0 1.5189552673E+00
44560.499963 0 1.5189552673E+00
44560.5 0 1.4738068267E+00
44925.749963 0 1.4738068267E+00
44925.75 0 1.4300061008E+00
45290.999963 0 1.4300061008E+00
45291 0 1.3875800438E+00
45656.249963 0 1.3875800438E+00
45656.25 0 1.3464477928E+00
46021.499963 0 1.3464477928E+00
46021.5 0 1.3066363022E+00
46386.749963 0 1.3066363022E+00
46386.75 0 1.2680916634E+00
46751.999963 0 1.2680916634E+00
46752 0 1.2308138763E+00
47117.249963 0 1.2308138763E+00
47117.25 0 1.1947490324E+00
47482.499963 0 1.1947490324E+00
47482.5 0 1.1598701774E+00
47847.749963 0 1.1598701774E+00
47847.75 0 1.1261234027E+00
48212.999963 0 1.1261234027E+00
48213 0 1.0935626169E+00
48578.249963 0 1.0935626169E+00
48578.25 0 1.0620530485E+00
48943.499963 0 1.0620530485E+00
48943.5 0 1.0316486061E+00
49308.749963 0 1.0316486061E+00
49308.75 0 1.0022145183E+00
49673.999963 0 1.0022145183E+00
49674 0 9.7383164787E-01
50039.249963 0 9.7383164787E-01
50039.25 0 9.4639217771E-01
50404.499963 0 9.4639217771E-01
50404.5 0 9.198691535E-01
50769.749963 0 9.198691535E-01
50769.75 0 8.9431648384E-01
51134.999963 0 8.9431648384E-01
51135 0 8.6957244297E-01
51500.249963 0 8.6957244297E-01
51500.25 0 8.4571789376E-01
51865.499963 0 8.4571789376E-01
51865.5 0 8.2264501905E-01
52230.749963 0 8.2264501905E-01
52230.75 0 8.0038077312E-01
52595.999963 0 8.0038077312E-01
52596 0 7.7887124739E-01
52961.249963 0 7.7887124739E-01
52961.25 0 7.5811644186E-01
53326.499963 0 7.5811644186E-01
53326.5 0 7.3800853937E-01
53691.749963 0 7.3800853937E-01
53691.75 0 7.1865535707E-01
54056.999963 0 7.1865535707E-01
54057 0 6.9992212351E-01
54422.249963 0 6.9992212351E-01
54422.25 0 6.8180883869E-01
54787.499963 0 6.8180883869E-01
54787.5 0 6.6434245689E-01
55152.749963 0 6.6434245689E-01
55152.75 0 6.4744211525E-01
55517.999963 0 6.4744211525E-01
55518 0 6.3110781376E-01
55883.249963 0 6.3110781376E-01
55883.25 0 6.1533955242E-01
56248.499963 0 6.1533955242E-01
56248.5 0 6.0005646835E-01
56613.749963 0 6.0005646835E-01
56613.75 0 5.8533942443E-01
56978.999963 0 5.8533942443E-01
56979 0 5.710536492E-01
57344.249963 0 5.710536492E-01
57344.25 0 5.5725305124E-01
57709.499963 0 5.5725305124E-01
57709.5 0 5.4391067626E-01
58074.749963 0 5.4391067626E-01
58074.75 0 5.3102652425E-01
58439.999963 0 5.3102652425E-01
58440 0 5.1851973235E-01
58805.249963 0 5.1851973235E-01
58805.25 0 5.0644420914E-01
59170.499963 0 5.0644420914E-01
59170.5 0 4.9477300031E-01
59535.749963 0 4.9477300031E-01
59535.75 0 4.8342524301E-01
59900.999963 0 4.8342524301E-01
59901 0 4.7250875439E-01
60266.249963 0 4.7250875439E-01
60266.25 0 4.6188876299E-01
60631.499963 0 4.6188876299E-01
60631.5 0 4.516191774E-01
60996.749963 0 4.516191774E-01
60996.75 0 4.4167304332E-01
61361.999963 0 4.4167304332E-01
61362 0 4.3205036076E-01
61727.249963 0 4.3205036076E-01
61727.25 0 4.2269722112E-01
62092.499963 0 4.2269722112E-01
62092.5 0 4.136944873E-01
62457.749963 0 4.136944873E-01
62457.75 0 4.0490738781E-01
62822.999963 0 4.0490738781E-01
62823 0 3.9641678555E-01
63188.249963 0 3.9641678555E-01
63188.25 0 3.8819572622E-01
63553.499963 0 3.8819572622E-01
63553.5 0 3.8019030123E-01
63918.749963 0 3.8019030123E-01
63918.75 0 3.7248137347E-01
64283.999963 0 3.7248137347E-01
64284 0 3.6496112575E-01
64649.249963 0 3.6496112575E-01
64649.25 0 3.5768346667E-01
65014.499963 0 3.5768346667E-01
65014.5 0 3.5064839622E-01
65379.749963 0 3.5064839622E-01
65379.75 0 3.4377505154E-01
65744.999963 0 3.4377505154E-01
65745 0 3.3711734119E-01
66110.249963 0 3.3711734119E-01
66110.25 0 3.3067526519E-01
66475.499963 0 3.3067526519E-01
66475.5 0 3.2439491495E-01
66840.749963 0 3.2439491495E-01
66840.75 0 3.1833019905E-01
70128 0 2.7086368927E-01
74145.75 0 2.2703600902E-01
78894 0 1.8935390756E-01
84372.75 0 1.5878773942E-01
98617.5 0 1.1522960211E-01
118341 0 8.9380435228E-02
162171 0 5.4420717348E-02
207827.25 0 2.5390943904E-02
248370 0 1.035044847E-02
382051.49996 0 1.3477146446E-04
3.84243E+05 0 0.0
