0 0 0.0
30315.75 0 2.7158693731E-22
215132.24996 0 4.8292231258E-10
255309.74996 0 1.1705668585E-08
280877.24996 0 4.4068782796E-08
306444.74996 0 1.0481626259E-07
321785.24996 0 1.6549421612E-07
332377.49996 0 2.4458304814E-07
337490.99996 0 3.0667868548E-07
341873.99996 0 3.7989037618E-07
345891.74996 0 4.6905779944E-07
345891.75 0 4.7842754877E-07
346256.99996 0 4.7842754877E-07
346257 0 4.8801456766E-07
346622.24996 0 4.8801456766E-07
346622.25 0 4.9787317348E-07
346987.49996 0 4.9787317348E-07
346987.5 0 5.0794904886E-07
347352.74996 0 5.0794904886E-07
347352.75 0 5.1826935248E-07
347717.99996 0 5.1826935248E-07
347718 0 5.2888840173E-07
348083.24996 0 5.2888840173E-07
348083.25 0 5.3969756183E-07
348448.49996 0 5.3969756183E-07
348448.5 0 5.5083262626E-07
348813.74996 0 5.5083262626E-07
348813.75 0 5.6221211893E-07
349178.99996 0 5.6221211893E-07
349179 0 5.7389035724E-07
349544.24996 0 5.7389035724E-07
349544.25 0 5.8584018248E-07
349909.49996 0 5.8584018248E-07
349909.5 0 5.9808875335E-07
350274.74996 0 5.9808875335E-07
350274.75 0 6.1060891116E-07
350639.99996 0 6.1060891116E-07
350640 0 6.234549733E-07
351005.24996 0 6.234549733E-07
351005.25 0 6.3662693976E-07
351370.49996 0 6.3662693976E-07
351370.5 0 6.5012481054E-07
351735.74996 0 6.5012481054E-07
351735.75 0 6.6389426826E-07
352100.99996 0 6.6389426826E-07
352101 0 6.780439477E-07
352466.24996 0 6.780439477E-07
352466.25 0 6.9251953146E-07
352831.49996 0 6.9251953146E-07
352831.5 0 7.0734817823E-07
353196.74996 0 7.0734817823E-07
353196.75 0 7.2252988803E-07
353561.99996 0 7.2252988803E-07
353562 0 7.3806466084E-07
353927.24996 0 7.3806466084E-07
353927.25 0 7.5397965537E-07
354292.49996 0 7.5397965537E-07
354292.5 0 7.7027487161E-07
354657.74996 0 7.7027487161E-07
354657.75 0 7.8695030956E-07
355022.99996 0 7.8695030956E-07
355023 0 8.0403312792E-07
355388.24996 0 8.0403312792E-07
355388.25 0 8.2149616799E-07
355753.49996 0 8.2149616799E-07
355753.5 0 8.3939374716E-07
356118.74996 0 8.3939374716E-07
356118.75 0 8.5769870673E-07
356483.99996 0 8.5769870673E-07
356484 0 8.7643820541E-07
356849.24996 0 8.7643820541E-07
356849.25 0 8.9563940187E-07
357214.49996 0 8.9563940187E-07
357214.5 0 9.1524797875E-07
357579.74996 0 9.1524797875E-07
357579.75 0 9.3534541211E-07
357944.99996 0 9.3534541211E-07
357945 0 9.5590454326E-07
358310.24996 0 9.5590454326E-07
358310.25 0 9.7689821352E-07
358675.49996 0 9.7689821352E-07
358675.5 0 9.9846221634E-07
359040.74996 0 9.9846221634E-07
359040.75 0 1.0204335996E-06
359405.99996 0 1.0204335996E-06
359406 0 1.0429753154E-06
359771.24996 0 1.0429753154E-06
359771.25 0 1.0660058877E-06
360136.49996 0 1.0660058877E-06
360136.5 0 1.0895796338E-06
360501.74996 0 1.0895796338E-06
360501.75 0 1.1136693951E-06
360866.99996 0 1.1136693951E-06
360867 0 1.1383294891E-06
361232.24996 0 1.1383294891E-06
361232.25 0 1.1635327568E-06
361597.49996 0 1.1635327568E-06
361597.5 0 1.1893063572E-06
361962.74996 0 1.1893063572E-06
361962.75 0 1.2157046075E-06
362327.99996 0 1.2157046075E-06
362328 0 1.2426460317E-06
362693.24996 0 1.2426460317E-06
362693.25 0 1.2702392645E-06
363058.49996 0 1.2702392645E-06
363058.5 0 1.2984028299E-06
363423.74996 0 1.2984028299E-06
363423.75 0 1.3272453627E-06
363788.99996 0 1.3272453627E-06
363789 0 1.3566853867E-06
364154.24996 0 1.3566853867E-06
364154.25 0 1.3868315367E-06
364519.49996 0 1.3868315367E-06
364519.5 0 1.4176294954E-06
364884.74996 0 1.4176294954E-06
364884.75 0 1.4490792627E-06
365249.99996 0 1.4490792627E-06
365250 0 1.4812623148E-06
365615.24996 0 1.4812623148E-06
365615.25 0 1.5141514929E-06
365980.49996 0 1.5141514929E-06
365980.5 0 1.5477467971E-06
366345.74996 0 1.5477467971E-06
366345.75 0 1.5821025446E-06
366710.99996 0 1.5821025446E-06
366711 0 1.6171915769E-06
367076.24996 0 1.6171915769E-06
367076.25 0 1.6530410527E-06
367441.49996 0 1.6530410527E-06
367441.5 0 1.6897052892E-06
367806.74996 0 1.6897052892E-06
367806.75 0 1.7271571278E-06
368171.99996 0 1.7271571278E-06
368172 0 1.7653965686E-06
368537.24996 0 1.7653965686E-06
368537.25 0 1.8045050876E-06
368902.49996 0 1.8045050876E-06
368902.5 0 1.8444012087E-06
369267.74996 0 1.8593292266E-06
369267.75 0 1.9004791239E-06
369632.99996 0 1.9004791239E-06
369633 0 1.9424503765E-06
369998.24996 0 1.9424503765E-06
369998.25 0 1.9853798768E-06
370363.49996 0 1.9853798768E-06
370363.5 0 2.0291854894E-06
370728.74996 0 2.0291854894E-06
370728.75 0 2.0739493498E-06
371093.99996 0 2.0739493498E-06
371094 0 2.1196440794E-06
371459.24996 0 2.1196440794E-06
371459.25 0 2.1663518138E-06
371824.49996 0 2.1663518138E-06
371824.5 0 2.214017796E-06
372189.74996 0 2.214017796E-06
372189.75 0 2.2626694045E-06
372554.99996 0 2.2626694045E-06
372555 0 2.3124161533E-06
372920.24996 0 2.3124161533E-06
372920.25 0 2.3631485284E-06
373285.49996 0 2.3631485284E-06
373285.5 0 2.4149486653E-06
373650.74996 0 2.4149486653E-06
373650.75 0 2.467871321E-06
374015.99996 0 2.467871321E-06
374016 0 2.521889117E-06
374381.24996 0 2.521889117E-06
374381.25 0 2.5770020534E-06
374746.49996 0 2.5770020534E-06
374746.5 0 2.6332922656E-06
375111.74996 0 2.6332922656E-06
375111.75 0 2.6907597536E-06
375476.99996 0 2.6907597536E-06
375477 0 2.7494045175E-06
375842.24996 0 2.7494045175E-06
375842.25 0 2.8092539357E-06
376207.49996 0 2.8092539357E-06
376207.5 0 2.8703353867E-06
376572.74996 0 2.8703353867E-06
376572.75 0 2.9327036277E-06
376937.99996 0 2.9327036277E-06
376938 0 2.9963312799E-06
377303.24996 0 2.9963312799E-06
377303.25 0 3.0612457221E-06
377668.49996 0 3.0612457221E-06
377668.5 0 3.1275290897E-06
378033.74996 0 3.1275290897E-06
378033.75 0 3.1951266256E-06
378398.99996 0 3.1951266256E-06
378399 0 3.2641478439E-06
378764.24996 0 3.2641478439E-06
378764.25 0 3.3345106092E-06
379129.49996 0 3.3345106092E-06
379129.5 0 3.4063518138E-06
379494.74996 0 3.4063518138E-06
379494.75 0 3.4796167009E-06
379859.99996 0 3.4796167009E-06
379860 0 3.5543874059E-06
380225.24996 0 3.5543874059E-06
380225.25 0 3.6306639288E-06
380590.49996 0 3.6306639288E-06
380590.5 0 3.7084462697E-06
380955.74996 0 3.7084462697E-06
380955.75 0 3.787816564E-06
381320.99996 0 3.787816564E-06
381321 0 3.8687474333E-06
381686.24996 0 3.8687474333E-06
381686.25 0 3.951321013E-06
382051.49996 0 3.951321013E-06
3.84243E+05 0 0.0
