0 0 8.8836960987E+02
365.2499635 0 8.8836960987E+02
365.25 0 8.9947159481E+02
1095.75 0 9.0769883644E+02
2191.4999635 0 8.9122927167E+02
2191.5 0 8.7854929104E+02
2556.7499635 0 8.7854929104E+02
2556.75 0 8.6156372351E+02
2921.9999635 0 8.6156372351E+02
2922 0 8.4082505589E+02
3287.2499635 0 8.4082505589E+02
3287.25 0 8.1695109363E+02
3652.4999635 0 8.1695109363E+02
3652.5 0 7.9056508544E+02
4017.7499635 0 7.9056508544E+02
4017.75 0 7.6222496131E+02
4382.9999635 0 7.6222496131E+02
4383 0 7.324342191E+02
4748.2499635 0 7.324342191E+02
4748.25 0 7.0161470834E+02
5113.4999635 0 7.0161470834E+02
5113.5 0 6.7015561925E+02
5478.7499635 0 6.7015561925E+02
5478.75 0 6.3836449374E+02
5843.9999635 0 6.4217385352E+02
5844 0 6.1016016427E+02
6209.2499635 0 6.1016016427E+02
6209.25 0 5.7834633812E+02
6574.4999635 0 5.7834633812E+02
6574.5 0 5.4696235455E+02
6939.7499635 0 5.4696235455E+02
6939.75 0 5.161889117E+02
7304.9999635 0 5.161889117E+02
7305 0 4.8618480493E+02
7670.2499635 0 4.8618480493E+02
7670.25 0 4.5708145106E+02
8035.499963 0 4.5708145106E+02
8035.5 0 4.2899383984E+02
8400.749963 0 4.2899383984E+02
8400.75 0 4.0198494182E+02
8765.999963 0 4.0198494182E+02
8766 0 3.7607118412E+02
9131.249963 0 3.7607118412E+02
9131.25 0 3.511430527E+02
9496.499963 0 3.511430527E+02
9496.5 0 3.2703901437E+02
9861.749963 0 3.2703901437E+02
9861.75 0 3.0365229295E+02
10226.999963 0 3.0365229295E+02
10227 0 2.810403833E+02
10592.249963 0 2.810403833E+02
10592.25 0 2.5937303217E+02
10957.499963 0 2.5937303217E+02
10957.5 0 2.3885558018E+02
11322.749963 0 2.3885558018E+02
11322.75 0 2.1964409246E+02
11687.999963 0 2.1964409246E+02
11688 0 2.0183712567E+02
12053.249963 0 2.0183712567E+02
12053.25 0 1.8544289342E+02
12418.499963 0 1.8544289342E+02
12418.5 0 1.70439493E+02
12783.749963 0 1.70439493E+02
12783.75 0 1.567530023E+02
13148.999963 0 1.567530023E+02
13149 0 1.4428759641E+02
13514.249963 0 1.4428759641E+02
13514.25 0 1.32952926E+02
13879.499963 0 1.32952926E+02
13879.5 0 1.2264221451E+02
14244.749963 0 1.2264221451E+02
14244.75 0 1.1325689903E+02
14609.999963 0 1.1325689903E+02
14610 0 1.0470936789E+02
14975.249963 0 1.0470936789E+02
14975.25 0 9.6903795866E+01
15340.499963 0 9.6903795866E+01
15340.5 0 8.97772118E+01
15705.749963 0 8.97772118E+01
15705.75 0 8.3252956057E+01
17166.749963 0 6.6282965974E+01
18262.5 0 4.8856175192E+01
21549.75 0 2.667581629E+01
26298 0 1.1831292266E+01
35429.25 0 2.8807671458E+00
44925.749963 0 8.6537166324E-01
54057 0 3.039835729E-01
63918.749963 0 1.2871457906E-01
73415.25 0 6.0246406571E-02
83276.999963 0 3.012183436E-02
92773.499963 0 1.6429842574E-02
131124.75 0 0.0
199426.49996 0 0.0
245082.74996 0 2.6283367556E-04
290738.99996 0 1.0792607803E-02
336395.24996 0 1.787926078E-01
382051.49996 0 1.3383709788E+00
3.84243E+05 0 0.0
