0 0 3.6864618476E+02
365.2499635 0 3.6864618476E+02
365.25 0 5.849224254E+02
730.4999635 0 5.849224254E+02
730.5 0 8.3219568154E+02
1095.7499635 0 8.3219568154E+02
1095.75 0 1.0564548762E+03
1460.9999635 0 1.0564548762E+03
1461 0 1.2396512684E+03
1826.2499635 0 1.2396512684E+03
1826.25 0 1.4087159347E+03
2191.4999635 0 1.4087159347E+03
2191.5 0 1.5903956508E+03
2556.7499635 0 1.5903956508E+03
2556.75 0 1.7912702156E+03
2921.9999635 0 1.7912702156E+03
2922 0 2.0253671635E+03
3287.2499635 0 2.0253671635E+03
3287.25 0 2.294358475E+03
3652.4999635 0 2.294358475E+03
3652.5 0 2.6009767229E+03
4017.7499635 0 2.6009767229E+03
4017.75 0 2.9447697548E+03
4382.9999635 0 2.9447697548E+03
4383 0 3.3261258319E+03
4748.2499635 0 3.3261258319E+03
4748.25 0 3.7442094555E+03
5113.4999635 0 3.7442094555E+03
5113.5 0 4.1911325334E+03
5478.7499635 0 4.1911325334E+03
5478.75 0 4.6677403939E+03
5843.9999635 0 4.6677403939E+03
5844 0 5.2452478441E+03
6209.2499635 0 5.2452478441E+03
6209.25 0 5.7232409081E+03
6574.4999635 0 5.7232409081E+03
6574.5 0 6.2396706661E+03
6939.7499635 0 6.2396706661E+03
6939.75 0 6.761101215E+03
7304.9999635 0 6.761101215E+03
7305 0 7.2768276188E+03
7670.2499635 0 7.2768276188E+03
7670.25 0 7.7750788696E+03
8035.499963 0 7.7750788696E+03
8035.5 0 8.2499327401E+03
8400.749963 0 8.2825989163E+03
8400.75 0 8.7286082105E+03
8765.999963 0 8.7286082105E+03
8766 0 9.1333776434E+03
9131.249963 0 9.1333776434E+03
9131.25 0 9.448540613E+03
9496.499963 0 9.448540613E+03
9496.5 0 9.8083930309E+03
9861.749963 0 9.8083930309E+03
9861.75 0 1.0056872354E+04
10226.999963 0 1.0056872354E+04
10227 0 1.0247217414E+04
10592.249963 0 1.0247217414E+04
10592.25 0 1.0373719387E+04
10957.499963 0 1.0373719387E+04
10957.5 0 1.0434207245E+04
11322.749963 0 1.0241741657E+04
11687.999963 0 1.0239121516E+04
11688 0 1.0171792108E+04
12053.249963 0 1.0171792108E+04
12053.25 0 1.003913351E+04
12418.499963 0 1.003913351E+04
12418.5 0 9.8449136572E+03
12783.749963 0 9.8449136572E+03
12783.75 0 9.5791490836E+03
13148.999963 0 9.5791490836E+03
13149 0 9.2459630285E+03
13514.249963 0 9.2459630285E+03
13514.25 0 8.8456545825E+03
13879.499963 0 8.8456545825E+03
13879.5 0 8.3903821904E+03
14244.749963 0 8.3903821904E+03
14244.75 0 7.8984057757E+03
14609.999963 0 7.8984057757E+03
14610 0 7.3835815466E+03
14975.249963 0 7.3835815466E+03
14975.25 0 6.8622686155E+03
15340.499963 0 6.8622686155E+03
15340.5 0 6.3531213245E+03
15705.749963 0 6.3531213245E+03
15705.75 0 5.8580755029E+03
16070.999963 0 5.8580755029E+03
16071 0 5.386017128E+03
16436.249963 0 5.386017128E+03
16436.25 0 4.9372310397E+03
16801.499963 0 4.9372310397E+03
16801.5 0 4.5200564876E+03
17166.749963 0 4.5200564876E+03
17166.75 0 4.1288459081E+03
17531.999963 0 4.1288459081E+03
17532 0 3.7678948521E+03
17897.249963 0 3.7678948521E+03
17897.25 0 3.433401241E+03
18262.499963 0 3.433401241E+03
18262.5 0 3.1281545859E+03
18627.749963 0 3.1281545859E+03
18627.75 0 2.8442168743E+03
18992.999963 0 2.8442168743E+03
18993 0 2.5873950016E+03
19358.249963 0 2.5873950016E+03
19358.25 0 2.3527634578E+03
19723.499963 0 2.3527634578E+03
19723.5 0 2.1390920886E+03
20088.749963 0 2.1390920886E+03
20088.75 0 1.9454268044E+03
20453.999963 0 1.9454268044E+03
20454 0 1.7675008421E+03
20819.249963 0 1.7675008421E+03
20819.25 0 1.6078326521E+03
21184.499963 0 1.6078326521E+03
21184.5 0 1.4638021555E+03
21549.749963 0 1.4638021555E+03
21549.75 0 1.331544561E+03
21914.999963 0 1.331544561E+03
21915 0 1.2138205149E+03
22280.249963 0 1.2138205149E+03
22280.25 0 1.1063584064E+03
22645.499963 0 1.1063584064E+03
22645.5 0 1.0078942326E+03
23010.749963 0 1.0078942326E+03
23010.75 0 9.21992597E+02
23375.999963 0 9.21992597E+02
23376 0 8.4173752184E+02
23741.249963 0 8.4173752184E+02
23741.25 0 7.6987997184E+02
24106.499963 0 7.6987997184E+02
24106.5 0 7.0536901832E+02
24471.749963 0 7.0536901832E+02
24471.75 0 6.4705688423E+02
24836.999963 0 6.4705688423E+02
24837 0 5.9242999645E+02
25202.249963 0 5.9242999645E+02
25202.25 0 5.4604096016E+02
25567.499963 0 5.4604096016E+02
25567.5 0 5.0177775481E+02
25932.749963 0 5.0177775481E+02
25932.75 0 4.6254629191E+02
26297.999963 0 4.6254629191E+02
26298 0 4.2535353177E+02
27028.499963 0 3.9402559323E+02
27028.5 0 3.6220344077E+02
27393.749963 0 3.6220344077E+02
27393.75 0 3.3731163098E+02
27758.999963 0 3.3731163098E+02
27759 0 3.11935342E+02
29585.25 0 2.1541830323E+02
35063.999963 0 9.1015417064E+01
35064 0 7.9106429001E-05
251657.24996 0 2.5454035935E+01
268458.74996 0 6.6888126273E+01
281972.99996 0 1.3846836458E+02
293295.74996 0 2.4615314191E+02
303157.49996 0 3.9634641187E+02
314845.49996 0 6.7500841933E+02
325437.74996 0 1.0586275445E+03
335299.49996 0 1.5630698982E+03
335299.5 0 1.5849180487E+03
335664.74996 0 1.5849180487E+03
335664.75 0 1.6070080607E+03
336029.99996 0 1.6070080607E+03
336030 0 1.6292861871E+03
336395.24996 0 1.6292861871E+03
336395.25 0 1.6518867954E+03
336760.49996 0 1.6518867954E+03
336760.5 0 1.6746755182E+03
337125.74996 0 1.6746755182E+03
337125.75 0 1.6977061025E+03
337490.99996 0 1.6977061025E+03
337491 0 1.7210322952E+03
337856.24996 0 1.7210322952E+03
337856.25 0 1.7445466023E+03
338221.49996 0 1.7445466023E+03
338221.5 0 1.7683833914E+03
338586.74996 0 1.7683833914E+03
338586.75 0 1.7923814215E+03
338951.99996 0 1.7923814215E+03
338952 0 1.8167019334E+03
339317.24996 0 1.8167019334E+03
339317.25 0 1.8412643068E+03
339682.49996 0 1.8412643068E+03
339682.5 0 1.8660685417E+03
340047.74996 0 1.8660685417E+03
340047.75 0 1.891114638E+03
340412.99996 0 1.891114638E+03
340413 0 1.9164563427E+03
340778.24996 0 1.9164563427E+03
340778.25 0 1.9420130354E+03
341143.49996 0 1.9420130354E+03
341143.5 0 1.9678653365E+03
341508.74996 0 1.9678653365E+03
341508.75 0 1.9939594991E+03
341873.99996 0 1.9939594991E+03
341874 0 2.0203223966E+03
342239.24996 0 2.0203223966E+03
342239.25 0 2.046954029E+03
342604.49996 0 2.046954029E+03
342604.5 0 2.0738543964E+03
342969.74996 0 2.0738543964E+03
342969.75 0 2.1009697517E+03
343334.99996 0 2.1009697517E+03
343335 0 2.1284344624E+03
343700.24996 0 2.1284344624E+03
343700.25 0 2.1560872877E+03
344065.49996 0 2.1560872877E+03
344065.5 0 2.1840625948E+03
344430.74996 0 2.1840625948E+03
344430.75 0 2.2123066369E+03
344795.99996 0 2.2123066369E+03
344796 0 2.2407925404E+03
345161.24996 0 2.2407925404E+03
345161.25 0 2.2695471788E+03
345526.49996 0 2.2695471788E+03
345526.5 0 2.2985974257E+03
345891.74996 0 2.2985974257E+03
345891.75 0 2.3279164075E+03
346256.99996 0 2.3279164075E+03
346257 0 2.3575041243E+03
346622.24996 0 2.3575041243E+03
346622.25 0 2.387360576E+03
346987.49996 0 2.387360576E+03
346987.5 0 2.4175126361E+03
347352.74996 0 2.4175126361E+03
347352.75 0 2.4479334312E+03
347717.99996 0 2.4479334312E+03
347718 0 2.4785960877E+03
348083.24996 0 2.4785960877E+03
348083.25 0 2.5096080997E+03
348448.49996 0 2.5096080997E+03
348448.5 0 2.5408350996E+03
348813.74996 0 2.5408350996E+03
348813.75 0 2.5723577079E+03
349178.99996 0 2.5723577079E+03
349179 0 2.6041759246E+03
349544.24996 0 2.6041759246E+03
349544.25 0 2.6362897498E+03
349909.49996 0 2.6362897498E+03
349909.5 0 2.668618563E+03
350274.74996 0 2.668618563E+03
350274.75 0 2.7012967315E+03
350639.99996 0 2.7012967315E+03
350640 0 2.7342167615E+03
351005.24996 0 2.7342167615E+03
351005.25 0 2.7674592735E+03
351370.49996 0 2.8194661191E+03
351370.5 0 2.8535797399E+03
351735.74996 0 2.8535797399E+03
351735.75 0 2.8879945243E+03
352100.99996 0 2.8879945243E+03
352101 0 2.9226830938E+03
352466.24996 0 2.9226830938E+03
352466.25 0 2.9577002053E+03
352831.49996 0 2.9577002053E+03
352831.5 0 2.992991102E+03
353196.74996 0 2.992991102E+03
353196.75 0 3.0285284052E+03
353561.99996 0 3.0285284052E+03
353562 0 3.064421629E+03
353927.24996 0 3.064421629E+03
353927.25 0 3.1005886379E+03
354292.49996 0 3.1005886379E+03
354292.5 0 3.1370020534E+03
354657.74996 0 3.1370020534E+03
354657.75 0 3.173744011E+03
355022.99996 0 3.173744011E+03
355023 0 3.2107597536E+03
355388.24996 0 3.2107597536E+03
355388.25 0 3.2480766598E+03
355753.49996 0 3.2480766598E+03
355753.5 0 3.2856947296E+03
356118.74996 0 3.2856947296E+03
356118.75 0 3.3235865845E+03
356483.99996 0 3.3235865845E+03
356484 0 3.3617522245E+03
356849.24996 0 3.3617522245E+03
356849.25 0 3.4002464066E+03
357214.49996 0 3.4002464066E+03
357214.5 0 3.4389869952E+03
357579.74996 0 3.4389869952E+03
357579.75 0 3.4780561259E+03
357944.99996 0 3.4780561259E+03
357945 0 3.5173716632E+03
358310.24996 0 3.5173716632E+03
358310.25 0 3.5570157426E+03
358675.49996 0 3.5570157426E+03
358675.5 0 3.5969336071E+03
359040.74996 0 3.5969336071E+03
359040.75 0 3.6371252567E+03
359405.99996 0 3.6371252567E+03
359406 0 3.6776180698E+03
359771.24996 0 3.6776180698E+03
359771.25 0 3.7184668036E+03
360136.49996 0 3.7184668036E+03
360136.5 0 3.7593429158E+03
360501.74996 0 3.7593429158E+03
360501.75 0 3.8009582478E+03
361232.24996 0 3.8422997947E+03
361232.25 0 3.8844626968E+03
361597.49996 0 3.8844626968E+03
361597.5 0 3.9263518138E+03
361962.74996 0 3.9263518138E+03
361962.75 0 3.9690622861E+03
362327.99996 0 3.9690622861E+03
362328 0 4.0117727584E+03
362693.24996 0 4.0117727584E+03
362693.25 0 4.0550308008E+03
363058.49996 0 4.0550308008E+03
363058.5 0 4.0980150582E+03
363423.74996 0 4.0980150582E+03
363423.75 0 4.1418206708E+03
363788.99996 0 4.1418206708E+03
363789 0 4.1856262834E+03
364154.24996 0 4.1856262834E+03
364154.25 0 4.229705681E+03
364519.49996 0 4.229705681E+03
364519.5 0 4.2743326489E+03
364884.74996 0 4.2743326489E+03
364884.75 0 4.3186858316E+03
365249.99996 0 4.3186858316E+03
365250 0 4.3638603696E+03
365615.24996 0 4.3638603696E+03
365615.25 0 4.4093086927E+03
365980.49996 0 4.4093086927E+03
365980.5 0 4.4544832307E+03
366345.74996 0 4.4544832307E+03
366345.75 0 4.5004791239E+03
366710.99996 0 4.5004791239E+03
366711 0 4.5464750171E+03
367076.24996 0 4.5464750171E+03
367076.25 0 4.5927446954E+03
367441.49996 0 4.5927446954E+03
367441.5 0 4.6392881588E+03
367806.74996 0 4.6392881588E+03
367806.75 0 4.6863791923E+03
368171.99996 0 4.6863791923E+03
368172 0 4.7331964408E+03
368537.24996 0 4.7331964408E+03
368537.25 0 4.7808350445E+03
368902.49996 0 4.7808350445E+03
368902.5 0 4.8281998631E+03
369267.74996 0 4.8281998631E+03
369267.75 0 4.8761122519E+03
369632.99996 0 4.8761122519E+03
369633 0 4.9242984257E+03
369998.24996 0 4.9242984257E+03
369998.25 0 4.9727583847E+03
370363.49996 0 4.9727583847E+03
370363.5 0 5.0212183436E+03
370728.74996 0 5.0212183436E+03
370728.75 0 5.0702258727E+03
371093.99996 0 5.0702258727E+03
371094 0 5.1192334018E+03
371459.24996 0 5.1192334018E+03
371459.25 0 5.1685147159E+03
371824.49996 0 5.1685147159E+03
371824.5 0 5.2183436003E+03
372189.74996 0 5.2183436003E+03
372189.75 0 5.2681724846E+03
372554.99996 0 5.2681724846E+03
372555 0 5.3180013689E+03
372920.24996 0 5.3180013689E+03
372920.25 0 5.3686516085E+03
373285.49996 0 5.3686516085E+03
373285.5 0 5.4187542779E+03
373650.74996 0 5.4187542779E+03
373650.75 0 5.4699520876E+03
374015.99996 0 5.4699520876E+03
374016 0 5.5208761123E+03
374381.24996 0 5.5208761123E+03
374381.25 0 5.5718001369E+03
374746.49996 0 5.5718001369E+03
374746.5 0 5.6235455168E+03
375111.74996 0 5.6235455168E+03
375111.75 0 5.6752908966E+03
375476.99996 0 5.6752908966E+03
375477 0 5.7270362765E+03
375842.24996 0 5.7270362765E+03
375842.25 0 5.7790554415E+03
376207.49996 0 5.7790554415E+03
376207.5 0 5.8313483915E+03
376572.74996 0 5.8313483915E+03
376572.75 0 5.8839151266E+03
376937.99996 0 5.8839151266E+03
376938 0 5.9367556468E+03
377303.24996 0 5.9367556468E+03
377303.25 0 5.989596167E+03
377668.49996 0 5.989596167E+03
377668.5 0 6.0427104723E+03
378033.74996 0 6.0427104723E+03
378033.75 0 6.0960985626E+03
378398.99996 0 6.0960985626E+03
378399 0 6.149486653E+03
378764.24996 0 6.149486653E+03
378764.25 0 6.2031485284E+03
379129.49996 0 6.2031485284E+03
379129.5 0 6.2570841889E+03
379494.74996 0 6.2570841889E+03
379494.75 0 6.3112936345E+03
379859.99996 0 6.3112936345E+03
379860 0 6.3655030801E+03
380225.24996 0 6.3655030801E+03
380225.25 0 6.4197125257E+03
380590.49996 0 6.4197125257E+03
380590.5 0 6.4747433265E+03
380955.74996 0 6.4747433265E+03
380955.75 0 6.5292265572E+03
381320.99996 0 6.5292265572E+03
381321 0 6.584257358E+03
381686.24996 0 6.584257358E+03
381686.25 0 6.6392881588E+03
382051.49996 0 6.6392881588E+03
3.84243E+05 0 0.0
