0 0 1.1055770021E+00
365.2499635 0 1.1055770021E+00
365.25 0 1.0445448323E+00
730.4999635 0 1.0445448323E+00
730.5 0 9.6211635866E-01
1095.7499635 0 9.6211635866E-01
1095.75 0 8.7421218344E-01
1460.9999635 0 8.7421218344E-01
1461 0 7.9118412047E-01
1826.2499635 0 7.9118412047E-01
1826.25 0 7.1723750856E-01
2191.4999635 0 7.1723750856E-01
2191.5 0 6.5308145106E-01
2556.7499635 0 6.5308145106E-01
2556.75 0 5.9796303901E-01
2921.9999635 0 5.9796303901E-01
2922 0 5.5069952088E-01
3287.2499635 0 5.5069952088E-01
3287.25 0 5.100752909E-01
3652.4999635 0 5.100752909E-01
3652.5 0 4.7502258727E-01
4017.7499635 0 4.7502258727E-01
4017.75 0 4.4463518138E-01
4382.9999635 0 4.4463518138E-01
4383 0 4.1816563997E-01
4748.2499635 0 4.1816563997E-01
4748.25 0 3.9500068446E-01
5113.4999635 0 3.9500068446E-01
5113.5 0 3.7464476386E-01
5478.7499635 0 3.7464476386E-01
5478.75 0 3.566844627E-01
5843.9999635 0 3.566844627E-01
5844 0 3.4078576318E-01
6209.2499635 0 3.4078576318E-01
6209.25 0 3.2666940452E-01
6574.4999635 0 3.2666940452E-01
6574.5 0 3.1410540726E-01
6939.7499635 0 3.1410540726E-01
6939.75 0 3.0289117043E-01
7304.9999635 0 3.0289117043E-01
7305 0 2.9287063655E-01
7670.2499635 0 2.9287063655E-01
7670.25 0 2.8389869952E-01
8400.75 0 2.6864339493E-01
9861.749963 0 2.5112936345E-01
10957.5 0 2.3504722793E-01
13514.25 0 2.1902532512E-01
16070.999963 0 2.0651060917E-01
17897.249963 0 1.9002093964E-01
19358.249963 0 1.7671840317E-01
22280.25 0 1.5178644764E-01
25567.499963 0 1.360164271E-01
28489.5 0 1.2399726215E-01
32141.999963 0 1.161670089E-01
32872.499963 0 1.1482546201E-01
33237.749963 0 1.1425051335E-01
33602.999963 0 1.1362080767E-01
33968.249963 0 1.1310061602E-01
34698.75 0 1.1156741958E-01
35429.25 0 1.1069130732E-01
37255.5 0 1.0882956879E-01
39081.749963 0 1.0765229295E-01
42369 0 1.0557152635E-01
43830 0 1.0502395619E-01
45290.999963 0 1.0466803559E-01
47847.75 0 1.040109514E-01
49308.75 0 1.0376454483E-01
50769.749963 0 1.0362765229E-01
53326.5 0 1.032991102E-01
58805.25 0 1.0299794661E-01
61727.249963 0 1.0291581109E-01
64284 0 1.0286105407E-01
86198.999963 0 1.0170113524E-01
108113.99996 0 9.9164743295E-02
119071.49996 0 9.6710170441E-02
129663.74996 0 9.3410133605E-02
137699.24996 0 9.0246461926E-02
145369.49996 0 8.6755513868E-02
153404.99996 0 8.2664559111E-02
161075.24996 0 7.8437239196E-02
169110.74996 0 7.3800823806E-02
176780.99996 0 6.9218954478E-02
192121.5 0 5.9809758539E-02
207827.25 0 5.0918750201E-02
223532.99996 0 4.3009571006E-02
239238.74996 0 3.5945855793E-02
254579.25 0 2.983669669E-02
286721.24996 0 2.0372954687E-02
318497.99996 0 1.3827427077E-02
382051.49996 0 6.3546163883E-03
3.84243E+05 0 0.0
