0 0 0.0
2922 0 1.0853961807E-21
37620.749963 0 2.5449040035E-06
138429.74996 0 4.2042821059E-03
203444.24996 0 2.7423077203E-02
227185.49996 0 5.0706996072E-02
244352.24996 0 8.2031529847E-02
259327.49996 0 1.3030995196E-01
273206.99996 0 1.9920547453E-01
288912.74996 0 3.1191572743E-01
303522.74996 0 4.5784724392E-01
317402.24996 0 6.4163195222E-01
330916.49996 0 8.7054200673E-01
344065.49996 0 1.1468296045E+00
344065.5 0 1.1552956947E+00
344430.74996 0 1.1552956947E+00
344430.75 0 1.1637889199E+00
344795.99996 0 1.1637889199E+00
344796 0 1.1723635497E+00
345161.24996 0 1.1723635497E+00
345161.25 0 1.1809924493E+00
345526.49996 0 1.1809924493E+00
345526.5 0 1.189621349E+00
345891.74996 0 1.189621349E+00
345891.75 0 1.1983045184E+00
346256.99996 0 1.1983045184E+00
346257 0 1.2070690926E+00
346622.24996 0 1.2070690926E+00
346622.25 0 1.2158336667E+00
346987.49996 0 1.2158336667E+00
346987.5 0 1.2246525107E+00
347352.74996 0 1.2246525107E+00
347352.75 0 1.2335256245E+00
347717.99996 0 1.2335256245E+00
347718 0 1.242453008E+00
348083.24996 0 1.242453008E+00
348083.25 0 1.2514075265E+00
348448.49996 0 1.2514075265E+00
348448.5 0 1.2604163148E+00
348813.74996 0 1.2604163148E+00
348813.75 0 1.269452238E+00
349178.99996 0 1.269452238E+00
349179 0 1.2785424311E+00
349544.24996 0 1.2785424311E+00
349544.25 0 1.2876868939E+00
349909.49996 0 1.2876868939E+00
349909.5 0 1.2968584916E+00
350274.74996 0 1.3085010267E+00
350274.75 0 1.3178097194E+00
350639.99996 0 1.3178097194E+00
350640 0 1.3271731691E+00
351005.24996 0 1.3271731691E+00
351005.25 0 1.3365639973E+00
351370.49996 0 1.3365639973E+00
351370.5 0 1.3460095825E+00
351735.74996 0 1.3460095825E+00
351735.75 0 1.3555099247E+00
352100.99996 0 1.3555099247E+00
352101 0 1.3650376454E+00
352466.24996 0 1.3650376454E+00
352466.25 0 1.3746201232E+00
352831.49996 0 1.3746201232E+00
352831.5 0 1.3842299795E+00
353196.74996 0 1.3842299795E+00
353196.75 0 1.3938945927E+00
353561.99996 0 1.3938945927E+00
353562 0 1.403613963E+00
353927.24996 0 1.403613963E+00
353927.25 0 1.4133880903E+00
354292.49996 0 1.4133880903E+00
354292.5 0 1.4231622177E+00
354657.74996 0 1.4231622177E+00
354657.75 0 1.4330184805E+00
355022.99996 0 1.4330184805E+00
355023 0 1.4429295003E+00
355388.24996 0 1.4429295003E+00
355388.25 0 1.4528405202E+00
355753.49996 0 1.4528405202E+00
355753.5 0 1.4628336756E+00
356118.74996 0 1.4628336756E+00
356118.75 0 1.472881588E+00
356483.99996 0 1.472881588E+00
356484 0 1.4829295003E+00
356849.24996 0 1.4829295003E+00
356849.25 0 1.4930595483E+00
357214.49996 0 1.4930595483E+00
357214.5 0 1.5032169747E+00
357579.74996 0 1.5032169747E+00
357579.75 0 1.5134017796E+00
357944.99996 0 1.5134017796E+00
357945 0 1.5236960986E+00
358310.24996 0 1.5236960986E+00
358310.25 0 1.533963039E+00
358675.49996 0 1.533963039E+00
358675.5 0 1.544312115E+00
359040.74996 0 1.544312115E+00
359040.75 0 1.5546885695E+00
359405.99996 0 1.5546885695E+00
359406 0 1.565119781E+00
359771.24996 0 1.565119781E+00
359771.25 0 1.5756057495E+00
360136.49996 0 1.5756057495E+00
360136.5 0 1.586091718E+00
360501.74996 0 1.586091718E+00
360501.75 0 1.5966872005E+00
360866.99996 0 1.5966872005E+00
360867 0 1.6072826831E+00
361232.24996 0 1.6072826831E+00
361232.25 0 1.6179329227E+00
361597.49996 0 1.6179329227E+00
361597.5 0 1.6286379192E+00
361962.74996 0 1.6286379192E+00
361962.75 0 1.6393702943E+00
362327.99996 0 1.6393702943E+00
362328 0 1.6501574264E+00
362693.24996 0 1.6501574264E+00
362693.25 0 1.660971937E+00
363058.49996 0 1.660971937E+00
363058.5 0 1.6718685832E+00
363423.74996 0 1.6718685832E+00
363423.75 0 1.6827652293E+00
363788.99996 0 1.6827652293E+00
363789 0 1.693744011E+00
364154.24996 0 1.693744011E+00
364154.25 0 1.7047227926E+00
364519.49996 0 1.7047227926E+00
364519.5 0 1.7157837098E+00
364884.74996 0 1.7157837098E+00
364884.75 0 1.7268720055E+00
365249.99996 0 1.7268720055E+00
365250 0 1.7379876797E+00
365615.24996 0 1.7379876797E+00
365615.25 0 1.7491854894E+00
365980.49996 0 1.7491854894E+00
365980.5 0 1.7604106776E+00
366345.74996 0 1.7604106776E+00
366345.75 0 1.7716632444E+00
366710.99996 0 1.7716632444E+00
366711 0 1.7829705681E+00
367076.24996 0 1.7829705681E+00
367076.25 0 1.7943052704E+00
367441.49996 0 1.7943052704E+00
367441.5 0 1.8057221081E+00
367806.74996 0 1.8057221081E+00
367806.75 0 1.8171389459E+00
368171.99996 0 1.8171389459E+00
368172 0 1.8286379192E+00
368537.24996 0 1.8286379192E+00
368537.25 0 1.8401368925E+00
368902.49996 0 1.8401368925E+00
368902.5 0 1.8517180014E+00
369267.74996 0 1.8517180014E+00
369267.75 0 1.8632991102E+00
369632.99996 0 1.8632991102E+00
369633 0 1.8749623546E+00
369998.24996 0 1.8749623546E+00
369998.25 0 1.8866529774E+00
370363.49996 0 1.8866529774E+00
370363.5 0 1.8983709788E+00
370728.74996 0 1.8983709788E+00
370728.75 0 1.9101711157E+00
371459.24996 0 1.9219712526E+00
371459.25 0 1.9338261465E+00
371824.49996 0 1.9338261465E+00
371824.5 0 1.9457084189E+00
372189.74996 0 1.9457084189E+00
372189.75 0 1.9576728268E+00
372554.99996 0 1.9576728268E+00
372555 0 1.9696372348E+00
372920.24996 0 1.9696372348E+00
372920.25 0 1.9816563997E+00
373285.49996 0 1.9816563997E+00
373285.5 0 1.9937303217E+00
373650.74996 0 1.9937303217E+00
373650.75 0 2.0058316222E+00
374015.99996 0 2.0058316222E+00
374016 0 2.0179876797E+00
374381.24996 0 2.0179876797E+00
374381.25 0 2.0301437372E+00
374746.49996 0 2.0301437372E+00
374746.5 0 2.0423819302E+00
375111.74996 0 2.0423819302E+00
375111.75 0 2.0546475017E+00
375476.99996 0 2.0546475017E+00
375477 0 2.0669678303E+00
375842.24996 0 2.0669678303E+00
375842.25 0 2.0792881588E+00
376207.49996 0 2.0792881588E+00
376207.5 0 2.0916906229E+00
376572.74996 0 2.0916906229E+00
376572.75 0 2.1039561944E+00
376937.99996 0 2.1039561944E+00
376938 0 2.1166324435E+00
377303.24996 0 2.1166324435E+00
377303.25 0 2.1292265572E+00
377668.49996 0 2.1292265572E+00
377668.5 0 2.1415468857E+00
378033.74996 0 2.1415468857E+00
378033.75 0 2.1541409993E+00
378398.99996 0 2.1541409993E+00
378399 0 2.1667351129E+00
378764.24996 0 2.1667351129E+00
378764.25 0 2.1796030116E+00
379129.49996 0 2.1796030116E+00
379129.5 0 2.1921971253E+00
379494.74996 0 2.1921971253E+00
379494.75 0 2.2047912389E+00
379859.99996 0 2.2047912389E+00
379860 0 2.2176591376E+00
380225.24996 0 2.2176591376E+00
380225.25 0 2.2305270363E+00
380590.49996 0 2.2305270363E+00
380590.5 0 2.2431211499E+00
380955.74996 0 2.2431211499E+00
380955.75 0 2.2562628337E+00
381320.99996 0 2.2562628337E+00
381321 0 2.2691307324E+00
381686.24996 0 2.2691307324E+00
381686.25 0 2.2819986311E+00
382051.49996 0 2.2819986311E+00
3.84243E+05 0 0.0
