0 0 6.5155703514E+04
2191.4999635 0 6.4781382615E+04
3652.4999635 0 6.3037371663E+04
3652.5 0 6.1997809719E+04
4017.7499635 0 6.1997809719E+04
4017.75 0 6.0721971253E+04
4382.9999635 0 6.0721971253E+04
4383 0 5.925065024E+04
4748.2499635 0 5.925065024E+04
4748.25 0 5.763504449E+04
5113.4999635 0 5.763504449E+04
5113.5 0 5.5924435318E+04
5478.7499635 0 5.5924435318E+04
5478.75 0 5.4163723477E+04
5843.9999635 0 5.4163723477E+04
5844 0 5.2388774812E+04
6209.2499635 0 5.2388774812E+04
6209.25 0 5.0628062971E+04
6574.4999635 0 5.0628062971E+04
6574.5 0 4.8903216975E+04
6939.7499635 0 4.8903216975E+04
6939.75 0 4.7227652293E+04
7304.9999635 0 4.7227652293E+04
7305 0 4.5611772758E+04
7670.2499635 0 4.5611772758E+04
7670.25 0 4.4061601643E+04
8035.499963 0 4.4061601643E+04
8035.5 0 4.2579603012E+04
8400.749963 0 4.2579603012E+04
8400.75 0 4.1167145791E+04
8765.999963 0 4.1167145791E+04
8766 0 3.9823134839E+04
9131.249963 0 3.9823134839E+04
9131.25 0 3.8546201232E+04
9496.499963 0 3.8546201232E+04
9496.5 0 3.7334702259E+04
9861.749963 0 3.7334702259E+04
9861.75 0 3.6185078713E+04
10226.999963 0 3.6185078713E+04
10227 0 3.509486653E+04
10592.249963 0 3.509486653E+04
10592.25 0 3.4061054073E+04
10957.499963 0 3.4061054073E+04
10957.5 0 3.3080629706E+04
11322.749963 0 3.3080629706E+04
11322.75 0 3.2150308008E+04
11687.999963 0 3.2150308008E+04
11688 0 3.1267624914E+04
12053.249963 0 3.1267624914E+04
12053.25 0 3.0429842574E+04
13149 0 2.815797399E+04
15340.499963 0 2.5047501711E+04
17166.75 0 2.2079925345E+04
19723.499963 0 1.9861227886E+04
21915 0 1.7811088296E+04
25567.499963 0 1.5780971937E+04
28854.75 0 1.3976728268E+04
33602.999963 0 1.2254620123E+04
37985.999963 0 1.0893908282E+04
42369 0 9.7440109514E+03
46752 0 8.9034907598E+03
51500.25 0 8.1861738535E+03
56248.499963 0 7.6605065024E+03
65379.75 0 6.8446269678E+03
72319.499963 0 6.46954141E+03
78894 0 6.1902806297E+03
85833.749963 0 6.0056820183E+03
92408.25 0 5.865951278E+03
98252.24996 0 5.7892363617E+03
99713.24996 0 5.772797451E+03
100443.74996 0 5.7645779957E+03
100808.99996 0 5.7618381773E+03
101174.24996 0 5.7563585404E+03
103730.99996 0 5.7344399929E+03
109209.74996 0 5.6878630794E+03
114688.49996 0 5.660464895E+03
120167.24996 0 5.6358065291E+03
125645.99996 0 5.6193676184E+03
136603.49996 0 5.5947092525E+03
180433.5 0 5.5316934284E+03
224628.74996 0 5.4001821433E+03
268458.74996 0 5.1015419335E+03
296948.24996 0 4.7700239023E+03
325437.74996 0 4.3179538599E+03
382051.49996 0 3.1179133836E+03
3.84243E+05 0 0.0
