0 0 5.2485184377E-01
4017.7499635 0 5.3095687885E-01
5844 0 5.3607392197E-01
7670.2499635 0 5.3699657769E-01
8765.999963 0 5.342745345E-01
9861.749963 0 5.287993443E-01
10957.499963 0 5.2156935565E-01
11688 0 5.1381101114E-01
12783.749963 0 5.0885870161E-01
13514.25 0 5.022747854E-01
16071 0 4.9245776938E-01
18992.999963 0 4.9012953174E-01
23010.749963 0 4.942642026E-01
26663.249963 0 4.9686516085E-01
27393.749963 0 4.9621071365E-01
28124.249963 0 4.9514335841E-01
28854.749963 0 4.9330969685E-01
29585.249963 0 4.9068236088E-01
30680.999963 0 4.8504453577E-01
31776.749963 0 4.7746357677E-01
33237.749963 0 4.6462794582E-01
33968.249963 0 4.5721119532E-01
34333.499963 0 4.5335229561E-01
34333.5 0 4.4930181932E-01
34698.749963 0 4.4930181932E-01
34698.75 0 4.4522397494E-01
35063.999963 0 4.4522397494E-01
35064 0 4.4100929015E-01
35429.249963 0 4.4100929015E-01
35429.25 0 4.3671250112E-01
35794.499963 0 4.3671250112E-01
35794.5 0 4.32388344E-01
36159.749963 0 4.32388344E-01
36159.75 0 4.2798208263E-01
36524.999963 0 4.2798208263E-01
36525 0 4.2352108509E-01
36890.249963 0 4.2352108509E-01
36890.25 0 4.1906008755E-01
37255.499963 0 4.1906008755E-01
37255.5 0 4.1451698577E-01
37620.749963 0 4.1451698577E-01
37620.75 0 4.1000125207E-01
37985.999963 0 4.1000125207E-01
37986 0 4.0545815028E-01
38351.249963 0 4.0545815028E-01
38351.25 0 4.009150485E-01
38716.499963 0 4.009150485E-01
38716.5 0 3.9637194671E-01
39081.749963 0 3.9637194671E-01
39081.75 0 3.9182884493E-01
39446.999963 0 3.9182884493E-01
39447 0 3.8731311122E-01
39812.249963 0 3.8731311122E-01
39812.25 0 3.8279737752E-01
40177.499963 0 3.8279737752E-01
40177.5 0 3.783090119E-01
40542.749963 0 3.783090119E-01
40542.75 0 3.7387538245E-01
40907.999963 0 3.7387538245E-01
40908 0 3.69441753E-01
41638.499963 0 3.6506285971E-01
41638.5 0 3.6071133451E-01
42003.749963 0 3.6071133451E-01
42003.75 0 3.5641454547E-01
42368.999963 0 3.5641454547E-01
42369 0 3.5211775643E-01
42734.249963 0 3.5211775643E-01
42734.25 0 3.4793043972E-01
43099.499963 0 3.4793043972E-01
43099.5 0 3.4374312302E-01
43464.749963 0 3.4374312302E-01
43464.75 0 3.3961054248E-01
43829.999963 0 3.3961054248E-01
43830 0 3.3553269811E-01
44195.249963 0 3.3553269811E-01
44195.25 0 3.315095899E-01
44560.499963 0 3.315095899E-01
44560.5 0 3.2754121786E-01
44925.749963 0 3.2754121786E-01
44925.75 0 3.2362758198E-01
45290.999963 0 3.2362758198E-01
45291 0 3.1974131419E-01
45656.249963 0 3.1974131419E-01
45656.25 0 3.1593715065E-01
46021.499963 0 3.1593715065E-01
46021.5 0 3.1218772327E-01
46386.749963 0 3.1218772327E-01
46386.75 0 3.0846566398E-01
46751.999963 0 3.0846566398E-01
46752 0 3.0482570893E-01
47117.249963 0 3.0482570893E-01
47117.25 0 3.0124049005E-01
47482.499963 0 3.0124049005E-01
47482.5 0 2.9768263926E-01
48943.499963 0 2.8741960812E-01
50039.25 0 2.7441976867E-01
51500.249963 0 2.6525146085E-01
52596 0 2.5372949789E-01
54057 0 2.4297384126E-01
55518 0 2.329023867E-01
56248.5 0 2.2814034025E-01
56979 0 2.2354250229E-01
57344.25 0 2.212709514E-01
57709.499963 0 2.212709514E-01
57709.5 0 2.1908150476E-01
58074.749963 0 2.1908150476E-01
58074.75 0 2.1689205812E-01
58439.999963 0 2.1689205812E-01
58440 0 2.1475734764E-01
59170.499963 0 2.1267737333E-01
59535.749963 0 2.1059739902E-01
60266.25 0 2.0460378883E-01
61361.999963 0 2.0079962529E-01
62092.5 0 1.9529864059E-01
63188.249963 0 1.9176815788E-01
63918.75 0 1.8670506252E-01
65014.499963 0 1.8347562872E-01
65745 0 1.7879568652E-01
66475.499963 0 1.7729044195E-01
66840.75 0 1.7433468898E-01
67571.249963 0 1.7291154867E-01
67936.5 0 1.7009263611E-01
68666.999963 0 1.6872423196E-01
69032.25 0 1.6604215982E-01
69762.749963 0 1.6475585992E-01
70128 0 1.6218326011E-01
70858.499963 0 1.6095169638E-01
71223.75 0 1.584885689E-01
71954.249963 0 1.5731174133E-01
72319.5 0 1.5495808619E-01
73049.999963 0 1.5386336287E-01
73415.25 0 1.5159181197E-01
74145.749963 0 1.5052445674E-01
74511 0 1.4838974626E-01
75971.999963 0 1.4532452096E-01
77067.75 0 1.4141088508E-01
78528.749963 0 1.3861934061E-01
79624.499963 0 1.3593726847E-01
82181.249963 0 1.3013523487E-01
84372.75 0 1.2485319484E-01
87294.749963 0 1.2006378031E-01
89851.5 0 1.1511015728E-01
92773.499963 0 1.1114178524E-01
95330.25 0 1.0706394086E-01
99348 0 1.0211031783E-01
103365.74996 0 9.8114577709E-02
107383.49996 0 9.4283046083E-02
111035.99996 0 9.1217820782E-02
115053.74996 0 8.8262067813E-02
118706.25 0 8.5689468007E-02
126376.5 0 8.1638991717E-02
132585.74996 0 7.9288158795E-02
138429.74996 0 7.7344284736E-02
141351.75 0 7.6413415469E-02
144273.75 0 7.5728952772E-02
150117.75 0 7.4524298426E-02
156326.99996 0 7.3593429158E-02
162170.99996 0 7.2908966461E-02
168015 0 7.2388774812E-02
173859 0 7.2032854209E-02
181163.99996 0 7.1813826146E-02
188103.75 0 7.1731690623E-02
191756.25 0 7.1731690623E-02
195408.74996 0 7.1759069131E-02
197234.99996 0 7.1786447639E-02
199061.24996 0 7.1813826146E-02
200887.49996 0 7.1841204654E-02
202348.5 0 7.1868583162E-02
206001 0 7.1978097194E-02
207827.25 0 7.2060232717E-02
209653.49996 0 7.2114989733E-02
210749.24996 0 7.2142368241E-02
211479.74996 0 7.2142368241E-02
212575.49996 0 7.2197125257E-02
213305.99996 0 7.2224503765E-02
215132.24996 0 7.227926078E-02
216593.25 0 7.2361396304E-02
220245.75 0 7.2525667351E-02
223898.24996 0 7.2689938398E-02
227550.74996 0 7.2854209446E-02
230837.99996 0 7.3045859001E-02
245082.74996 0 7.394934976E-02
259327.49996 0 7.4962354552E-02
273572.24996 0 7.6167008898E-02
287451.74996 0 7.7535934292E-02
299504.99996 0 7.8904859685E-02
311192.99996 0 8.038329911E-02
323246.24996 0 8.205338809E-02
334934.24996 0 8.3942505133E-02
358675.49996 0 8.8377823409E-02
382051.49996 0 9.3798767967E-02
3.84243E+05 0 0.0
