0 0 2.3678691346E+01
365.2499635 0 2.3678691346E+01
365.25 0 2.2608585576E+01
730.4999635 0 2.2608585576E+01
730.5 0 2.1597360622E+01
1095.7499635 0 2.1597360622E+01
1095.75 0 2.0641273587E+01
1460.9999635 0 2.0641273587E+01
1461 0 1.9736916756E+01
1826.2499635 0 1.9736916756E+01
1826.25 0 1.8881022078E+01
2191.4999635 0 1.8881022078E+01
2191.5 0 1.8070936004E+01
2556.7499635 0 1.8070936004E+01
2556.75 0 1.730280391E+01
2921.9999635 0 1.730280391E+01
2922 0 1.6575173325E+01
3287.2499635 0 1.6575173325E+01
3287.25 0 1.5884971723E+01
3652.4999635 0 1.5884971723E+01
3652.5 0 1.5229964536E+01
4017.7499635 0 1.5229964536E+01
4017.75 0 1.4607358558E+01
4382.9999635 0 1.4607358558E+01
4383 0 1.4016036506E+01
4748.2499635 0 1.4016036506E+01
4748.25 0 1.3453205171E+01
5113.4999635 0 1.3453205171E+01
5113.5 0 1.2916071346E+01
5478.7499635 0 1.2916071346E+01
5478.75 0 1.2403797069E+01
5843.9999635 0 1.2403797069E+01
5844 0 1.1913309811E+01
6209.2499635 0 1.1913309811E+01
6209.25 0 1.1444050931E+01
6574.4999635 0 1.1444050931E+01
6574.5 0 1.0993506542E+01
6939.7499635 0 1.0993506542E+01
6939.75 0 1.0561397324E+01
7304.9999635 0 1.0561397324E+01
7305 0 1.0146885313E+01
7670.2499635 0 1.0146885313E+01
7670.25 0 9.7494118694E+00
8035.499963 0 9.7494118694E+00
8035.5 0 9.3684183503E+00
8400.749963 0 9.3684183503E+00
8400.75 0 9.0041840769E+00
8765.999963 0 9.0041840769E+00
8766 0 8.6561504077E+00
9131.249963 0 8.6561504077E+00
9131.25 0 8.324038022E+00
9496.499963 0 8.324038022E+00
9496.5 0 8.0078469196E+00
13149 0 5.627754713E+00
18262.5 0 3.7217998156E+00
25202.25 0 2.3660527621E+00
33603 0 1.4275219202E+00
48943.5 0 7.3185143025E-01
63188.249963 0 5.2078867461E-01
77067.75 0 4.3074782204E-01
86564.249963 0 4.0339623272E-01
91312.499963 0 3.9492463792E-01
93503.999963 0 3.921945024E-01
95695.499963 0 3.9001223546E-01
96060.749963 0 3.8946602875E-01
96425.999963 0 3.8891983299E-01
97156.499963 0 3.8837503628E-01
98252.24996 0 3.8755790828E-01
100443.74996 0 3.8647147159E-01
101539.49996 0 3.8565459274E-01
102635.24996 0 3.853853744E-01
104826.74996 0 3.8484719507E-01
106287.74996 0 3.8457987406E-01
107383.49996 0 3.8458482957E-01
108479.24996 0 3.8458988364E-01
109574.99996 0 3.8486881862E-01
110670.74996 0 3.8487406434E-01
111766.49996 0 3.8515319644E-01
112862.24996 0 3.8570621492E-01
113592.74996 0 3.8570990554E-01
113957.99996 0 3.859855551E-01
114688.49996 0 3.8598931691E-01
115418.99996 0 3.8654069268E-01
116514.74996 0 3.8709406434E-01
117245.24996 0 3.8709799042E-01
117610.49996 0 3.8764754278E-01
118340.99996 0 3.8765154552E-01
118706.24996 0 3.8820113347E-01
120897.74996 0 3.8930865708E-01
123089.24996 0 3.9096420808E-01
125645.99996 0 3.9289630116E-01
127837.49996 0 3.9455290897E-01
130028.99996 0 3.9648377823E-01
132220.49996 0 3.9868898015E-01
134777.24996 0 4.008973306E-01
136968.74996 0 4.0337746749E-01
141351.74996 0 4.0806562628E-01
146099.99996 0 4.138544011E-01
150482.99996 0 4.1909508556E-01
155231.24996 0 4.2488941821E-01
159614.24996 0 4.3068301164E-01
164362.49996 0 4.3703085558E-01
168745.49996 0 4.4310395619E-01
173493.74996 0 4.4973193703E-01
177876.74996 0 4.5581100616E-01
182624.99996 0 4.6244566735E-01
187007.99996 0 4.68804846E-01
196139.24996 0 4.8208583162E-01
205270.49996 0 4.9538069815E-01
223532.99996 0 5.2257544148E-01
369632.99996 0 6.0245037645E-01
382051.49996 0 5.832809778E-01
3.84243E+05 0 0.0
