0 0 5.1322253193E-01
3652.4999635 0 1.1967507385E+02
7304.9999635 0 7.9139486691E+02
10226.999963 0 2.0859788876E+03
10227 0 2.319523291E+03
10592.249963 0 2.319523291E+03
10592.25 0 2.5693472227E+03
10957.499963 0 2.5693472227E+03
10957.5 0 2.8331637704E+03
11322.749963 0 2.8331637704E+03
11322.75 0 3.1077630407E+03
11687.999963 0 3.1077630407E+03
11688 0 3.3894668023E+03
12053.249963 0 3.3894668023E+03
12053.25 0 3.6746159957E+03
12418.499963 0 3.6746159957E+03
12418.5 0 3.9600007273E+03
12783.749963 0 3.9600007273E+03
12783.75 0 4.2429753E+03
13148.999963 0 4.2429753E+03
13149 0 4.5214582128E+03
13514.249963 0 4.5214582128E+03
13514.25 0 4.7940252809E+03
14609.999963 0 5.3167558939E+03
14610 0 5.5651392079E+03
14975.249963 0 5.5651392079E+03
14975.25 0 5.8039092741E+03
15340.499963 0 5.8039092741E+03
15340.5 0 6.032299224E+03
18262.5 0 7.5325831723E+03
21915 0 8.3628473648E+03
26663.249963 0 8.6253251198E+03
32872.499963 0 8.3267712298E+03
42003.749963 0 7.3360645829E+03
50769.75 0 6.3481053199E+03
58074.749963 0 5.7178554453E+03
65014.5 0 5.1697523502E+03
81816 0 4.2650388205E+03
101904.75 0 3.6150077815E+03
125646 0 3.1913611787E+03
131855.24996 0 3.1226765804E+03
132220.49996 0 3.1185555045E+03
132585.74996 0 3.114709167E+03
133316.24996 0 3.1072912303E+03
134777.24996 0 3.0924553571E+03
137699.24996 0 3.0641573026E+03
139160.25 0 3.047672999E+03
140621.25 0 3.0350350329E+03
143543.25 0 3.0116822694E+03
149387.25 0 2.9590691307E+03
169841.24996 0 2.8569472964E+03
189930 0 2.7942505133E+03
210383.99996 0 2.7531827515E+03
230472.74996 0 2.7534565366E+03
231933.74996 0 2.761670089E+03
233029.49996 0 2.7693360712E+03
235220.99996 0 2.7887748118E+03
237412.49996 0 2.8147843943E+03
239603.99996 0 2.8484599589E+03
241795.49996 0 2.890349076E+03
243986.99996 0 2.9409993155E+03
246178.49996 0 3.0006844627E+03
248369.99996 0 3.0699520876E+03
253118.24996 0 3.2495550992E+03
257501.24996 0 3.4450376454E+03
261884.25 0 3.6741957563E+03
266267.25 0 3.8877481177E+03
271015.49996 0 4.0876112252E+03
275398.49996 0 4.2655715264E+03
284164.5 0 4.5366187543E+03
317036.99996 0 4.5776865161E+03
349544.24996 0 3.9756905136E+03
382051.49996 0 3.1427408816E+03
3.84243E+05 0 0.0
