0 0 0.0
11322.749963 0 0.0
11322.75 0 2.7365366851E-22
66475.499963 0 2.695015214E-06
76702.499963 0 2.4887159229E-05
82546.499963 0 6.7671815686E-05
88390.499963 0 1.5744280703E-04
93138.749963 0 2.8361739858E-04
97521.749963 0 4.5658019977E-04
102269.99996 0 7.174870804E-04
106652.99996 0 1.0337814635E-03
109209.74996 0 1.2530054174E-03
111401.24996 0 1.4611463977E-03
116149.49996 0 1.9730976807E-03
120897.74996 0 2.5592638387E-03
125645.99996 0 3.2033898436E-03
130759.49996 0 3.9380952128E-03
133316.24996 0 4.312727085E-03
133681.49996 0 4.3663084733E-03
134046.74996 0 4.419917227E-03
134411.99996 0 4.4734712499E-03
135507.74996 0 4.6339417611E-03
140256 0 5.3707268982E-03
145004.25 0 6.0206543609E-03
148656.74996 0 6.4412600494E-03
151944 0 6.8739064994E-03
158153.25 0 7.5120668543E-03
165458.25 0 8.0960985626E-03
172398 0 8.4741957563E-03
179703 0 8.7041752225E-03
183720.75 0 8.765229295E-03
187738.5 0 8.786036961E-03
192852 0 8.7613963039E-03
197965.49996 0 8.6954140999E-03
200887.49996 0 8.6376454483E-03
203809.49996 0 8.5686516085E-03
206731.49996 0 8.4898015058E-03
209653.49996 0 8.4032854209E-03
213305.99996 0 8.2850102669E-03
216593.24996 0 8.1711156742E-03
219880.5 0 8.038329911E-03
223167.75 0 7.9145790554E-03
226820.24996 0 7.7883641342E-03
230107.49996 0 7.6605065024E-03
233394.75 0 7.5170431211E-03
236682 0 7.3883641342E-03
240334.49996 0 7.2602327173E-03
243621.74996 0 7.1331964408E-03
246909 0 6.9943874059E-03
250196.25 0 6.8711841205E-03
253848.74996 0 6.7515400411E-03
257135.99996 0 6.6338124572E-03
260423.25 0 6.5051334702E-03
263710.5 0 6.392881588E-03
268458.74996 0 6.2430538221E-03
272841.74996 0 6.1035900705E-03
277224.75 0 5.9613917356E-03
281607.75 0 5.8356009008E-03
286355.99996 0 5.7180138161E-03
290738.99996 0 5.6031613147E-03
295122 0 5.4855742301E-03
299505 0 5.3816600622E-03
319593.74996 0 4.9851454743E-03
339317.25 0 4.676137554E-03
382051.49996 0 4.2741537994E-03
3.84243E+05 0 0.0
