0 0 0.0
2556.7499635 0 0.0
2556.75 0 1.9208606578E-21
17897.249963 0 2.0805711809E-06
48578.249963 0 3.2524561475E+02
78893.999963 0 7.2843426681E+03
88390.499963 0 1.1654959245E+04
97886.99996 0 1.6910982822E+04
107383.49996 0 2.3004501646E+04
116879.99996 0 3.0009331648E+04
124184.99996 0 3.6158281022E+04
131489.99996 0 4.3156250807E+04
138794.99996 0 5.1229353743E+04
146099.99996 0 6.0636082792E+04
157057.49996 0 7.7836017939E+04
162536.24996 0 8.8065972985E+04
168014.99996 0 9.9519790679E+04
173128.49996 0 1.1140442998E+05
178241.99996 0 1.245184201E+05
183355.49996 0 1.389523159E+05
188103.74996 0 1.5360299454E+05
197600.24996 0 1.8676528175E+05
207096.74996 0 2.2551452939E+05
216227.99996 0 2.6850887909E+05
224993.99996 0 3.1546020174E+05
234125.24996 0 3.7069866608E+05
243256.49996 0 4.3274246533E+05
252022.49996 0 4.9898471715E+05
260788.49996 0 5.7194998128E+05
269554.49996 0 6.5183034378E+05
277955.24996 0 7.3483896506E+05
287086.49996 0 8.3228148214E+05
291469.49996 0 8.8164760105E+05
292199.99996 0 8.9001706534E+05
292565.24996 0 8.9424295879E+05
293660.99996 0 9.0694808E+05
295852.49996 0 9.3266017194E+05
304983.74996 0 1.0441249718E+06
313749.74996 0 1.1572636646E+06
323611.49996 0 1.291229975E+06
333473.24996 0 1.427871321E+06
345526.49996 0 1.6054757016E+06
357579.74996 0 1.7875427789E+06
381686.25 0 2.1615331964E+06
382051.49996 0 2.1615331964E+06
3.84243E+05 0 0.0
