0 0 2.7191251418E-10
252752.99996 0 2.6770040905E-06
264806.24996 0 5.959793176E-06
282338.24996 0 1.793030404E-05
295852.49996 0 3.9898542671E-05
306809.99996 0 7.4011193958E-05
316306.49996 0 1.2369509835E-04
322515.74996 0 1.7119574971E-04
327994.49996 0 2.2644342793E-04
333107.99996 0 2.9224439867E-04
334934.24996 0 3.1967862524E-04
334934.25 0 3.2544013787E-04
335299.49996 0 3.2544013787E-04
335299.5 0 3.3129103927E-04
335664.74996 0 3.3129103927E-04
335664.75 0 3.3724216444E-04
336029.99996 0 3.3724216444E-04
336030 0 3.4328809589E-04
336395.24996 0 3.4328809589E-04
336395.25 0 3.4943425111E-04
336760.49996 0 3.4943425111E-04
336760.5 0 3.5567792135E-04
337125.74996 0 3.5567792135E-04
337125.75 0 3.6202181537E-04
337490.99996 0 3.6202181537E-04
337491 0 3.6847135066E-04
337856.24996 0 3.6847135066E-04
337856.25 0 3.7502381848E-04
338221.49996 0 3.7502381848E-04
338221.5 0 3.8168192757E-04
338586.74996 0 3.8168192757E-04
338586.75 0 3.8844296919E-04
338951.99996 0 3.8844296919E-04
338952 0 3.9531777834E-04
339317.24996 0 3.9531777834E-04
339317.25 0 4.0230093751E-04
339682.49996 0 4.0230093751E-04
339682.5 0 4.0939515546E-04
340047.74996 0 4.0939515546E-04
340047.75 0 4.1660314093E-04
340412.99996 0 4.1660314093E-04
340413 0 4.2392218518E-04
340778.24996 0 4.2392218518E-04
340778.25 0 4.3136312321E-04
341143.49996 0 4.3136312321E-04
341143.5 0 4.3891782877E-04
341508.74996 0 4.3891782877E-04
341508.75 0 4.4659442811E-04
341873.99996 0 4.4659442811E-04
341874 0 4.5439021247E-04
342239.24996 0 4.5439021247E-04
342239.25 0 4.6231059937E-04
342604.49996 0 4.6231059937E-04
342604.5 0 4.7035288004E-04
342969.74996 0 4.7035288004E-04
342969.75 0 4.7852518075E-04
343334.99996 0 4.7852518075E-04
343335 0 4.8682208398E-04
343700.24996 0 4.8682208398E-04
343700.25 0 4.9524900725E-04
344065.49996 0 4.9524900725E-04
344065.5 0 5.038086593E-04
344430.74996 0 5.038086593E-04
344430.75 0 5.1249562262E-04
344795.99996 0 5.1249562262E-04
344796 0 5.2132614974E-04
345161.24996 0 5.2132614974E-04
345161.25 0 5.3029211438E-04
345526.49996 0 5.3029211438E-04
345526.5 0 5.3939351656E-04
345891.74996 0 5.3939351656E-04
345891.75 0 5.4863035627E-04
346256.99996 0 5.4863035627E-04
346257 0 5.5802972102E-04
346622.24996 0 5.5802972102E-04
346622.25 0 5.6753743579E-04
346987.49996 0 5.6753743579E-04
346987.5 0 5.7723476311E-04
347352.74996 0 5.7723476311E-04
347352.75 0 5.8704044046E-04
347717.99996 0 5.8704044046E-04
347718 0 5.9703573035E-04
348083.24996 0 5.9703573035E-04
348083.25 0 6.0713937027E-04
348448.49996 0 6.0713937027E-04
348448.5 0 6.1743262273E-04
348813.74996 0 6.1743262273E-04
348813.75 0 6.2786131273E-04
349178.99996 0 6.2786131273E-04
349179 0 6.3845252776E-04
349544.24996 0 6.3845252776E-04
349544.25 0 6.4920626783E-04
349909.49996 0 6.4920626783E-04
349909.5 0 6.6012253295E-04
350274.74996 0 6.6012253295E-04
350274.75 0 6.712013231E-04
350639.99996 0 6.712013231E-04
350640 0 6.8246972579E-04
351005.24996 0 6.8246972579E-04
351005.25 0 6.9387356602E-04
351370.49996 0 6.9387356602E-04
351370.5 0 7.0543993129E-04
351735.74996 0 7.0543993129E-04
351735.75 0 7.1722299661E-04
352100.99996 0 7.1722299661E-04
352101 0 7.2914149946E-04
352466.24996 0 7.2914149946E-04
352466.25 0 7.4127670236E-04
352831.49996 0 7.4127670236E-04
352831.5 0 7.535473428E-04
353196.74996 0 7.535473428E-04
353196.75 0 7.6603468329E-04
353561.99996 0 7.6603468329E-04
353562 0 7.7868454881E-04
353927.24996 0 7.7868454881E-04
353927.25 0 7.9152402689E-04
354292.49996 0 7.9152402689E-04
354292.5 0 8.045531175E-04
354657.74996 0 8.045531175E-04
354657.75 0 8.1779890817E-04
355022.99996 0 8.1779890817E-04
355023 0 8.3118013637E-04
355388.24996 0 8.3118013637E-04
355388.25 0 8.4483223964E-04
355753.49996 0 8.4483223964E-04
355753.5 0 8.5861978044E-04
356118.74996 0 8.5861978044E-04
356118.75 0 8.726511088E-04
356483.99996 0 8.726511088E-04
356484 0 8.868720497E-04
356849.24996 0 8.868720497E-04
356849.25 0 9.0128260315E-04
357214.49996 0 9.0128260315E-04
357214.5 0 9.1593694415E-04
357579.74996 0 9.1593694415E-04
357579.75 0 9.307538102E-04
357944.99996 0 9.307538102E-04
357945 0 9.458144638E-04
358310.24996 0 9.458144638E-04
358310.25 0 9.6109181746E-04
358675.49996 0 9.6109181746E-04
358675.5 0 9.7658587117E-04
359040.74996 0 9.7658587117E-04
359040.75 0 9.9229662492E-04
359405.99996 0 9.9229662492E-04
359406 0 1.0082511662E-03
359771.24996 0 1.0082511662E-03
359771.25 0 1.0243953201E-03
360136.49996 0 1.0243953201E-03
360136.5 0 1.0407832615E-03
360501.74996 0 1.0407832615E-03
360501.75 0 1.057442078E-03
360866.99996 0 1.057442078E-03
360867 0 1.074290507E-03
361232.24996 0 1.074290507E-03
361232.25 0 1.0913827236E-03
361597.49996 0 1.0913827236E-03
361597.5 0 1.1087187278E-03
361962.74996 0 1.1087187278E-03
361962.75 0 1.1262985195E-03
362327.99996 0 1.1262985195E-03
362328 0 1.1441491863E-03
362693.24996 0 1.1441491863E-03
362693.25 0 1.1622165531E-03
363058.49996 0 1.1622165531E-03
363058.5 0 1.180554795E-03
363423.74996 0 1.180554795E-03
363423.75 0 1.1991639119E-03
363788.99996 0 1.1991639119E-03
363789 0 1.2179897289E-03
364154.24996 0 1.2179897289E-03
364154.25 0 1.237086421E-03
364519.49996 0 1.237086421E-03
364519.5 0 1.2564810756E-03
364884.74996 0 1.2564810756E-03
364884.75 0 1.2761195178E-03
365249.99996 0 1.2761195178E-03
365250 0 1.2960017476E-03
365615.24996 0 1.2960017476E-03
365615.25 0 1.3162090274E-03
365980.49996 0 1.3162090274E-03
365980.5 0 1.3366600948E-03
366345.74996 0 1.3510198494E-03
366345.75 0 1.3719917864E-03
366710.99996 0 1.3719917864E-03
366711 0 1.3932375086E-03
367076.24996 0 1.3932375086E-03
367076.25 0 1.4147843943E-03
367441.49996 0 1.4147843943E-03
367441.5 0 1.436605065E-03
367806.74996 0 1.436605065E-03
367806.75 0 1.4587268994E-03
368171.99996 0 1.4587268994E-03
368172 0 1.4811498973E-03
368537.24996 0 1.4811498973E-03
368537.25 0 1.5038740589E-03
368902.49996 0 1.5038740589E-03
368902.5 0 1.5269267625E-03
369267.74996 0 1.5269267625E-03
369267.75 0 1.5502532512E-03
369632.99996 0 1.5502532512E-03
369633 0 1.5739356605E-03
369998.24996 0 1.5739356605E-03
369998.25 0 1.5978918549E-03
370363.49996 0 1.5978918549E-03
370363.5 0 1.6221765914E-03
370728.74996 0 1.6221765914E-03
370728.75 0 1.64678987E-03
371093.99996 0 1.64678987E-03
371094 0 1.6717316906E-03
371459.24996 0 1.6717316906E-03
371459.25 0 1.6970294319E-03
371824.49996 0 1.6970294319E-03
371824.5 0 1.7226009582E-03
372189.74996 0 1.7226009582E-03
372189.75 0 1.7485831622E-03
372554.99996 0 1.7485831622E-03
372555 0 1.7748391513E-03
372920.24996 0 1.7748391513E-03
372920.25 0 1.8014784394E-03
373285.49996 0 1.8014784394E-03
373285.5 0 1.8284462697E-03
373650.74996 0 1.8284462697E-03
373650.75 0 1.8557700205E-03
374015.99996 0 1.8557700205E-03
374016 0 1.8834770705E-03
374381.24996 0 1.8834770705E-03
374381.25 0 1.9115126626E-03
374746.49996 0 1.9115126626E-03
374746.5 0 1.9399041752E-03
375111.74996 0 1.9399041752E-03
375111.75 0 1.9687063655E-03
375476.99996 0 1.9687063655E-03
375477 0 1.9978370979E-03
375842.24996 0 1.9978370979E-03
375842.25 0 2.0273511294E-03
376207.49996 0 2.0273511294E-03
376207.5 0 2.0572758385E-03
376572.74996 0 2.0572758385E-03
376572.75 0 2.0875564682E-03
376937.99996 0 2.0875564682E-03
376938 0 2.1181930185E-03
377303.24996 0 2.1181930185E-03
377303.25 0 2.1492950034E-03
377668.49996 0 2.1492950034E-03
377668.5 0 2.1807255305E-03
378033.74996 0 2.1807255305E-03
378033.75 0 2.2125941136E-03
378398.99996 0 2.2125941136E-03
378399 0 2.2448459959E-03
378764.24996 0 2.2448459959E-03
378764.25 0 2.2775085558E-03
379129.49996 0 2.2775085558E-03
379129.5 0 2.3106091718E-03
379494.74996 0 2.3106091718E-03
379494.75 0 2.3440657084E-03
379859.99996 0 2.3440657084E-03
379860 0 2.3779876797E-03
380225.24996 0 2.3779876797E-03
380225.25 0 2.412347707E-03
380590.49996 0 2.412347707E-03
380590.5 0 2.4470910335E-03
380955.74996 0 2.4470910335E-03
380955.75 0 2.4822724162E-03
381320.99996 0 2.4822724162E-03
381321 0 2.5179192334E-03
381686.24996 0 2.5179192334E-03
381686.25 0 2.5539767283E-03
382051.49996 0 2.5539767283E-03
3.84243E+05 0 0.0
