0 0 2.9131718001E+03
365.2499635 0 2.9131718001E+03
365.25 0 2.8843258042E+03
730.4999635 0 2.8843258042E+03
730.5 0 2.8545982204E+03
1095.7499635 0 2.8545982204E+03
1095.75 0 2.8241560575E+03
1460.9999635 0 2.8241560575E+03
1461 0 2.7932375086E+03
1826.2499635 0 2.7932375086E+03
1826.25 0 2.7619712526E+03
2191.4999635 0 2.7619712526E+03
2191.5 0 2.7306776181E+03
2556.7499635 0 2.7306776181E+03
2556.75 0 2.6994661191E+03
2921.9999635 0 2.6994661191E+03
2922 0 2.6686652977E+03
3287.2499635 0 2.6686652977E+03
3287.25 0 2.6383572895E+03
3652.4999635 0 2.6383572895E+03
3652.5 0 2.6086516085E+03
4017.7499635 0 2.6086516085E+03
4017.75 0 2.5795208761E+03
4382.9999635 0 2.5795208761E+03
4383 0 2.5508281999E+03
4748.2499635 0 2.5508281999E+03
4748.25 0 2.5221629021E+03
5113.4999635 0 2.5221629021E+03
5113.5 0 2.4932785763E+03
5478.7499635 0 2.4932785763E+03
5478.75 0 2.4636824093E+03
5843.9999635 0 2.4636824093E+03
5844 0 2.4330732375E+03
6209.2499635 0 2.4330732375E+03
6209.25 0 2.4012867899E+03
6574.4999635 0 2.4012867899E+03
6574.5 0 2.3682135524E+03
6939.7499635 0 2.3682135524E+03
6939.75 0 2.333963039E+03
7304.9999635 0 2.333963039E+03
7305 0 2.2987816564E+03
7670.2499635 0 2.2987816564E+03
7670.25 0 2.2628610541E+03
8035.499963 0 2.2628610541E+03
8035.5 0 2.2265297741E+03
8400.749963 0 2.2265297741E+03
8400.75 0 2.1900889802E+03
8765.999963 0 2.1900889802E+03
8766 0 2.1538398357E+03
9131.249963 0 2.1538398357E+03
9131.25 0 2.1179739904E+03
9496.499963 0 2.1179739904E+03
9496.5 0 2.0827378508E+03
9861.749963 0 2.0827378508E+03
9861.75 0 2.0482135524E+03
10226.999963 0 2.0482135524E+03
10227 0 2.0145653662E+03
10592.249963 0 2.0145653662E+03
10592.25 0 1.9818480493E+03
10957.499963 0 1.9818480493E+03
10957.5 0 1.9500889802E+03
11322.749963 0 1.9500889802E+03
11322.75 0 1.9192881588E+03
11687.999963 0 1.9192881588E+03
11688 0 1.8895003422E+03
12053.249963 0 1.8895003422E+03
12053.25 0 1.8606707734E+03
12418.499963 0 1.8606707734E+03
12418.5 0 1.8327994524E+03
12783.749963 0 1.8327994524E+03
12783.75 0 1.8057768652E+03
13148.999963 0 1.8057768652E+03
13149 0 1.7796577687E+03
13514.249963 0 1.7796577687E+03
13514.25 0 1.7543874059E+03
13879.499963 0 1.7543874059E+03
13879.5 0 1.7298288843E+03
14244.749963 0 1.7298288843E+03
14244.75 0 1.706091718E+03
14609.999963 0 1.706091718E+03
14610 0 1.6830116359E+03
14975.249963 0 1.6830116359E+03
14975.25 0 1.6605886379E+03
15340.499963 0 1.6605886379E+03
15340.5 0 1.6387953457E+03
15705.749963 0 1.6387953457E+03
15705.75 0 1.6176043806E+03
16070.999963 0 1.6176043806E+03
16071 0 1.5969336071E+03
16436.249963 0 1.5969336071E+03
16436.25 0 1.5768104038E+03
16801.499963 0 1.5768104038E+03
16801.5 0 1.5554961055E+03
17166.749963 0 1.5554961055E+03
17166.75 0 1.5341171026E+03
17531.999963 0 1.5341171026E+03
17532 0 1.5189562648E+03
17897.249963 0 1.5189562648E+03
17897.25 0 1.4941180835E+03
18262.499963 0 1.4941180835E+03
18262.5 0 1.4766268874E+03
18627.749963 0 1.4766268874E+03
18627.75 0 1.4580010601E+03
18992.999963 0 1.4580010601E+03
18993 0 1.4407774555E+03
19358.249963 0 1.4407774555E+03
19358.25 0 1.4240052453E+03
19723.499963 0 1.4240052453E+03
19723.5 0 1.4103727056E+03
20088.749963 0 1.4103727056E+03
20088.75 0 1.3912388775E+03
20453.999963 0 1.3912388775E+03
20454 0 1.3752772074E+03
20819.249963 0 1.3752772074E+03
20819.25 0 1.3594798084E+03
21184.499963 0 1.3594798084E+03
21184.5 0 1.3439835729E+03
21549.749963 0 1.3439835729E+03
21549.75 0 1.3080046362E+03
21914.999963 0 1.3080046362E+03
21915 0 1.293072338E+03
22280.249963 0 1.293072338E+03
22280.25 0 1.2783556686E+03
22645.499963 0 1.2783556686E+03
22645.5 0 1.2637737672E+03
23010.749963 0 1.2637737672E+03
23010.75 0 1.2493535875E+03
23375.999963 0 1.2493535875E+03
23376 0 1.2350951295E+03
23741.249963 0 1.2350951295E+03
23741.25 0 1.2210253467E+03
24106.499963 0 1.2210253467E+03
24106.5 0 1.2070364247E+03
24471.749963 0 1.2070364247E+03
24471.75 0 1.1932092243E+03
24836.999963 0 1.1932092243E+03
24837 0 1.1795437456E+03
25202.249963 0 1.1795437456E+03
25202.25 0 1.1659860814E+03
25567.499963 0 1.1659860814E+03
25567.5 0 1.1525631851E+03
25932.749963 0 1.1525631851E+03
25932.75 0 1.1393020105E+03
26297.999963 0 1.1393020105E+03
26298 0 1.1261216967E+03
26663.249963 0 1.1261216967E+03
26663.25 0 1.1131031046E+03
27028.499963 0 1.1131031046E+03
27028.5 0 1.1002192805E+03
27393.749963 0 1.1002192805E+03
27393.75 0 1.0874432708E+03
27758.999963 0 1.0874432708E+03
27759 0 1.0748289828E+03
28124.249963 0 1.0748289828E+03
28124.25 0 1.0623225092E+03
28489.499963 0 1.0623225092E+03
28489.5 0 1.04992385E+03
28854.749963 0 1.04992385E+03
28854.75 0 1.0376869125E+03
29219.999963 0 1.0376869125E+03
29220 0 1.0255577894E+03
29585.249963 0 1.0255577894E+03
29585.25 0 1.0135634343E+03
29950.499963 0 1.0135634343E+03
29950.5 0 1.0017038472E+03
30315.749963 0 1.0017038472E+03
30315.75 0 9.8995207463E+02
30680.999963 0 9.8995207463E+02
30681 0 9.7833507005E+02
31046.249963 0 9.7833507005E+02
31046.25 0 9.6685283351E+02
31411.499963 0 9.6685283351E+02
31411.5 0 9.5545145778E+02
31776.749963 0 9.5545145778E+02
31776.75 0 9.441848501E+02
32141.999963 0 9.441848501E+02
32142 0 9.3302605683E+02
32507.249963 0 9.3302605683E+02
32507.25 0 9.2200203161E+02
32872.499963 0 9.2200203161E+02
32872.5 0 9.110588672E+02
33237.749963 0 9.110588672E+02
33237.75 0 9.0025047083E+02
33602.999963 0 9.0025047083E+02
33603 0 8.8954988889E+02
33968.249963 0 8.8954988889E+02
33968.25 0 8.7890321416E+02
34333.499963 0 8.7890321416E+02
34333.5 0 8.6841826107E+02
34698.749963 0 8.6841826107E+02
34698.75 0 8.5798721519E+02
35063.999963 0 8.5798721519E+02
35064 0 8.4766398375E+02
35429.249963 0 8.4766398375E+02
35429.25 0 8.3744856673E+02
35794.499963 0 8.3744856673E+02
35794.5 0 8.2731401053E+02
36159.749963 0 8.2731401053E+02
36159.75 0 8.1726031515E+02
36524.999963 0 8.1726031515E+02
36525 0 8.073144342E+02
36890.249963 0 8.073144342E+02
36890.25 0 7.9744941407E+02
37255.499963 0 7.9744941407E+02
37255.5 0 7.8763830116E+02
37620.749963 0 7.8763830116E+02
37620.75 0 7.7793500267E+02
37985.999963 0 7.7793500267E+02
37986 0 7.68312565E+02
38351.249963 0 7.68312565E+02
38351.25 0 7.5877098815E+02
38716.499963 0 7.5877098815E+02
38716.5 0 7.4928331852E+02
39081.749963 0 7.4928331852E+02
39081.75 0 7.3990346332E+02
39446.999963 0 7.3990346332E+02
39447 0 7.3057751533E+02
39812.249963 0 7.3057751533E+02
39812.25 0 7.2135938176E+02
40177.499963 0 7.2135938176E+02
40177.5 0 7.1219515541E+02
40542.749963 0 7.1219515541E+02
40542.75 0 7.0313874349E+02
40907.999963 0 7.0313874349E+02
40908 0 6.9416319239E+02
41273.249963 0 6.9416319239E+02
41273.25 0 6.852415485E+02
41638.499963 0 6.852415485E+02
41638.5 0 6.7640076543E+02
42003.749963 0 6.7640076543E+02
42003.75 0 6.6766779679E+02
42368.999963 0 6.6766779679E+02
42369 0 6.5898873537E+02
42734.249963 0 6.5898873537E+02
42734.25 0 6.5041748837E+02
43099.499963 0 6.5041748837E+02
43099.5 0 6.4190014859E+02
43464.749963 0 6.4190014859E+02
43464.75 0 6.3349062323E+02
43829.999963 0 6.3349062323E+02
43830 0 6.2513500509E+02
44195.249963 0 6.2513500509E+02
44195.25 0 6.1691415498E+02
44560.499963 0 6.1691415498E+02
44560.5 0 6.0872025848E+02
44925.749963 0 6.0872025848E+02
44925.75 0 6.0063417641E+02
45290.999963 0 6.0063417641E+02
45291 0 5.9262895515E+02
45656.249963 0 5.9262895515E+02
45656.25 0 5.8470459472E+02
46021.499963 0 5.8470459472E+02
46021.5 0 5.7688804872E+02
46386.749963 0 5.7688804872E+02
46386.75 0 5.6915236353E+02
46751.999963 0 5.6915236353E+02
46752 0 5.6149753917E+02
47117.249963 0 5.6149753917E+02
47117.25 0 5.5392357563E+02
47482.499963 0 5.5392357563E+02
47482.5 0 5.4643047291E+02
47847.749963 0 5.4643047291E+02
47847.75 0 5.3904518462E+02
48212.999963 0 5.3904518462E+02
48213 0 5.3174075714E+02
48578.249963 0 5.3174075714E+02
48578.25 0 5.2451719049E+02
48943.499963 0 5.2451719049E+02
48943.5 0 5.1740143827E+02
49308.749963 0 5.1740143827E+02
49308.75 0 5.1036654686E+02
49673.999963 0 5.1036654686E+02
49674 0 5.0341251628E+02
50039.249963 0 5.0341251628E+02
50039.25 0 4.9653934652E+02
50404.499963 0 4.9653934652E+02
50404.5 0 4.8977399118E+02
50769.749963 0 4.8977399118E+02
50769.75 0 4.8308949667E+02
51134.999963 0 4.8308949667E+02
51135 0 4.7651281658E+02
51500.249963 0 4.7651281658E+02
51500.25 0 4.6999004371E+02
51865.499963 0 4.6999004371E+02
51865.5 0 4.6357508526E+02
57709.5 0 3.7260666194E+02
63553.5 0 3.0169172216E+02
70128 0 2.4145041071E+02
81085.5 0 1.7358122851E+02
93869.25 0 1.2622374116E+02
110670.75 0 9.1372727429E+01
131855.25 0 6.832739352E+01
214767 0 3.935226609E+01
382051.49996 0 3.3692008639E+01
3.84243E+05 0 0.0
