0 0 18005.35647375
365.2499635 0 18005.35647375
365.25 0 16812.78563825
730.4999635 0 16812.78563825
730.5 0 15720.86148675
1095.7499635 0 15720.86148675
1095.75 0 14716.789369
1460.9999635 0 14716.789369
1461 0 13789.69041225
1826.2499635 0 13794.86652975
1826.25 0 12935.72895275
2191.4999635 0 12935.72895275
2191.5 0 12137.50855575
2556.7499635 0 12137.50855575
2556.75 0 11394.25051325
2921.9999635 0 11394.25051325
2922 0 10700.752909
3287.2499635 0 10700.752909
3287.25 0 10052.4298425
3652.4999635 0 10052.4298425
3652.5 0 9445.174538
4017.7499635 0 9445.174538
4017.75 0 8874.67488025
4382.9999635 0 8874.67488025
4383 0 8336.550308
4748.2499635 0 8336.550308
4748.25 0 7826.21492125
5113.4999635 0 7826.21492125
5113.5 0 7339.63039025
5478.7499635 0 7339.63039025
5478.75 0 6873.51129375
5843.9999635 0 6873.51129375
5844 0 6426.21492125
6209.2499635 0 6426.21492125
6209.25 0 5997.26214925
6574.4999635 0 5997.26214925
6574.5 0 5587.4058865
6939.7499635 0 5587.4058865
6939.75 0 5197.87816575
7304.9999635 0 5197.87816575
7305 0 4829.979466
7670.2499635 0 4829.979466
7670.25 0 4484.8733745
8035.499963 0 4484.8733745
8035.5 0 4162.90212175
8400.749963 0 4162.90212175
8400.75 0 3864.202601
8765.999963 0 3864.202601
8766 0 3588.02190275
9131.249963 0 3588.02190275
9131.25 0 3333.744011
9496.499963 0 3333.744011
9496.5 0 3099.8631075
9861.749963 0 3099.8631075
9861.75 0 2885.35249825
10226.999963 0 2885.35249825
10227 0 2688.50102675
10592.249963 0 2688.50102675
10592.25 0 2507.871321
10957.499963 0 2507.871321
10957.5 0 2342.09445585
11322.749963 0 2342.09445585
11322.75 0 2189.664613275
11687.999963 0 2189.664613275
11688 0 2049.34976045
12053.249963 0 2049.34976045
12053.25 0 1919.780971925
12418.499963 0 1919.780971925
12418.5 0 1800.13689255
12783.749963 0 1800.13689255
12783.75 0 1689.117043125
13148.999963 0 1689.117043125
13149 0 1586.10540725
13879.499963 0 1490.2806297
14244.75 0 1317.24845995
14975.249963 0 1239.082819975
15340.5 0 1096.8514716
15705.75 0 1032.101300475
16070.999963 0 1032.101300475
16071 0 970.77344285
16436.249963 0 970.77344285
16436.25 0 912.8678987
16801.499963 0 912.8678987
16801.5 0 852.95036495
17166.749963 0 852.95036495
17166.75 0 805.09207175
17531.999963 0 805.09207175
17532 0 748.5284052
17897.249963 0 748.5284052
17897.25 0 697.7412731
18262.499963 0 697.7412731
18262.5 0 634.740195475
18627.749963 0 634.740195475
18627.75 0 597.045635925
18992.999963 0 597.045635925
18993 0 579.234018025
19358.249963 0 579.234018025
19358.25 0 520.19164955
19723.499963 0 520.19164955
19723.5 0 484.120465425
20088.749963 0 484.120465425
20088.75 0 450.171115675
20453.999963 0 450.171115675
20454 0 418.275154
20819.249963 0 418.275154
20819.25 0 388.432580425
21184.499963 0 388.432580425
21184.5 0 360.574948675
21549.75 0 334.496919925
21914.999963 0 334.496919925
22280.249963 0 310.335386725
23010.75 0 247.2279260775
23741.249963 0 229.1581108825
24106.499963 0 212.3887748125
24836.999963 0 182.4093086925
26663.249963 0 124.640657085
28124.25 0 85.21560575
31776.749963 0 43.1211498975
32872.499963 0 34.4284736475
33237.749963 0 31.96440794
33602.999963 0 29.5687885
34333.5 0 23.68240930875
35064 0 20.3285420945
36890.25 0 14.031485284
38716.499963 0 10.47227926075
39812.249963 0 8.35044490075
40542.749963 0 7.255304586
42003.75 0 4.9965776865
45291 0 2.60095824775
48578.249963 0 1.505817932925
54787.499963 0 0.47912388775
67206 0 0.0
84372.749963 0 0.0684462696775
84372.75 0 0.0
384242.99996 0 0.0
