0 0 1010.4238104
365.2499635 0 1010.4238104
365.25 0 963.256602075
730.4999635 0 963.256602075
730.5 0 916.18543705
1095.7499635 0 916.18543705
1095.75 0 870.4825498
1460.9999635 0 870.4825498
1461 0 826.198525825
1826.2499635 0 826.79392115
1826.25 0 785.78093355
2191.4999635 0 785.78093355
2191.5 0 742.279260775
2556.7499635 0 742.279260775
2556.75 0 702.087611225
2921.9999635 0 702.087611225
2922 0 663.2238193
3287.2499635 0 663.2238193
3287.25 0 625.653661875
3652.4999635 0 625.653661875
3652.5 0 589.37713895
4017.7499635 0 589.37713895
4017.75 0 554.35318275
4382.9999635 0 554.35318275
4383 0 520.54757015
4748.2499635 0 520.54757015
4748.25 0 487.926078025
5113.4999635 0 487.926078025
5113.5 0 456.468172475
5478.7499635 0 456.468172475
5478.75 0 426.125941125
5843.9999635 0 426.125941125
5844 0 396.9062286
6209.2499635 0 396.9062286
6209.25 0 368.815879525
6574.4999635 0 368.815879525
6574.5 0 341.88911705
6939.7499635 0 341.88911705
6939.75 0 316.173853525
7304.9999635 0 316.173853525
7305 0 291.71115675
7670.2499635 0 291.71115675
7670.25 0 268.5557837
8035.499963 0 268.5557837
8035.5 0 246.72826831
8400.749963 0 246.72826831
8400.75 0 226.2354551675
8765.999963 0 226.2354551675
8766 0 207.0910335375
9131.249963 0 207.0910335375
9131.25 0 189.25393566
9496.499963 0 189.25393566
9496.5 0 172.71047228
9861.749963 0 172.71047228
9861.75 0 157.3990417525
10226.999963 0 157.3990417525
10227 0 143.2648870625
10592.249963 0 143.2648870625
10592.25 0 130.260095825
10957.499963 0 130.260095825
10957.5 0 118.316221765
11322.749963 0 118.316221765
11322.75 0 107.3648186175
11687.999963 0 107.3648186175
11688 0 97.35797399
12053.249963 0 97.35797399
12053.25 0 88.206707735
12418.499963 0 88.206707735
12418.5 0 79.8699520875
12783.749963 0 79.8699520875
12783.75 0 72.2861054075
13148.999963 0 72.2861054075
13149 0 65.39356605
13879.499963 0 59.14442163
14244.75 0 48.364134155
14975.249963 0 43.737166325
15340.5 0 35.8042436675
16436.249963 0 29.3497604375
17166.75 0 21.50646927175
18262.499963 0 17.69336071175
18993 0 13.05270362775
20819.249963 0 8.494799088
22280.249963 0 6.09219284575
25202.25 0 2.6625598905
31411.5 0 0.622861054075
32507.249963 0 0.527036276525
32872.499963 0 0.485968514725
33237.749963 0 0.451745379875
34698.749963 0 0.3216974675
37620.75 0 0.15742642026
46386.75 0 0.0273785078725
55152.75 0 0.0
73415.249963 0 0.00684462696775
73415.25 0 0.0
384242.99996 0 0.0
