0 0 2224949.13425
365.2499635 0 2224949.13425
365.25 0 2078106.734975
730.4999635 0 2078106.734975
730.5 0 1937308.04965
1095.7499635 0 1937337.4401
1095.75 0 1800020.533875
1460.9999635 0 1800020.533875
1461 0 1666201.232025
1826.2499635 0 1666201.232025
1826.25 0 1538329.911025
2191.4999635 0 1538329.911025
2191.5 0 1418980.150575
2556.7499635 0 1418980.150575
2556.75 0 1309520.8761
2921.9999635 0 1309520.8761
2922 0 1210047.9124
3287.2499635 0 1210047.9124
3287.25 0 1119890.485975
3652.4999635 0 1119890.485975
3652.5 0 1038008.21355
4017.7499635 0 1038008.21355
4017.75 0 963353.867225
4382.9999635 0 963353.867225
4383 0 894976.0438
4748.2499635 0 894976.0438
4748.25 0 832080.7666
5113.4999635 0 832080.7666
5113.5 0 773983.5729
5478.7499635 0 773983.5729
5478.75 0 720171.115675
5843.9999635 0 720171.115675
5844 0 670150.5818
6209.2499635 0 670150.5818
6209.25 0 623566.05065
6574.4999635 0 623566.05065
6574.5 0 580109.514025
6939.7499635 0 580109.514025
6939.75 0 539486.652975
7304.9999635 0 539486.652975
7305 0 501492.128675
7670.2499635 0 501492.128675
7670.25 0 465886.3792
8035.499963 0 465886.3792
8035.5 0 432518.822725
8400.749963 0 432518.822725
8400.75 0 401232.03285
8765.999963 0 401232.03285
8766 0 371875.4278
9131.249963 0 371875.4278
9131.25 0 344325.80425
9496.499963 0 344325.80425
9496.5 0 318466.80355
9861.749963 0 318466.80355
9861.75 0 294188.9117
10226.999963 0 294188.9117
10227 0 271403.148525
10592.249963 0 271403.148525
10592.25 0 249993.1553725
10957.499963 0 249993.1553725
10957.5 0 229630.3901425
11322.749963 0 229630.3901425
11322.75 0 209226.5571525
11687.999963 0 209226.5571525
11688 0 187631.75907
12053.249963 0 187631.75907
12053.25 0 165037.6454475
12418.499963 0 165037.6454475
12418.5 0 142915.8110875
12783.749963 0 142915.8110875
12783.75 0 122635.1813825
13148.999963 0 122635.1813825
13149 0 104825.4620125
13514.249963 0 104825.4620125
13514.25 0 89589.3223825
13879.499963 0 89589.3223825
13879.5 0 76707.7344275
14244.75 0 65872.6899375
14609.999963 0 65872.6899375
14975.25 0 49096.50924
16070.999963 0 37145.790555
16801.5 0 24774.12435725
18262.499963 0 16954.14099925
19358.25 0 10699.8691115
21915 0 5112.936345
23741.249963 0 3490.7597535
24471.749963 0 2908.96646125
25202.249963 0 2429.842573575
25932.75 0 1868.583162225
26663.25 0 1581.108829575
28124.25 0 1129.3634497
29950.499963 0 821.35523615
30315.75 0 698.151950725
30680.999963 0 698.151950725
31411.499963 0 588.637919225
32872.5 0 396.988364125
34333.5 0 287.47433265
39446.999963 0 102.6694045175
44195.249963 0 34.22313484
53691.75 0 0.0
82911.749963 0 6.84462696775
82911.75 0 0.0
384242.99996 0 0.0
