0 0 6.63937326675e-07
365.2499635 0 6.63937326675e-07
730.4999635 0 6.928361926e-07
730.5 0 7.2336648315e-07
1095.7499635 0 7.2336648315e-07
1095.75 0 7.550600714e-07
1460.9999635 0 7.550600714e-07
1461 0 7.87921210425e-07
1826.2499635 0 7.87921210425e-07
1826.25 0 8.20734007275e-07
2191.4999635 0 8.20734007275e-07
2191.5 0 8.57224617675e-07
2556.7499635 0 8.57224617675e-07
2556.75 0 8.93786398725e-07
2921.9999635 0 8.93786398725e-07
2922 0 9.3161388515e-07
3287.2499635 0 9.3161388515e-07
3287.25 0 9.707549685e-07
3652.4999635 0 9.707549685e-07
3652.5 0 1.01118228215e-06
4017.7499635 0 1.01118228215e-06
4017.75 0 1.05288214285e-06
4382.9999635 0 1.05288214285e-06
4383 0 1.09582718395e-06
4748.2499635 0 1.09582718395e-06
4748.25 0 1.139921622375e-06
5113.4999635 0 1.139921622375e-06
5113.5 0 1.185083358275e-06
5478.7499635 0 1.185083358275e-06
5478.75 0 1.231175558675e-06
5843.9999635 0 1.231175558675e-06
5844 0 1.2780271823e-06
6209.2499635 0 1.2780271823e-06
6209.25 0 1.325439821275e-06
6574.4999635 0 1.325439821275e-06
6574.5 0 1.373174017825e-06
6939.7499635 0 1.373174017825e-06
6939.75 0 1.42098347255e-06
7304.9999635 0 1.42098347255e-06
7305 0 1.46856031115e-06
7670.2499635 0 1.46856031115e-06
7670.25 0 1.515624025925e-06
8035.499963 0 1.515624025925e-06
8035.5 0 1.5618325344e-06
8400.749963 0 1.5625119781e-06
8400.75 0 1.607570157425e-06
8765.999963 0 1.607570157425e-06
8766 0 1.65112936345e-06
9131.249963 0 1.65112936345e-06
9131.25 0 1.692861054075e-06
9496.499963 0 1.692861054075e-06
9496.5 0 1.732457221075e-06
9861.749963 0 1.732457221075e-06
9861.75 0 1.769596167e-06
10226.999963 0 1.769596167e-06
10227 0 1.8040109514e-06
10592.249963 0 1.8040109514e-06
10592.25 0 1.835448323075e-06
12053.25 0 1.92722108145e-06
13879.499963 0 1.95894592745e-06
14975.249963 0 1.94282683095e-06
15705.749963 0 1.914435318275e-06
16801.499963 0 1.84866529775e-06
16801.5 0 1.818757348825e-06
17166.749963 0 1.818757348825e-06
17166.75 0 1.78512393615e-06
17531.999963 0 1.78512393615e-06
17532 0 1.758883944325e-06
17897.249963 0 1.758883944325e-06
17897.25 0 1.71882272415e-06
18262.499963 0 1.71882272415e-06
18262.5 0 1.676100207925e-06
18992.999963 0 1.64655550735e-06
18993 0 1.601163586575e-06
19358.249963 0 1.601163586575e-06
19358.25 0 1.561670088975e-06
19723.499963 0 1.561670088975e-06
19723.5 0 1.5214236824e-06
20088.749963 0 1.5214236824e-06
20088.75 0 1.480629705675e-06
20453.999963 0 1.480629705675e-06
20454 0 1.418251190625e-06
20819.249963 0 1.418251190625e-06
20819.25 0 1.386121267025e-06
21184.499963 0 1.386121267025e-06
21184.5 0 1.348429202375e-06
21549.749963 0 1.348429202375e-06
21549.75 0 1.309248799325e-06
21914.999963 0 1.309248799325e-06
21915 0 1.26916206585e-06
22280.249963 0 1.26916206585e-06
22280.25 0 1.228930855825e-06
22645.499963 0 1.228930855825e-06
22645.5 0 1.18881016435e-06
23375.999963 0 1.14910061505e-06
23376 0 1.10990941725e-06
24106.499963 0 1.1061725368e-06
24106.5 0 1.032866841425e-06
24471.749963 0 1.032866841425e-06
24471.75 0 9.9585657775e-07
24836.999963 0 9.9585657775e-07
24837 0 9.594620116e-07
25202.249963 0 9.594620116e-07
25202.25 0 9.2395678635e-07
25567.499963 0 9.2395678635e-07
25567.5 0 8.89340902025e-07
25932.749963 0 8.89340902025e-07
25932.75 0 8.55614358575e-07
26297.999963 0 8.55614358575e-07
26298 0 8.2277715605e-07
26663.249963 0 8.2277715605e-07
26663.25 0 7.908292944e-07
27028.499963 0 7.908292944e-07
27028.5 0 7.5990759535e-07
27393.749963 0 7.5990759535e-07
27393.75 0 7.29806826375e-07
27758.999963 0 7.29806826375e-07
27759 0 7.00663809125e-07
28124.249963 0 7.00663809125e-07
28124.25 0 6.72410132775e-07
28489.499963 0 6.72410132775e-07
28489.5 0 6.45045797325e-07
28854.749963 0 6.45045797325e-07
28854.75 0 6.18570802775e-07
30315.75 0 5.210169469e-07
31046.25 0 4.77028777675e-07
31411.499963 0 4.77028777675e-07
31411.5 0 4.56231882725e-07
31776.749963 0 4.56231882725e-07
31776.75 0 4.36119096175e-07
32507.249963 0 4.16690418025e-07
32872.499963 0 3.980826699e-07
33603 0 3.45953610875e-07
34698.749963 0 3.14416214275e-07
35429.25 0 2.71454207625e-07
36525 0 2.334861922e-07
37255.499963 0 2.219247604725e-07
37620.749963 0 2.1070538294e-07
38716.499963 0 1.801257380775e-07
39447 0 1.5337710018e-07
40907.999963 0 1.301858258875e-07
42003.75 0 1.04121296375e-07
44560.499963 0 7.38152948675e-08
49308.75 0 3.215309415e-08
55517.999963 0 1.217712927375e-08
61361.999963 0 4.58352618725e-09
62823 0 3.35213109225e-09
64284 0 2.668022706e-09
67206 0 1.6418601268e-09
70128 0 1.02616257925e-09
73050 0 6.1569754755e-10
76702.5 0 3.42054193075e-10
80355 0 2.0523251585e-10
87660 0 0.0
140986.49996 0 6.84108386175e-11
384242.99996 0 0.0
