0 0 0.0
730.4999635 0 0.0
730.5 0 140.7199796475
1095.7499635 0 140.7199796475
1095.75 0 248.77354563
1460.9999635 0 248.77354563
1461 0 277.77656565
1826.2499635 0 277.77656565
1826.25 0 256.466798125
2191.4999635 0 256.466798125
2191.5 0 208.908126295
2556.7499635 0 208.908126295
2556.75 0 174.8880863475
2921.9999635 0 174.8880863475
2922 0 121.2482388075
3287.2499635 0 121.2482388075
3287.25 0 88.46122477
3652.4999635 0 88.46122477
3652.5 0 55.3196648875
4017.7499635 0 55.3196648875
4017.75 0 37.474289295
4382.9999635 0 37.474289295
4383 0 0.0
384242.99996 0 0.0
