0 0 92637239.3225
365.2499635 0 92637239.3225
365.25 0 86441186.9975
730.4999635 0 86441186.9975
730.5 0 79900829.825
1095.7499635 0 80171043.4775
1095.75 0 73480662.6225
1460.9999635 0 73480662.6225
1461 0 66939597.735
1826.2499635 0 66939597.735
1826.25 0 60676234.905
2191.4999635 0 60676234.905
2191.5 0 54804205.34
2556.7499635 0 54804205.34
2556.75 0 49403155.6925
2921.9999635 0 49403155.6925
2922 0 44507021.1025
3287.2499635 0 44507021.1025
3287.25 0 40114526.0975
3652.4999635 0 40114526.0975
3652.5 0 36200675.55
4017.7499635 0 36200675.55
4017.75 0 32723669.8175
4382.9999635 0 32723669.8175
4383 0 29637545.3375
4748.2499635 0 29637545.3375
4748.25 0 26905806.97
5113.4999635 0 26905806.97
5113.5 0 24480007.1565
5478.7499635 0 24480007.1565
5478.75 0 22320354.29725
5843.9999635 0 22320354.29725
5844 0 20112791.70675
6209.2499635 0 20112791.70675
6209.25 0 18559319.557
6574.4999635 0 18559319.557
6574.5 0 17052577.11225
6939.7499635 0 17052577.11225
6939.75 0 15676388.098
7304.9999635 0 15676388.098
7305 0 14427991.971
7670.2499635 0 14427991.971
7670.25 0 13293513.77
8035.499963 0 13293513.77
8035.5 0 12259794.7035
9496.499963 0 9783687.81375
10592.25 0 7116176.5155
12418.499963 0 5254152.441
13879.5 0 3583812.008
18262.5 0 1305209.086075
22645.499963 0 471360.377975
23010.749963 0 428372.292125
23375.999963 0 389714.044475
23741.249963 0 355109.449625
24836.999963 0 267801.866475
26663.25 0 154381.0127775
31046.249963 0 56997.6156025
35064 0 3.5112936345e-08
73415.25 0 0.0
92042.999963 0 6.84462696775e-11
384242.99996 0 0.0
