0 0 1.119943959575e-08
5113.4999635 0 5.23209445575e-07
6574.4999635 0 6.06109514025e-06
8035.499963 0 4.53863791925e-05
9496.499963 0 0.0002140759069125
10957.499963 0 0.000679702258725
10957.5 0 0.00086236618755
11322.749963 0 0.00086236618755
11322.75 0 0.00107514031485
11687.999963 0 0.00107514031485
11688 0 0.0013188459959
12053.249963 0 0.0013188459959
12053.25 0 0.001593659137575
12418.499963 0 0.001593659137575
12418.5 0 0.0018991101985
12783.749963 0 0.0018991101985
12783.75 0 0.0022340862423
13148.999963 0 0.0022340862423
13149 0 0.00259687885
13514.249963 0 0.00259687885
13514.25 0 0.00298527036275
13879.499963 0 0.00298527036275
13879.5 0 0.00339653661875
14244.749963 0 0.00339653661875
14244.75 0 0.00382761122525
14609.999963 0 0.00382761122525
14610 0 0.00427511293625
14975.249963 0 0.00427511293625
14975.25 0 0.00473545516775
15340.499963 0 0.00473545516775
15340.5 0 0.00520492128675
15705.749963 0 0.00520492128675
15705.75 0 0.005679726215
16070.999963 0 0.005679726215
16071 0 0.00615616016425
16436.249963 0 0.00615616016425
16436.25 0 0.00663054757025
16801.499963 0 0.00663054757025
16801.5 0 0.007143375151
17166.749963 0 0.007143375151
17166.75 0 0.007653462008
17531.999963 0 0.007653462008
17532 0 0.00820953149275
17897.249963 0 0.00820953149275
17897.25 0 0.0085960454225
18262.499963 0 0.0085960454225
18262.5 0 0.009052872595
18992.999963 0 0.0092955346855
18993 0 0.0098394934975
19358.249963 0 0.0098394934975
19358.25 0 0.01018507871325
19723.499963 0 0.01018507871325
19723.5 0 0.01050349075975
20088.749963 0 0.01050349075975
20088.75 0 0.01079383983575
20453.999963 0 0.01079383983575
20454 0 0.01105516769325
20819.249963 0 0.01105516769325
20819.25 0 0.01128713210125
21184.499963 0 0.01128713210125
21184.5 0 0.0114894592745
21549.749963 0 0.0114894592745
21549.75 0 0.0116620807665
21914.999963 0 0.0116620807665
21915 0 0.011805338809
24106.499963 0 0.01209904175225
25202.249963 0 0.01197008898025
25932.749963 0 0.01177618069825
26663.249963 0 0.011508350445
26663.25 0 0.0113501026695
27028.499963 0 0.0113501026695
27028.5 0 0.01117734428475
27393.749963 0 0.01117734428475
27393.75 0 0.01099158110875
27758.999963 0 0.01099158110875
27759 0 0.010793908282
28124.249963 0 0.010793908282
28124.25 0 0.0105859000685
28489.499963 0 0.0105859000685
28489.5 0 0.01036844626975
28854.749963 0 0.01036844626975
28854.75 0 0.010142915811
29219.999963 0 0.010142915811
29220 0 0.00991060917175
29585.249963 0 0.00991060917175
29585.25 0 0.00967241615325
29950.499963 0 0.00967241615325
29950.5 0 0.00942936344975
30315.749963 0 0.00942936344975
30315.75 0 0.00918268309375
30680.999963 0 0.00918268309375
30681 0 0.0089331279945
31046.249963 0 0.0089331279945
31046.25 0 0.0086815879535
31411.499963 0 0.0086815879535
31411.5 0 0.00842902121825
31776.749963 0 0.00842902121825
31776.75 0 0.008176112252
32141.999963 0 0.008176112252
32142 0 0.00792354551675
32507.249963 0 0.00792354551675
32507.25 0 0.00767214236825
32872.499963 0 0.00767214236825
32872.5 0 0.00742238193025
33237.749963 0 0.00742238193025
33237.75 0 0.0071747433265
33602.999963 0 0.0071747433265
33603 0 0.006929979466
33968.249963 0 0.006929979466
33968.25 0 0.0066884325805
34333.499963 0 0.0066884325805
34333.5 0 0.0064503764545
34698.749963 0 0.0064503764545
34698.75 0 0.0062163586585
35063.999963 0 0.0062163586585
35064 0 0.00598672142375
35429.249963 0 0.00598672142375
35429.25 0 0.0057615331965
36159.749963 0 0.0055412731005
36159.75 0 0.00532190280625
36524.999963 0 0.00532190280625
36525 0 0.00510807665975
36890.249963 0 0.00510807665975
36890.25 0 0.00489979466125
37255.499963 0 0.00489979466125
37255.5 0 0.00469739904175
37620.749963 0 0.00469739904175
37620.75 0 0.00450068446275
37985.999963 0 0.00450068446275
37986 0 0.004309924709
38351.249963 0 0.004309924709
38351.25 0 0.004125119781
38716.499963 0 0.004125119781
38716.5 0 0.00394613278575
39081.749963 0 0.00394613278575
39081.75 0 0.003773100616
39446.999963 0 0.003773100616
39447 0 0.003605817933
39812.249963 0 0.003605817933
39812.25 0 0.003444421629
40177.499963 0 0.003444421629
40177.5 0 0.003288843258
40542.749963 0 0.003288843258
40542.75 0 0.00313874058875
40907.999963 0 0.00313874058875
40908 0 0.002994387406
42003.75 0 0.0025934976045
43829.999963 0 0.0021302532512
45291 0 0.00165359342915
47117.25 0 0.0012747433265
48943.5 0 0.000976796714575
50404.499963 0 0.000830527036275
51500.25 0 0.0006672826831
52961.249963 0 0.00056536618755
54056.999963 0 0.0004783025325
56613.749963 0 0.000322381930175
58805.25 0 0.000216153319645
65014.5 0 8.05612594125e-05
71223.749963 0 3.14168377825e-05
83277 0 4.10677618075e-06
94234.5 0 6.84462696775e-07
110305.5 0 0.0
147926.24996 0 6.84462696775e-08
384242.99996 0 0.0
