0 0 1729519.78155
365.2499635 0 1729519.78155
365.25 0 1626566.22935
730.4999635 0 1626566.22935
730.5 0 1529223.224975
1095.7499635 0 1529223.224975
1095.75 0 1436197.60555
1460.9999635 0 1436721.423675
1461 0 1346379.192325
1826.2499635 0 1346379.192325
1826.25 0 1257638.6037
2191.4999635 0 1257638.6037
2191.5 0 1170451.745375
2556.7499635 0 1170451.745375
2556.75 0 1085674.19575
2921.9999635 0 1085674.19575
2922 0 1004490.0753
3287.2499635 0 1004490.0753
3287.25 0 927912.388775
3652.4999635 0 927912.388775
3652.5 0 856611.90965
4017.7499635 0 856611.90965
4017.75 0 790889.8015
4382.9999635 0 790889.8015
4383 0 730725.53045
4748.2499635 0 730725.53045
4748.25 0 675906.913075
5113.4999635 0 675906.913075
5113.5 0 626050.65025
5478.7499635 0 626050.65025
5478.75 0 580746.06435
5843.9999635 0 580746.06435
5844 0 539527.72075
6209.2499635 0 539527.72075
6209.25 0 501984.941825
6574.4999635 0 501984.941825
6574.5 0 467713.8946
6939.7499635 0 467713.8946
6939.75 0 436338.124575
7304.9999635 0 436338.124575
7305 0 407556.468175
7670.2499635 0 407556.468175
7670.25 0 381081.45105
8035.499963 0 381081.45105
8035.5 0 356652.977425
8400.749963 0 356652.977425
8400.75 0 334072.55305
8765.999963 0 334072.55305
8766 0 313141.683775
9131.249963 0 313141.683775
9131.25 0 293723.477075
9496.499963 0 293723.477075
9496.5 0 275646.81725
9861.749963 0 275646.81725
9861.75 0 258809.0349
10226.999963 0 258809.0349
10227 0 243114.30527
10592.249963 0 243114.30527
10592.25 0 228439.4250525
10957.499963 0 228439.4250525
10957.5 0 214729.637235
11322.749963 0 214729.637235
11322.75 0 201889.1170425
11687.999963 0 201889.1170425
11688 0 189869.9520875
12053.249963 0 189869.9520875
12053.25 0 178590.006845
12418.499963 0 178590.006845
12418.5 0 167960.3011625
12783.749963 0 167960.3011625
12783.75 0 157878.16564
13148.999963 0 157878.16564
13149 0 148220.3969875
13514.249963 0 148220.3969875
13514.25 0 138898.0150575
13879.499963 0 138898.0150575
13879.5 0 129849.4182075
14244.749963 0 129849.4182075
14244.75 0 121054.0725525
14609.999963 0 121054.0725525
14610 0 112559.890485
14975.249963 0 112559.890485
14975.25 0 104401.09514
15340.499963 0 104401.09514
15340.5 0 96632.4435325
15705.749963 0 96632.4435325
15705.75 0 89281.3141675
16070.999963 0 89281.3141675
16071 0 82381.930185
16801.499963 0 75941.1362075
17166.75 0 63421.3574825
17897.249963 0 59241.5272175
18262.5 0 48589.8616725
18992.999963 0 45039.8986775
19358.25 0 38308.7821525
20454 0 29527.72074
21549.749963 0 25071.8685825
22280.249963 0 21293.634497
23741.25 0 14182.06707725
25567.499963 0 10260.09582475
27028.5 0 6851.47159475
30680.999963 0 3340.17796025
33968.249963 0 1649.55509925
35063.999963 0 1307.32375085
35429.249963 0 1211.4989733
35794.499963 0 1122.518822725
37255.5 0 766.5982204
40542.75 0 390.143737175
43464.75 0 219.02806297
46386.749963 0 136.8925393575
51865.499963 0 47.912388775
62823 0 0.0
88025.249963 0 6.84462696775
88025.25 0 0.0
384242.99996 0 0.0
