0 0 26743904.4575
365.2499635 0 26743904.4575
365.25 0 25153130.2525
730.4999635 0 25153130.2525
730.5 0 23623270.07975
1095.7499635 0 23623270.07975
1095.75 0 22190354.27
1460.9999635 0 22190354.27
1461 0 20849957.208
1826.2499635 0 20849957.208
1826.25 0 19649200.7685
2191.4999635 0 19651395.812
2191.5 0 18419028.063
2556.7499635 0 18419028.063
2556.75 0 17317932.92275
2921.9999635 0 17317932.92275
2922 0 16285557.837
3287.2499635 0 16285557.837
3287.25 0 15317180.01375
3652.4999635 0 15317180.01375
3652.5 0 14408350.445
4017.7499635 0 14408350.445
4017.75 0 13555373.03225
4382.9999635 0 13555373.03225
4383 0 12754277.89175
4748.2499635 0 12754277.89175
4748.25 0 12001779.603
5113.4999635 0 12001779.603
5113.5 0 11294866.52975
5478.7499635 0 11294866.52975
5478.75 0 10630390.14375
5843.9999635 0 10630390.14375
5844 0 10005749.48675
6209.2499635 0 10005749.48675
6209.25 0 9418480.49275
6574.4999635 0 9418480.49275
6574.5 0 8865913.75775
6939.7499635 0 8865913.75775
6939.75 0 8345859.00075
7304.9999635 0 8345859.00075
7305 0 7856125.94125
7670.2499635 0 7856125.94125
7670.25 0 7394592.74475
8035.499963 0 7394592.74475
8035.5 0 6959137.577
8400.749963 0 6959137.577
8400.75 0 6548117.7275
8765.999963 0 6548117.7275
8766 0 6159685.14725
9131.249963 0 6159685.14725
9131.25 0 5792539.3565
9496.499963 0 5792539.3565
9496.5 0 5445242.98425
9861.749963 0 5445242.98425
9861.75 0 5116769.336
10226.999963 0 5116769.336
10227 0 4806160.16425
10592.249963 0 4806160.16425
10592.25 0 4512594.1135
10957.499963 0 4512594.1135
10957.5 0 4235386.7215
11322.749963 0 4235386.7215
11687.999963 0 3973785.07875
12053.25 0 3494934.976
12418.5 0 3276386.037
13148.999963 0 3071047.228
13514.25 0 2697262.14925
14244.749963 0 2527583.84675
14610 0 2219644.0794
15340.499963 0 2080150.5818
15705.75 0 1827310.0616
16801.5 0 1496959.4856
18262.499963 0 1225598.90485
19358.25 0 939425.051325
20819.249963 0 751007.6812
21915 0 597549.077475
24106.499963 0 458041.1861
25202.249963 0 351950.718675
25932.75 0 287337.4401
27028.5 0 234017.79603
28124.249963 0 203832.9911025
29950.5 0 134428.4736475
31776.75 0 94798.083505
33603 0 66803.559205
37255.5 0 33196.440795
40908 0 16563.99726225
44560.5 0 8281.998631
48213 0 4243.66872
51865.499963 0 2327.17316905
58805.249963 0 616.0164271
72684.75 0 0.0
90581.999963 0 68.4462696775
90582 0 0.0
384242.99996 0 0.0
