0 0 406718.2201
365.2499635 0 406718.2201
365.25 0 380611.09475
730.4999635 0 380611.09475
730.5 0 356028.5779
1095.7499635 0 356028.5779
1095.75 0 332887.22305
1460.9999635 0 333118.41205
1461 0 311324.435325
1826.2499635 0 311324.435325
1826.25 0 290802.190275
2191.4999635 0 290802.190275
2191.5 0 271452.42985
2556.7499635 0 271452.42985
2556.75 0 253179.329225
2921.9999635 0 253179.329225
2922 0 235910.3353875
3287.2499635 0 235910.3353875
3287.25 0 219602.3271725
3652.4999635 0 219602.3271725
3652.5 0 204239.561945
4017.7499635 0 204239.561945
4017.75 0 189816.5639975
4382.9999635 0 189816.5639975
4383 0 176329.91102
4748.2499635 0 176329.91102
4748.25 0 163766.59822
5113.4999635 0 163766.59822
5113.5 0 152108.145105
5478.7499635 0 152108.145105
5478.75 0 141307.32375
5843.9999635 0 141307.32375
5844 0 131321.013005
6209.2499635 0 131321.013005
6209.25 0 122114.9897325
6574.4999635 0 122114.9897325
6574.5 0 113613.96304
6939.7499635 0 113613.96304
6939.75 0 105770.020535
7304.9999635 0 105770.020535
7305 0 98535.24983
7670.2499635 0 98535.24983
7670.25 0 91834.3600275
8035.499963 0 91834.3600275
8035.5 0 85646.8172475
8400.749963 0 85646.8172475
8400.75 0 79911.01985
8765.999963 0 79911.01985
8766 0 74599.5893225
9131.249963 0 74599.5893225
9131.25 0 69664.6132775
9496.499963 0 69664.6132775
9496.5 0 65092.402465
9861.749963 0 65092.402465
9861.75 0 60835.04449
10226.999963 0 60835.04449
10227 0 56872.005475
10592.249963 0 56872.005475
10592.25 0 53189.5961675
10957.499963 0 53189.5961675
10957.5 0 49753.59343
11322.749963 0 49753.59343
11322.75 0 46550.3080075
11687.999963 0 46550.3080075
11688 0 43572.8952775
12053.249963 0 43572.8952775
12053.25 0 40780.287475
12418.499963 0 40780.287475
12418.5 0 38179.3292275
12783.749963 0 38179.3292275
12783.75 0 35749.4866525
13149 0 33483.9151275
13514.249963 0 33483.9151275
13514.25 0 31348.3915125
14244.749963 0 29342.91581
14975.249963 0 25653.661875
15340.5 0 22299.79466125
16801.499963 0 17809.71937025
17897.25 0 12676.2491445
19358.249963 0 9663.88259225
20454 0 6858.31622175
22280.249963 0 4859.68514725
23010.749963 0 4093.08692675
23375.999963 0 3750.85557825
23741.249963 0 3442.84736475
25202.25 0 2238.193018475
26663.25 0 1587.953456525
29585.25 0 807.6659822
32507.25 0 410.677618075
35429.25 0 212.1834360025
38351.25 0 109.514031485
46386.749963 0 20.5338809035
54057 0 0.0
73049.999963 0 6.84462696775
73050 0 0.0
384242.99996 0 0.0
