0 0 0.0830734864025
1826.25 0 0.04275920116
5478.75 0 0.01640496182825
8766 0 0.0148460697795
12053.249963 0 0.0338017593175
13514.249963 0 0.0506766460425
14975.249963 0 0.07282809848
17897.249963 0 0.13458984389
20088.749963 0 0.199265256435
21184.499963 0 0.238668480005
21914.999963 0 0.262966267825
23375.999963 0 0.3218835795
23376 0 0.3385654233
24106.499963 0 0.3400460615
24106.5 0 0.3738194404
24471.749963 0 0.3738194404
24471.75 0 0.393307301075
24836.999963 0 0.393307301075
24837 0 0.413916962075
25202.249963 0 0.413916962075
25202.25 0 0.435792068575
25567.499963 0 0.435792068575
25567.5 0 0.45897366205
25932.749963 0 0.45897366205
25932.75 0 0.4835506657
26297.999963 0 0.4835506657
26298 0 0.509598322225
26663.249963 0 0.509598322225
26663.25 0 0.537198714575
27028.499963 0 0.537198714575
27028.5 0 0.566399724475
27393.749963 0 0.566399724475
27393.75 0 0.5972697544
27758.999963 0 0.5972697544
27759 0 0.62981564455
28124.249963 0 0.62981564455
28124.25 0 0.664051075475
28489.499963 0 0.664051075475
28489.5 0 0.699969206875
28854.749963 0 0.699969206875
28854.75 0 0.737665802225
29219.999963 0 0.737665802225
29220 0 0.7769424944
29585.249963 0 0.7769424944
29585.25 0 0.817724040675
29950.499963 0 0.817724040675
29950.5 0 0.859859955625
30315.749963 0 0.859859955625
30315.75 0 0.9032339551
30680.999963 0 0.9032339551
30681 0 0.947654512225
31046.249963 0 0.947654512225
31046.25 0 0.9929506208
31411.499963 0 0.9929506208
31411.5 0 1.038903393
31776.749963 0 1.038903393
31776.75 0 1.08528026045
32141.999963 0 1.08528026045
32142 0 1.131862335275
32507.249963 0 1.131862335275
32507.25 0 1.178382847875
32872.499963 0 1.178382847875
32872.5 0 1.224588709175
33237.749963 0 1.224588709175
33237.75 0 1.2704867594
33602.999963 0 1.2704867594
33603 0 1.31555029965
33968.249963 0 1.3163928816
33968.25 0 1.360410677625
34333.499963 0 1.360410677625
34333.5 0 1.40308692675
34698.749963 0 1.40308692675
34698.75 0 1.44420260095
35063.999963 0 1.44420260095
35064 0 1.483511293625
35429.249963 0 1.483511293625
35429.25 0 1.5208145106
35794.499963 0 1.5208145106
35794.5 0 1.555920602325
36159.749963 0 1.555920602325
36159.75 0 1.58864476385
36524.999963 0 1.58864476385
36525 0 1.6188569473
36890.249963 0 1.6188569473
36890.25 0 1.646399726225
37255.499963 0 1.646399726225
37255.5 0 1.67117727585
37620.749963 0 1.67117727585
37620.75 0 1.693100616025
37985.999963 0 1.693100616025
37986 0 1.71209445585
38351.249963 0 1.71209445585
38351.25 0 1.728316221775
40542.749963 0 1.764407939775
42734.249963 0 1.71554414785
42734.25 0 1.69889801505
43099.499963 0 1.69889801505
43099.5 0 1.6803559206
43464.749963 0 1.6803559206
43464.75 0 1.65968514715
43829.999963 0 1.65968514715
43830 0 1.637303216975
44195.249963 0 1.637303216975
44195.25 0 1.61321013005
44560.499963 0 1.61321013005
44560.5 0 1.58767967145
44925.749963 0 1.58767967145
44925.75 0 1.5607118412
45290.999963 0 1.5607118412
45291 0 1.532443531825
45656.249963 0 1.532443531825
45656.25 0 1.503216974675
46021.499963 0 1.503216974675
46021.5 0 1.47282683095
46386.749963 0 1.47282683095
46386.75 0 1.4417522245
46751.999963 0 1.4417522245
46752 0 1.4099247091
47117.249963 0 1.4099247091
47117.25 0 1.377412731
47482.499963 0 1.377412731
47482.5 0 1.3444900753
47847.749963 0 1.3444900753
47847.75 0 1.3110882957
48212.999963 0 1.3110882957
48213 0 1.27754962355
48578.249963 0 1.27754962355
48578.25 0 1.242779869
48943.499963 0 1.242779869
48943.5 0 1.20892504345
49308.749963 0 1.20892504345
49308.75 0 1.1750702179
49673.999963 0 1.1750702179
49674 0 1.141283785925
50039.249963 0 1.141283785925
50039.25 0 1.107702534725
50404.499963 0 1.107702534725
50404.5 0 1.074258070675
50769.749963 0 1.074258070675
50769.75 0 1.0411555746
51134.999963 0 1.0411555746
51135 0 1.008463440025
51500.249963 0 1.008463440025
51500.25 0 0.976044879775
51865.499963 0 0.976044879775
51865.5 0 0.944105074675
52230.749963 0 0.944105074675
52230.75 0 0.91264402465
52595.999963 0 0.91264402465
52596 0 0.881798516925
52961.249963 0 0.881798516925
52961.25 0 0.8514317643
53691.749963 0 0.821612160375
53691.75 0 0.792476492325
54056.999963 0 0.792476492325
54057 0 0.76402476015
54422.249963 0 0.76402476015
54422.25 0 0.73612017665
54787.499963 0 0.73612017665
54787.5 0 0.70889952905
55152.749963 0 0.70889952905
55152.75 0 0.682431210875
55517.999963 0 0.682431210875
55518 0 0.656578435
55883.249963 0 0.656578435
55883.25 0 0.631409595
56248.499963 0 0.631409595
56248.5 0 0.60699308445
56613.749963 0 0.60699308445
56613.75 0 0.58326050975
56978.999963 0 0.58326050975
56979 0 0.560280264525
57344.249963 0 0.560280264525
57344.25 0 0.537847168
57709.499963 0 0.537847168
57709.5 0 0.516234794525
58074.749963 0 0.516234794525
58074.75 0 0.4953063569
58439.999963 0 0.4953063569
58440 0 0.474993461575
58805.249963 0 0.474993461575
58805.25 0 0.4553645021
59170.499963 0 0.4553645021
59170.5 0 0.4364878721
59535.749963 0 0.4364878721
59535.75 0 0.4180899972
59900.999963 0 0.4180899972
59901 0 0.40051284535
60266.249963 0 0.40051284535
60266.25 0 0.3834144486
63553.5 0 0.2557920153
67571.25 0 0.1517653695075
72319.5 0 0.0797469224175
77798.25 0 0.037000930555
90947.249963 0 0.00567666771925
103731 0 0.000752329456775
143177.99996 0 6.839358698e-05
143178 0 0.0
384242.99996 0 0.0
