0 0 0.0031939641505
365.2499635 0 0.0031939641505
365.25 0 0.00303533954275
730.4999635 0 0.00303533954275
730.5 0 0.00289942188125
1095.7499635 0 0.00289942188125
1095.75 0 0.00279218787925
1460.9999635 0 0.00279218787925
1461 0 0.002712865219
1826.2499635 0 0.002712865219
1826.25 0 0.0026595360655
2556.7499635 0 0.00261745554525
2921.9999635 0 0.00258717503775
3287.2499635 0 0.00255831659975
3652.4999635 0 0.002525629513
3652.5 0 0.002485927795575
4017.7499635 0 0.002488747433275
4017.75 0 0.002440629705675
4382.9999635 0 0.002440629705675
4383 0 0.0023840588638
4748.2499635 0 0.0023840588638
4748.25 0 0.002319801505825
5113.4999635 0 0.002319801505825
5113.5 0 0.002249082819975
5478.7499635 0 0.002249082819975
5478.75 0 0.00217328542095
5843.9999635 0 0.00217328542095
5844 0 0.0020938056126
6209.2499635 0 0.0020938056126
6209.25 0 0.002011950718675
6574.4999635 0 0.002011950718675
6574.5 0 0.001928747433275
6939.7499635 0 0.001928747433275
6939.75 0 0.001845174538
7304.9999635 0 0.001845174538
7305 0 0.001762012320325
7670.2499635 0 0.001762012320325
7670.25 0 0.001679945242975
8035.499963 0 0.001679945242975
8035.5 0 0.001599247091025
8400.749963 0 0.001599247091025
8400.75 0 0.0015205338809
8765.999963 0 0.0015205338809
8766 0 0.001443942505125
9131.249963 0 0.001443942505125
9131.25 0 0.0013697467488
9496.499963 0 0.0013697467488
9496.5 0 0.001298220397
9861.749963 0 0.001298220397
9861.75 0 0.001229295003425
10226.999963 0 0.001229295003425
10227 0 0.001163244353175
10592.249963 0 0.001163244353175
10592.25 0 0.001099931553725
10957.499963 0 0.001099931553725
10957.5 0 0.001039561943875
11322.749963 0 0.001039561943875
11322.75 0 0.00098206707735
11687.999963 0 0.00098206707735
11688 0 0.000927241615325
12053.249963 0 0.000927241615325
12053.25 0 0.00087529089665
12418.499963 0 0.00087529089665
12418.5 0 0.000826009582475
12783.749963 0 0.000826009582475
12783.75 0 0.00077932922655
13148.999963 0 0.00077932922655
13149 0 0.000735181382625
13514.249963 0 0.000735181382625
13514.25 0 0.0006934291581
13879.499963 0 0.0006934291581
13879.5 0 0.000654004106775
14244.749963 0 0.000654004106775
14244.75 0 0.00061683778235
15340.5 0 0.00051724845995
16436.249963 0 0.000459753593425
18262.5 0 0.00031104608805
20088.75 0 0.000224435318275
21915 0 0.0001580915490325
24471.749963 0 0.0001025325119775
26663.25 0 6.12594113625e-05
32142 0 2.005475701575e-05
37620.75 0 6.63928815875e-06
43099.5 0 2.1902806297e-06
48578.25 0 6.84462696775e-07
61727.25 0 0.0
77432.999963 0 6.84462696775e-08
384242.99996 0 0.0
