0 0 3.770066215e-07
4748.2499635 0 0.00782236595375
5843.9999635 0 0.0302147771075
5844 0 0.0455727540775
6209.2499635 0 0.0455727540775
6209.25 0 0.067339864875
6574.4999635 0 0.067339864875
6574.5 0 0.097275666555
6939.7499635 0 0.097275666555
6939.75 0 0.136945768475
7304.9999635 0 0.136945768475
7305 0 0.18732930882
7670.2499635 0 0.18732930882
7670.25 0 0.2485643089575
8035.499963 0 0.2485643089575
8035.5 0 0.319930651475
8400.749963 0 0.319930651475
8400.75 0 0.4000097037
8765.999963 0 0.4000097037
8766 0 0.4869214629
9131.249963 0 0.4869214629
9131.25 0 0.5785453631
9496.499963 0 0.5785453631
9496.5 0 0.6727129854
9861.749963 0 0.6727129854
9861.75 0 0.76735230035
10226.999963 0 0.76735230035
10227 0 0.86057995545
10592.249963 0 0.86057995545
10592.25 0 0.950768953
10957.499963 0 0.950768953
10957.5 0 1.036572576325
11322.749963 0 1.036572576325
11322.75 0 1.11691345215
11687.999963 0 1.11691345215
11688 0 1.19100337525
12053.249963 0 1.19100337525
12053.25 0 1.25829819005
12418.499963 0 1.25829819005
12418.5 0 1.3184765987
12783.749963 0 1.3184765987
12783.75 0 1.371395042575
13148.999963 0 1.373100616025
13149 0 1.418836413425
13514.249963 0 1.418836413425
13514.25 0 1.457467488025
13879.499963 0 1.457467488025
13879.5 0 1.489233401775
14244.749963 0 1.489233401775
14244.75 0 1.514449007525
14609.999963 0 1.514449007525
14610 0 1.53349075975
14975.25 0 1.546735112925
16070.999963 0 1.557570157425
17166.749963 0 1.5399524833
17166.75 0 1.5248082107
17897.249963 0 1.511734857025
17897.25 0 1.48991101985
18262.499963 0 1.48991101985
18262.5 0 1.464481332675
18627.749963 0 1.464481332675
18627.75 0 1.445593958225
18992.999963 0 1.445593958225
18993 0 1.4161396304
19723.499963 0 1.389336071175
19723.5 0 1.36127994525
20088.749963 0 1.36127994525
20088.75 0 1.332162902125
20453.999963 0 1.332162902125
20454 0 1.28647418485
21184.499963 0 1.262392870075
21184.5 0 1.234366496325
21549.749963 0 1.234366496325
21549.75 0 1.204333560625
21914.999963 0 1.204333560625
21915 0 1.173277560925
22280.249963 0 1.173277560925
22280.25 0 1.14171675765
22645.499963 0 1.14171675765
22645.5 0 1.10994800885
23010.749963 0 1.10994800885
23010.75 0 1.07562397315
23375.999963 0 1.07562397315
23376 0 1.04399343615
24106.499963 0 1.04090346605
24106.5 0 0.98109587795
24471.749963 0 0.98109587795
24471.75 0 0.9501009645
24836.999963 0 0.9501009645
24837 0 0.919413337025
25202.249963 0 0.919413337025
25202.25 0 0.889032995575
25567.499963 0 0.889032995575
25567.5 0 0.858994082975
25932.749963 0 0.858994082975
25932.75 0 0.829337570725
26297.999963 0 0.829337570725
26298 0 0.800056630225
26663.249963 0 0.800056630225
26663.25 0 0.77116491865
27028.499963 0 0.77116491865
27028.5 0 0.742689750325
27393.749963 0 0.742689750325
27393.75 0 0.7146311252
27758.999963 0 0.7146311252
27759 0 0.68701635765
28124.249963 0 0.68701635765
28124.25 0 0.659845447625
28489.499963 0 0.659845447625
28489.5 0 0.6331593666
28854.749963 0 0.6331593666
28854.75 0 0.606930800275
29219.999963 0 0.606930800275
29220 0 0.581221205825
29585.249963 0 0.581221205825
29585.25 0 0.5560578976
29950.499963 0 0.5560578976
29950.5 0 0.5314613613
30315.749963 0 0.5314613613
30315.75 0 0.5074452541
30680.999963 0 0.5074452541
30681 0 0.48405054745
31046.249963 0 0.48405054745
31046.25 0 0.46127724135
31411.499963 0 0.46127724135
31411.5 0 0.43914582155
31776.749963 0 0.43914582155
31776.75 0 0.417704088075
32141.999963 0 0.417704088075
32142 0 0.39694521235
32507.249963 0 0.39694521235
32507.25 0 0.376800908625
32872.499963 0 0.376800908625
32872.5 0 0.357476034175
33237.749963 0 0.357476034175
33237.75 0 0.33869744595
33602.999963 0 0.33869744595
33603 0 0.320738287025
33968.249963 0 0.320738287025
33968.25 0 0.303393700075
34333.499963 0 0.303393700075
34333.5 0 0.28680025665
35794.499963 0 0.241185358685
36890.25 0 0.189629598265
38716.499963 0 0.1476338463975
40177.5 0 0.1067306669375
44195.25 0 0.0507363311175
48578.25 0 0.021919733901
51500.249963 0 0.0133157262015
51865.499963 0 0.0124280111215
52230.749963 0 0.01160858181675
52961.249963 0 0.01003800898275
54056.999963 0 0.00805772149625
56613.75 0 0.00457514695125
59170.5 0 0.002799716791
64649.249963 0 0.001024286630875
69762.75 0 0.00034142887695
79989.75 0 0.0
94599.749963 0 6.82857753925e-05
94599.75 0 0.0
384242.99996 0 0.0
