0 0 1.3637180736500002e-19
15705.749963 0 2.34522074605e-08
17897.249963 0 9.8939760165e-08
18262.499963 0 1.261357395025e-07
18262.5 0 1.606878219025e-07
18992.999963 0 1.8592628711e-07
18993 0 2.315750116625e-07
19358.249963 0 2.315750116625e-07
19358.25 0 2.76111998375e-07
19723.499963 0 2.76111998375e-07
19723.5 0 3.562491899e-07
20453.999963 0 3.59175039875e-07
20454 0 4.53438305075e-07
20819.249963 0 4.53438305075e-07
20819.25 0 5.24991910525e-07
21184.499963 0 5.24991910525e-07
21184.5 0 6.03645032275e-07
21549.749963 0 6.03645032275e-07
21549.75 0 6.89487675725e-07
21914.999963 0 6.89487675725e-07
21915 0 7.8253143245e-07
22280.249963 0 7.8253143245e-07
22280.25 0 8.82709480275e-07
22645.499963 0 8.82709480275e-07
22645.5 0 9.89874537675e-07
23010.749963 0 9.89874537675e-07
23010.75 0 1.103786590225e-06
23375.999963 0 1.103786590225e-06
23376 0 1.224155165975e-06
23741.249963 0 1.224155165975e-06
23741.25 0 1.350558194225e-06
24106.499963 0 1.350558194225e-06
24106.5 0 1.48256610375e-06
24471.749963 0 1.48256610375e-06
24471.75 0 1.61963340735e-06
24836.999963 0 1.61963340735e-06
24837 0 1.7611805248e-06
25202.249963 0 1.7611805248e-06
25202.25 0 1.90655287145e-06
25567.499963 0 1.90655287145e-06
25567.5 0 2.055082225425e-06
25932.749963 0 2.055082225425e-06
25932.75 0 2.206032179e-06
26297.999963 0 2.206032179e-06
26298 0 2.358673143e-06
26663.249963 0 2.358673143e-06
26663.25 0 2.5122209795e-06
27028.499963 0 2.5122209795e-06
27028.5 0 2.66593246225e-06
27393.749963 0 2.66593246225e-06
27393.75 0 2.81900299725e-06
27758.999963 0 2.81900299725e-06
27759 0 2.97069617725e-06
28124.249963 0 2.97069617725e-06
28124.25 0 3.12027559425e-06
28489.499963 0 3.12027559425e-06
28489.5 0 3.26700484025e-06
28854.749963 0 3.26700484025e-06
28854.75 0 3.41020887525e-06
29219.999963 0 3.41020887525e-06
29220 0 3.54923993275e-06
29585.249963 0 3.54923993275e-06
29585.25 0 3.68347070275e-06
29950.499963 0 3.68347070275e-06
29950.5 0 3.81237615375e-06
30315.749963 0 3.81237615375e-06
30315.75 0 3.93541079825e-06
30680.999963 0 3.93541079825e-06
30681 0 4.052151884e-06
31046.249963 0 4.052151884e-06
31046.25 0 4.162163021e-06
31411.499963 0 4.178056126e-06
31411.5 0 4.2813689255e-06
31776.749963 0 4.2813689255e-06
31776.75 0 4.377412731e-06
32141.999963 0 4.377412731e-06
32142 0 4.4656399725e-06
32507.249963 0 4.4656399725e-06
32507.25 0 4.546201232e-06
32872.499963 0 4.546201232e-06
32872.5 0 4.61882272425e-06
33237.749963 0 4.61882272425e-06
33237.75 0 4.68610540725e-06
33602.999963 0 4.68610540725e-06
33603 0 4.744900753e-06
33968.249963 0 4.744900753e-06
33968.25 0 4.79534565375e-06
34333.499963 0 4.79534565375e-06
34333.5 0 4.83723477075e-06
34698.749963 0 4.83723477075e-06
34698.75 0 4.870841889e-06
36159.75 0 4.9255304585e-06
38351.249963 0 4.83244353175e-06
38351.25 0 4.79534565375e-06
38716.499963 0 4.79534565375e-06
38716.5 0 4.75284052025e-06
39081.749963 0 4.75284052025e-06
39081.75 0 4.705338809e-06
39446.999963 0 4.705338809e-06
39447 0 4.653045859e-06
39812.249963 0 4.653045859e-06
39812.25 0 4.596440794e-06
40177.499963 0 4.596440794e-06
40177.5 0 4.53586584525e-06
40542.749963 0 4.53586584525e-06
40542.75 0 4.47152635175e-06
40907.999963 0 4.47152635175e-06
40908 0 4.403832991e-06
41273.249963 0 4.403832991e-06
41273.25 0 4.3331279945e-06
41638.499963 0 4.3331279945e-06
41638.5 0 4.2597535935e-06
42003.749963 0 4.2597535935e-06
42003.75 0 4.18391512675e-06
42368.999963 0 4.18391512675e-06
42369 0 4.1059548255e-06
42734.249963 0 4.1059548255e-06
42734.25 0 4.02621492125e-06
43099.499963 0 4.02621492125e-06
43099.5 0 3.94476386025e-06
43464.749963 0 3.94476386025e-06
43464.75 0 3.8620807665e-06
43829.999963 0 3.8620807665e-06
43830 0 3.7783025325e-06
44195.249963 0 3.7783025325e-06
44195.25 0 3.69370294325e-06
44560.499963 0 3.69370294325e-06
44560.5 0 3.60855578375e-06
44925.749963 0 3.60855578375e-06
44925.75 0 3.502390747e-06
45290.999963 0 3.502390747e-06
45291 0 3.417057867e-06
45656.249963 0 3.417057867e-06
45656.25 0 3.3316569385e-06
46021.499963 0 3.3316569385e-06
46021.5 0 3.24646015575e-06
46386.749963 0 3.24646015575e-06
46386.75 0 3.161535567e-06
46751.999963 0 3.161535567e-06
46752 0 3.07701926975e-06
47117.249963 0 3.07701926975e-06
47117.25 0 2.993183458e-06
47482.499963 0 2.993183458e-06
47482.5 0 2.9098920345e-06
47847.749963 0 2.9098920345e-06
47847.75 0 2.82755329075e-06
48212.999963 0 2.82755329075e-06
48213 0 2.746099178e-06
48578.249963 0 2.746099178e-06
48578.25 0 2.665733842e-06
48943.499963 0 2.665733842e-06
48943.5 0 2.586321186e-06
49308.749963 0 2.586321186e-06
49308.75 0 2.50826950075e-06
49673.999963 0 2.50826950075e-06
49674 0 2.43130659225e-06
50039.249963 0 2.43130659225e-06
50039.25 0 2.355840751875e-06
50404.499963 0 2.355840751875e-06
50404.5 0 2.281531736825e-06
50769.749963 0 2.281531736825e-06
50769.75 0 2.2087878384e-06
51134.999963 0 2.2087878384e-06
51135 0 2.137472959475e-06
51500.249963 0 2.137472959475e-06
51500.25 0 2.06765514865e-06
51865.499963 0 2.06765514865e-06
51865.5 0 1.999266357325e-06
52230.749963 0 1.999266357325e-06
52230.75 0 1.9324426826e-06
52595.999963 0 1.9324426826e-06
52596 0 1.867252173075e-06
52961.249963 0 1.867252173075e-06
52961.25 0 1.8035587316e-06
53326.499963 0 1.8035587316e-06
53326.5 0 1.74143040675e-06
53691.749963 0 1.74143040675e-06
53691.75 0 1.6808671985e-06
54056.999963 0 1.6808671985e-06
54057 0 1.621937155425e-06
54422.249963 0 1.621937155425e-06
54422.25 0 1.564504180425e-06
54787.499963 0 1.564504180425e-06
54787.5 0 1.50863632205e-06
55152.749963 0 1.50863632205e-06
55152.75 0 1.454401628825e-06
55517.999963 0 1.454401628825e-06
55518 0 1.401595955125e-06
55883.249963 0 1.401595955125e-06
55883.25 0 1.3504234466e-06
56248.499963 0 1.3504234466e-06
56248.5 0 1.300679957575e-06
56613.749963 0 1.300679957575e-06
56613.75 0 1.252433536625e-06
56978.999963 0 1.252433536625e-06
56979 0 1.20568418375e-06
57344.249963 0 1.20568418375e-06
57344.25 0 1.16029580185e-06
57709.499963 0 1.16029580185e-06
57709.5 0 1.116472536575e-06
58074.749963 0 1.116472536575e-06
58074.75 0 1.07387414515e-06
58439.999963 0 1.07387414515e-06
58440 0 1.032772821825e-06
58805.249963 0 1.032772821825e-06
58805.25 0 9.929644209e-07
59170.499963 0 9.929644209e-07
59170.5 0 9.544489424e-07
59535.749963 0 9.544489424e-07
59535.75 0 9.17294434875e-07
59900.999963 0 9.17294434875e-07
59901 0 8.81228704125e-07
60266.249963 0 8.81228704125e-07
60266.25 0 8.465919929e-07
60631.499963 0 8.465919929e-07
60631.5 0 8.129760099e-07
61727.25 0 7.192731585e-07
62457.75 0 6.6218042625e-07
66110.25 0 4.33333157375e-07
71223.75 0 2.33338473085e-07
77067.75 0 1.116676682225e-07
87294.75 0 2.9056730245e-08
105192 0 2.38169920035e-09
151943.99996 0 6.804854858e-11
384242.99996 0 0.0
