0 0 0.0
730.4999635 0 0.0
730.5 0 6.842710698000001e-20
9496.499963 0 1.8416745281250002e-13
13879.499963 0 2.7187102325e-11
17897.249963 0 8.386360299e-10
19358.249963 0 2.52468653925e-09
20453.999963 0 4.5753521415e-09
21549.749963 0 9.40256877025e-09
21914.999963 0 1.135623794425e-08
22280.249963 0 1.361292287625e-08
22280.25 0 1.619854375425e-08
22645.499963 0 1.619854375425e-08
22645.5 0 1.91376932805e-08
23010.749963 0 1.91376932805e-08
23010.75 0 2.245305504075e-08
23375.999963 0 2.245305504075e-08
23376 0 2.616413076e-08
23741.249963 0 2.616413076e-08
23741.25 0 3.02872060925e-08
24106.499963 0 3.02872060925e-08
24106.5 0 3.483466634e-08
24471.749963 0 3.483466634e-08
24471.75 0 3.98139700625e-08
24836.999963 0 3.98139700625e-08
24837 0 4.5227922765e-08
25202.249963 0 4.5227922765e-08
25202.25 0 5.107330838e-08
25567.499963 0 5.107330838e-08
25567.5 0 5.73417103675e-08
25932.749963 0 5.73417103675e-08
25932.75 0 6.4018416905e-08
26297.999963 0 6.4018416905e-08
26298 0 7.10828998575e-08
26663.249963 0 7.10828998575e-08
26663.25 0 7.850902007e-08
27028.499963 0 7.850902007e-08
27028.5 0 8.62644799475e-08
27393.749963 0 8.62644799475e-08
27393.75 0 9.43130815525e-08
27758.999963 0 9.43130815525e-08
27759 0 1.02611236815e-07
28124.249963 0 1.02611236815e-07
28124.25 0 1.111146734e-07
28489.499963 0 1.111146734e-07
28489.5 0 1.19772755245e-07
28854.749963 0 1.19772755245e-07
28854.75 0 1.2853210921e-07
29219.999963 0 1.2853210921e-07
29220 0 1.3733867788e-07
29585.249963 0 1.3733867788e-07
29585.25 0 1.46137719565e-07
29950.499963 0 1.46137719565e-07
29950.5 0 1.548703869575e-07
30315.749963 0 1.548703869575e-07
30315.75 0 1.634812541e-07
30680.999963 0 1.634812541e-07
30681 0 1.719155793075e-07
31046.249963 0 1.719155793075e-07
31046.25 0 1.801186208925e-07
31411.499963 0 1.801186208925e-07
31411.5 0 1.880397427975e-07
31776.749963 0 1.880397427975e-07
31776.75 0 1.95630361775e-07
32141.999963 0 1.95630361775e-07
32142 0 2.02846684475e-07
32507.249963 0 2.02846684475e-07
32507.25 0 2.096462860975e-07
32872.499963 0 2.097049965775e-07
32872.5 0 2.1605338809e-07
33237.749963 0 2.1605338809e-07
33237.75 0 2.2206570842e-07
33602.999963 0 2.2206570842e-07
33603 0 2.2752566735e-07
33968.249963 0 2.2752566735e-07
33968.25 0 2.3241341547e-07
34333.499963 0 2.3241341547e-07
34333.5 0 2.367097878175e-07
34698.749963 0 2.367097878175e-07
34698.75 0 2.40404517455e-07
35063.999963 0 2.40404517455e-07
35064 0 2.434914442175e-07
36890.25 0 2.499144421625e-07
38716.499963 0 2.450882956875e-07
38716.5 0 2.426899383975e-07
39081.749963 0 2.426899383975e-07
39081.75 0 2.3986310746e-07
39446.999963 0 2.3986310746e-07
39447 0 2.366529774125e-07
39812.249963 0 2.366529774125e-07
39812.25 0 2.330663928825e-07
40177.499963 0 2.330663928825e-07
40177.5 0 2.291581108825e-07
40542.749963 0 2.291581108825e-07
40542.75 0 2.249486652975e-07
40907.999963 0 2.249486652975e-07
40908 0 2.2047227926e-07
41273.249963 0 2.2047227926e-07
41273.25 0 2.157494866525e-07
41638.499963 0 2.157494866525e-07
41638.5 0 2.1083504449e-07
42003.749963 0 2.1083504449e-07
42003.75 0 2.05722108145e-07
42368.999963 0 2.05722108145e-07
42369 0 2.0047227926e-07
42734.249963 0 2.0047227926e-07
42734.25 0 1.95092402465e-07
43099.499963 0 1.95092402465e-07
43099.5 0 1.896098562625e-07
43464.749963 0 1.896098562625e-07
43464.75 0 1.84052019165e-07
43829.999963 0 1.84052019165e-07
43830 0 1.783800166875e-07
44195.249963 0 1.783800166875e-07
44195.25 0 1.727352959725e-07
44560.499963 0 1.727352959725e-07
44560.5 0 1.670974173425e-07
44925.749963 0 1.670974173425e-07
44925.75 0 1.614526966275e-07
45290.999963 0 1.614526966275e-07
45291 0 1.55835344255e-07
45656.249963 0 1.55835344255e-07
45656.25 0 1.502658864825e-07
46021.499963 0 1.502658864825e-07
46021.5 0 1.44737481225e-07
46386.749963 0 1.44737481225e-07
46386.75 0 1.3929802308e-07
46751.999963 0 1.3929802308e-07
46752 0 1.339201437075e-07
47117.249963 0 1.339201437075e-07
47117.25 0 1.28638053535e-07
47482.499963 0 1.28638053535e-07
47482.5 0 1.2345859465e-07
47847.749963 0 1.2345859465e-07
47847.75 0 1.183817670475e-07
48212.999963 0 1.183817670475e-07
48213 0 1.13421254905e-07
48578.249963 0 1.13421254905e-07
48578.25 0 1.08583900305e-07
48943.499963 0 1.08583900305e-07
48943.5 0 1.03869703245e-07
49308.749963 0 1.03869703245e-07
49308.75 0 9.92855058175e-08
49673.999963 0 9.92855058175e-08
49674 0 9.48381501025e-08
50039.249963 0 9.48381501025e-08
50039.25 0 9.051395193e-08
50404.499963 0 9.051395193e-08
50404.5 0 8.63402796425e-08
50769.749963 0 8.63402796425e-08
50769.75 0 8.22897649e-08
51134.999963 0 8.22897649e-08
51135 0 7.83897760425e-08
51500.249963 0 7.83897760425e-08
51500.25 0 7.46197868125e-08
51865.499963 0 7.46197868125e-08
51865.5 0 7.09934813825e-08
52230.749963 0 7.09934813825e-08
52230.75 0 6.74971755825e-08
52595.999963 0 6.74971755825e-08
52596 0 6.41377114975e-08
52961.249963 0 6.41377114975e-08
52961.25 0 6.0915089125e-08
53326.499963 0 6.0915089125e-08
53326.5 0 5.7815624295e-08
53691.749963 0 5.7815624295e-08
53691.75 0 5.4846159095e-08
54056.999963 0 5.4846159095e-08
54057 0 5.19998514375e-08
54422.249963 0 5.19998514375e-08
54422.25 0 4.92835434075e-08
54787.499963 0 4.92835434075e-08
54787.5 0 4.667670875e-08
57344.25 0 3.152148889e-08
60631.5 0 1.85009997745e-08
64649.25 0 9.305236573e-09
69397.5 0 3.97525180075e-09
79989.75 0 5.336826858e-10
90582 0 6.157877144e-11
113957.99996 0 6.8420857155e-12
113958 0 0.0
384242.99996 0 0.0
