0 0 4.3806088305e-06
365.2499635 0 4.3806088305e-06
365.25 0 4.899824713e-06
730.4999635 0 4.899824713e-06
730.5 0 5.4479175465e-06
1095.7499635 0 5.4479175465e-06
1095.75 0 6.02279940325e-06
1460.9999635 0 6.02279940325e-06
1461 0 6.621713665e-06
1826.2499635 0 6.621713665e-06
1826.25 0 7.241391963e-06
2191.4999635 0 7.241391963e-06
2191.5 0 7.8783953485e-06
2556.7499635 0 7.8783953485e-06
2556.75 0 8.529373585e-06
2921.9999635 0 8.529373585e-06
2922 0 9.19118114575e-06
3287.2499635 0 9.19118114575e-06
3287.25 0 9.861034154e-06
3652.4999635 0 9.861034154e-06
3652.5 0 1.053635344375e-05
4017.7499635 0 1.053635344375e-05
4017.75 0 1.1214948792e-05
4382.9999635 0 1.1214948792e-05
4383 0 1.18947050415e-05
4748.2499635 0 1.18947050415e-05
4748.25 0 1.257377997925e-05
5113.4999635 0 1.257377997925e-05
5113.5 0 1.325046786825e-05
5478.7499635 0 1.325046786825e-05
5478.75 0 1.3923131212e-05
5843.9999635 0 1.3923131212e-05
5844 0 1.459040545625e-05
6209.2499635 0 1.459040545625e-05
6209.25 0 1.525065311525e-05
6574.4999635 0 1.525065311525e-05
6574.5 0 1.5902646113e-05
6939.7499635 0 1.5902646113e-05
6939.75 0 1.654508814225e-05
7304.9999635 0 1.654508814225e-05
7305 0 1.717668289875e-05
7670.2499635 0 1.717668289875e-05
7670.25 0 1.779633878075e-05
8035.499963 0 1.779633878075e-05
8035.5 0 1.8402759487e-05
8400.749963 0 1.8402759487e-05
8400.75 0 1.8994989885e-05
8765.999963 0 1.8994989885e-05
8766 0 1.9571870139e-05
9131.249963 0 1.9571870139e-05
9131.25 0 2.0132513347e-05
9496.499963 0 2.0132513347e-05
9496.5 0 2.0675827902e-05
9861.749963 0 2.0675827902e-05
9861.75 0 2.12009951285e-05
10226.999963 0 2.12009951285e-05
10227 0 2.170733281675e-05
10592.249963 0 2.170733281675e-05
10592.25 0 2.21936811075e-05
10957.499963 0 2.21936811075e-05
10957.5 0 2.2659767183e-05
11322.749963 0 2.27301775545e-05
11322.75 0 2.3176291688e-05
11687.999963 0 2.3176291688e-05
11688 0 2.36007803785e-05
12053.249963 0 2.36007803785e-05
12053.25 0 2.400275391925e-05
12418.499963 0 2.400275391925e-05
12418.5 0 2.4382075501e-05
12783.749963 0 2.4382075501e-05
12783.75 0 2.473799228325e-05
13148.999963 0 2.473799228325e-05
13149 0 2.50702305475e-05
13514.249963 0 2.50702305475e-05
13514.25 0 2.53784480975e-05
13879.499963 0 2.53784480975e-05
13879.5 0 2.56619605e-05
14244.749963 0 2.56619605e-05
14244.75 0 2.5920220185e-05
14609.999963 0 2.5920220185e-05
14610 0 2.6152611115e-05
16436.25 0 2.69085305875e-05
17897.249963 0 2.7014377515e-05
20453.999963 0 2.629393714e-05
20454 0 2.5966075675e-05
21549.749963 0 2.547216295e-05
21549.75 0 2.5197827475e-05
21914.999963 0 2.5197827475e-05
21915 0 2.490569511975e-05
22280.249963 0 2.490569511975e-05
22280.25 0 2.4599187844e-05
22645.499963 0 2.4599187844e-05
22645.5 0 2.427625193025e-05
23010.749963 0 2.427625193025e-05
23010.75 0 2.39416782615e-05
23375.999963 0 2.39416782615e-05
23376 0 2.35947821355e-05
23741.249963 0 2.35947821355e-05
23741.25 0 2.3235563176e-05
24106.499963 0 2.3235563176e-05
24106.5 0 2.28674433265e-05
24471.749963 0 2.28674433265e-05
24471.75 0 2.248973805625e-05
24836.999963 0 2.248973805625e-05
24837 0 2.210381574275e-05
25202.249963 0 2.210381574275e-05
25202.25 0 2.17124141685e-05
25567.499963 0 2.17124141685e-05
25567.5 0 2.13134796715e-05
25932.749963 0 2.13134796715e-05
25932.75 0 2.090974989725e-05
26297.999963 0 2.090974989725e-05
26298 0 2.0501909035e-05
26663.249963 0 2.0501909035e-05
26663.25 0 2.009132580425e-05
27028.499963 0 2.009132580425e-05
27028.5 0 1.967800027375e-05
27393.749963 0 1.967800027375e-05
27393.75 0 1.9262616427e-05
27758.999963 0 1.9262616427e-05
27759 0 1.87643362935e-05
28124.249963 0 1.87643362935e-05
28124.25 0 1.835007309375e-05
28489.499963 0 1.835007309375e-05
28489.5 0 1.793648626025e-05
28854.749963 0 1.793648626025e-05
28854.75 0 1.7522894452e-05
29219.999963 0 1.7522894452e-05
29220 0 1.711202330475e-05
29585.249963 0 1.711202330475e-05
29585.25 0 1.670319147775e-05
29950.499963 0 1.670319147775e-05
29950.5 0 1.6296398835e-05
30315.749963 0 1.6296398835e-05
30315.75 0 1.5894371421e-05
30680.999963 0 1.5894371421e-05
30681 0 1.549438319075e-05
31046.249963 0 1.549438319075e-05
31046.25 0 1.509984173475e-05
31411.499963 0 1.509984173475e-05
31411.5 0 1.47093840305e-05
31776.749963 0 1.47093840305e-05
31776.75 0 1.432301014625e-05
32141.999963 0 1.432301014625e-05
32142 0 1.3942083172e-05
32507.249963 0 1.3942083172e-05
32507.25 0 1.35672845855e-05
32872.499963 0 1.35672845855e-05
32872.5 0 1.319725163675e-05
33237.749963 0 1.319725163675e-05
33237.75 0 1.28333471435e-05
33968.249963 0 1.2475571515e-05
33968.25 0 1.212392468275e-05
34333.499963 0 1.212392468275e-05
34333.5 0 1.177772530625e-05
34698.749963 0 1.177772530625e-05
34698.75 0 1.14390178845e-05
35063.999963 0 1.14390178845e-05
35064 0 1.11064397365e-05
35429.249963 0 1.11064397365e-05
35429.25 0 1.0779990862e-05
35794.499963 0 1.0779990862e-05
35794.5 0 1.04603530105e-05
36159.749963 0 1.04603530105e-05
36159.75 0 1.0148207591e-05
36524.999963 0 1.0148207591e-05
36525 0 9.841510445e-06
36890.249963 0 9.841510445e-06
36890.25 0 9.54230620825e-06
37255.499963 0 9.54230620825e-06
37255.5 0 9.24923192625e-06
37620.749963 0 9.24923192625e-06
37620.75 0 8.96296921275e-06
37985.999963 0 8.96296921275e-06
37986 0 8.68351840825e-06
38351.249963 0 8.68351840825e-06
38351.25 0 8.4108793765e-06
38716.499963 0 8.4108793765e-06
38716.5 0 8.14437104925e-06
39081.749963 0 8.14437104925e-06
39081.75 0 7.8839933585e-06
39446.999963 0 7.8839933585e-06
39447 0 7.631109531e-06
39812.249963 0 7.631109531e-06
39812.25 0 7.38435674875e-06
40177.499963 0 7.38435674875e-06
40177.5 0 7.14305353475e-06
40542.749963 0 7.14305353475e-06
40542.75 0 6.90924459275e-06
40907.999963 0 6.90924459275e-06
40908 0 6.6802041505e-06
41273.249963 0 6.6802041505e-06
41273.25 0 6.458658185e-06
41638.499963 0 6.458658185e-06
41638.5 0 6.241880992e-06
46021.5 0 4.0793437605e-06
50769.75 0 2.49118789075e-06
56248.5 0 1.3596144733e-06
62457.75 0 6.5684677295e-07
62823 0 6.28184594575e-07
73780.5 0 1.585319561875e-07
90582 0 1.642359878975e-08
178972.49996 0 6.814771282000001e-14
384242.99996 0 0.0
