0 0 930215.4656
365.2499635 0 930215.4656
365.25 0 872089.826875
730.4999635 0 872089.826875
730.5 0 817877.5433
1095.7499635 0 817877.5433
1095.75 0 767270.746025
1460.9999635 0 767270.746025
1461 0 719995.773825
1826.2499635 0 719995.773825
1826.25 0 675792.648625
2191.4999635 0 676098.562625
2191.5 0 634722.7926
2556.7499635 0 634722.7926
2556.75 0 595995.893225
2921.9999635 0 595995.893225
2922 0 559726.214925
3287.2499635 0 559726.214925
3287.25 0 525742.642025
3652.4999635 0 525742.642025
3652.5 0 493894.59275
4017.7499635 0 493894.59275
4017.75 0 464031.485275
4382.9999635 0 464031.485275
4383 0 436030.11635
4748.2499635 0 436030.11635
4748.25 0 409780.971925
5113.4999635 0 409780.971925
5113.5 0 385154.0041
5478.7499635 0 385154.0041
5478.75 0 362067.07735
5843.9999635 0 362067.07735
5844 0 340403.833
6209.2499635 0 340403.833
6209.25 0 320088.98015
6574.4999635 0 320088.98015
6574.5 0 301040.3833
6939.7499635 0 301040.3833
6939.75 0 283155.373025
7304.9999635 0 283155.373025
7305 0 266386.03695
7670.2499635 0 266386.03695
7670.25 0 250650.23955
8035.499963 0 250650.23955
8035.5 0 235886.3791925
8400.749963 0 235886.3791925
8400.75 0 222019.164955
8765.999963 0 222019.164955
8766 0 209007.52909
9131.249963 0 209007.52909
9131.25 0 196796.71458
9496.499963 0 196796.71458
9496.5 0 185318.275155
9861.749963 0 185318.275155
9861.75 0 174551.6769325
10226.999963 0 174551.6769325
10227 0 164414.784395
10592.249963 0 164414.784395
10592.25 0 154907.597535
10957.499963 0 154907.597535
10957.5 0 145954.8254625
11322.749963 0 145954.8254625
11322.75 0 137535.9342925
11687.999963 0 137535.9342925
11688 0 129623.5455175
12053.249963 0 129623.5455175
12053.25 0 122162.9021225
12418.499963 0 122162.9021225
12418.5 0 115140.3148525
12783.749963 0 115140.3148525
12783.75 0 108528.4052025
13148.999963 0 108528.4052025
13149 0 102286.1054075
13514.249963 0 102286.1054075
13514.25 0 96399.726215
13879.499963 0 96399.726215
13879.5 0 90841.8891175
14244.749963 0 90841.8891175
14244.75 0 85605.7494875
14610 0 80650.2395625
14975.249963 0 80650.2395625
14975.25 0 75975.3593425
15340.499963 0 75975.3593425
15340.5 0 71560.5749475
15705.749963 0 71560.5749475
15705.75 0 67385.3524975
16070.999963 0 67385.3524975
16071 0 63449.6919925
16436.249963 0 63449.6919925
16436.25 0 59733.0595475
16801.499963 0 59733.0595475
16801.5 0 55908.613895
17166.749963 0 55908.613895
17166.75 0 52297.2361025
17531.999963 0 52297.2361025
17532 0 49727.0726575
17897.249963 0 49727.0726575
17897.25 0 46235.4551675
18262.499963 0 46235.4551675
18262.5 0 42960.3845025
18627.749963 0 42960.3845025
18992.999963 0 40591.87596
19358.249963 0 37923.33986
19723.5 0 33814.215885
20454 0 29575.6331275
21184.499963 0 27802.8747425
21914.999963 0 24565.3661875
22280.25 0 21704.312115
23010.749963 0 20410.677618
23376 0 18035.59206025
24471.75 0 14989.7330595
25202.249963 0 14093.08692675
25567.5 0 12470.9103355
26663.249963 0 11026.69404525
27758.999963 0 9185.48939075
28854.749963 0 7638.603696
30681 0 5297.741273
35063.999963 0 2696.78302525
39081.749963 0 1348.391512675
41273.249963 0 917.1800137
41638.499963 0 862.42299795
42003.749963 0 807.6659822
42368.999963 0 759.753593425
43099.5 0 622.861054075
47117.25 0 301.163586575
50039.25 0 184.8049281325
52961.249963 0 116.3586584525
58439.999963 0 47.912388775
69397.5 0 0.0
88025.249963 0 6.84462696775
88025.25 0 0.0
384242.99996 0 0.0
