0 0 207.8535249825
365.2499635 0 207.8535249825
365.25 0 171.11704312
730.4999635 0 171.11704312
730.5 0 139.5804243675
1095.7499635 0 139.5804243675
1095.75 0 113.6132785775
1460.9999635 0 113.6132785775
1461 0 91.943189595
1826.2499635 0 91.943189595
1826.25 0 73.87816564
2191.4999635 0 73.87816564
2191.5 0 58.925393565
2556.7499635 0 58.925393565
2556.75 0 46.6974674875
2921.9999635 0 46.6974674875
2922 0 36.8165639975
3287.2499635 0 36.8165639975
3287.25 0 28.9103353875
3652.4999635 0 28.9103353875
3652.5 0 22.62491444225
4017.7499635 0 22.62491444225
4017.75 0 17.6536618755
4382.9999635 0 17.6536618755
4383 0 13.7392197125
4748.2499635 0 13.7392197125
4748.25 0 10.66666666675
5113.4999635 0 10.66666666675
5113.5 0 8.26351813825
5478.7499635 0 8.26351813825
5478.75 0 6.3894592745
5843.9999635 0 6.3894592745
5844 0 4.932238193
6209.2499635 0 4.932238193
6209.25 0 3.80219028075
6574.4999635 0 3.80219028075
6574.5 0 2.92813141675
6939.7499635 0 2.92813141675
6939.75 0 2.2532511978
7304.9999635 0 2.2532511978
7305 0 1.73442847365
7670.2499635 0 1.73442847365
7670.25 0 1.334017796025
8035.499963 0 1.334017796025
8035.5 0 1.026694045175
8400.749963 0 1.026694045175
8400.75 0 0.791923340175
8765.999963 0 0.791923340175
8766 0 0.610540725525
9131.249963 0 0.610540725525
9131.25 0 0.471594798075
9496.499963 0 0.471594798075
9496.5 0 0.365503080075
9861.749963 0 0.365503080075
9861.75 0 0.28473648185
10226.999963 0 0.28473648185
10227 0 0.22108145106
10592.249963 0 0.22108145106
10592.25 0 0.1738535249825
10957.499963 0 0.1738535249825
10957.5 0 0.1368925393575
11322.749963 0 0.1368925393575
11322.75 0 0.1088295687875
11687.999963 0 0.1088295687875
11688 0 0.0869267624925
12053.249963 0 0.0869267624925
12053.25 0 0.069130732375
12418.499963 0 0.069130732375
12418.5 0 0.0568104038325
12783.749963 0 0.0568104038325
12783.75 0 0.04654346338
13148.999963 0 0.04654346338
13149 0 0.03832991102
13514.249963 0 0.03832991102
13514.25 0 0.03216974675
13879.499963 0 0.03216974675
13879.5 0 0.026694045175
14244.749963 0 0.026694045175
14244.75 0 0.0232717316905
14609.999963 0 0.0232717316905
14610 0 0.01916495551
14975.249963 0 0.01916495551
14975.25 0 0.0171115674195
15340.499963 0 0.0171115674195
15340.5 0 0.0143737166325
15705.749963 0 0.0143737166325
15705.75 0 0.012320328542
16070.999963 0 0.012320328542
16071 0 0.0109514031485
16436.249963 0 0.0109514031485
16436.25 0 0.009582477755
16801.499963 0 0.009582477755
16801.5 0 0.00826788417175
17166.749963 0 0.00826788417175
17166.75 0 0.006996584848
17531.999963 0 0.006996584848
17532 0 0.00663833727725
17897.249963 0 0.00663833727725
17897.25 0 0.00547570157425
18262.499963 0 0.00547570157425
18262.5 0 0.00483909212175
18627.749963 0 0.00483909212175
18627.75 0 0.00409618793875
18992.999963 0 0.00409618793875
18993 0 0.0033850484815
19358.249963 0 0.0033850484815
19358.25 0 0.003422313484
19723.499963 0 0.003422313484
19723.5 0 0.00273785078725
20088.749963 0 0.00273785078725
20088.75 0 0.00205338809035
20453.999963 0 0.00205338809035
20454 0 0.00273785078725
20819.249963 0 0.00273785078725
20819.25 0 0.001368925393575
21184.499963 0 0.001368925393575
21184.5 0 0.00205338809035
21549.749963 0 0.00205338809035
21549.75 0 0.001368925393575
21914.999963 0 0.001368925393575
21915 0 0.001368925393575
22280.249963 0 0.001368925393575
22280.25 0 0.000684462696775
22645.499963 0 0.000684462696775
22645.5 0 0.001368925393575
23010.749963 0 0.001368925393575
23010.75 0 0.000684462696775
23375.999963 0 0.000684462696775
23376 0 0.000684462696775
23741.249963 0 0.000684462696775
23741.25 0 0.000684462696775
24106.499963 0 0.000684462696775
24106.5 0 0.000684462696775
24471.749963 0 0.000684462696775
24471.75 0 0.000684462696775
24836.999963 0 0.000684462696775
24837 0 0.000684462696775
25202.249963 0 0.000684462696775
25202.25 0 0.0
25567.499963 0 0.0
25567.5 0 0.000684462696775
25932.749963 0 0.000684462696775
25932.75 0 0.0
26297.999963 0 0.0
26298 0 0.000684462696775
26663.249963 0 0.000684462696775
26663.25 0 0.0
27028.499963 0 0.0
27028.5 0 0.0
27393.749963 0 0.0
27393.75 0 0.000684462696775
27758.999963 0 0.000684462696775
27759 0 0.0
28124.249963 0 0.0
28124.25 0 0.0
28489.499963 0 0.0
28489.5 0 0.0
28854.749963 0 0.0
28854.75 0 0.000684462696775
29219.999963 0 0.000684462696775
29220 0 0.0
29585.249963 0 0.0
29585.25 0 0.0
29950.499963 0 0.0
29950.5 0 0.0
30315.749963 0 0.0
30315.75 0 0.0
30680.999963 0 0.0
30681 0 0.0
31046.249963 0 0.0
31046.25 0 0.0
31411.499963 0 0.0
31411.5 0 0.0
31776.749963 0 0.0
31776.75 0 0.0
32141.999963 0 0.0
32142 0 0.000684462696775
32507.249963 0 0.000684462696775
32507.25 0 0.0
384242.99996 0 0.0
