0 0 153.8156877475
365.2499635 0 153.8156877475
365.25 0 148.526823645
730.4999635 0 148.526823645
730.5 0 143.384397235
1095.7499635 0 143.384397235
1095.75 0 138.3836184975
1460.9999635 0 138.3836184975
1461 0 133.5114859575
1826.2499635 0 133.5114859575
1826.25 0 128.7604724425
2191.4999635 0 128.7604724425
2191.5 0 124.12373507
2556.7499635 0 124.12373507
2556.75 0 119.5971681075
2921.9999635 0 119.5971681075
2922 0 115.18145585
3287.2499635 0 115.18145585
3287.25 0 110.875229715
3652.4999635 0 110.875229715
3652.5 0 106.6812268575
4017.7499635 0 106.70841889
4017.75 0 102.6276522925
4382.9999635 0 102.6276522925
4383 0 98.6618754275
4748.2499635 0 98.6618754275
4748.25 0 94.813141685
5113.4999635 0 94.813141685
5113.5 0 91.0821355225
5478.7499635 0 91.0821355225
5478.75 0 87.468172485
5843.9999635 0 87.468172485
5844 0 83.9726214925
6209.2499635 0 83.9726214925
6209.25 0 80.5934291575
6574.4999635 0 80.5934291575
6574.5 0 77.331279945
6939.7499635 0 77.331279945
6939.75 0 74.18275154
7304.9999635 0 74.18275154
7305 0 71.14715948
7670.2499635 0 71.14715948
7670.25 0 68.22313484
8035.499963 0 68.22313484
8035.5 0 65.4065708425
8400.749963 0 65.4065708425
8400.75 0 62.696783025
8765.999963 0 62.696783025
8766 0 60.0896646125
9131.249963 0 60.0896646125
9131.25 0 57.5831622175
9496.499963 0 57.5831622175
9496.5 0 55.17522245
9861.749963 0 55.17522245
9861.75 0 52.86036961
10226.999963 0 52.86036961
10227 0 50.638603695
10592.249963 0 50.638603695
10592.25 0 48.5044490075
10957.499963 0 48.5044490075
10957.5 0 46.45653662
11322.749963 0 46.45653662
11322.75 0 44.4914442175
11687.999963 0 44.4914442175
11688 0 42.605065025
12053.249963 0 42.605065025
12053.25 0 40.7973990425
12418.499963 0 40.7973990425
12418.5 0 39.062286105
12783.749963 0 39.062286105
12783.75 0 37.39835729
13148.999963 0 37.39835729
13149 0 35.803559205
13514.249963 0 35.803559205
13514.25 0 34.2744695425
13879.499963 0 34.2744695425
13879.5 0 32.808350445
14244.749963 0 32.808350445
14244.75 0 31.40383299
14609.999963 0 31.40383299
14610 0 30.05612594
14975.249963 0 30.05612594
14975.25 0 28.765229295
15340.499963 0 28.765229295
15340.5 0 27.5284052025
15705.749963 0 27.5284052025
15705.75 0 26.3422313475
16070.999963 0 26.3422313475
16071 0 25.2060232725
16436.249963 0 25.2060232725
16436.25 0 24.1163586585
16801.499963 0 24.1163586585
16801.5 0 22.98058405525
17166.749963 0 22.98058405525
17166.75 0 21.8775541155
17531.999963 0 21.8775541155
17532 0 20.71257159475
17897.25 0 20.26159687375
18262.499963 0 20.26159687375
18262.5 0 18.7010514585
18627.749963 0 18.7010514585
18627.75 0 17.96833406375
18992.999963 0 17.96833406375
18993 0 17.1967072495
19358.249963 0 17.1967072495
19358.25 0 16.4321085495
19723.499963 0 16.4321085495
19723.5 0 15.69119032425
20088.749963 0 15.69119032425
20088.75 0 15.400067629
20453.999963 0 15.400067629
20454 0 14.28678987
20819.249963 0 14.28678987
20819.25 0 13.6331279945
21184.499963 0 13.6331279945
21184.5 0 13.00752908975
21549.749963 0 13.00752908975
21549.75 0 12.40930869275
21914.999963 0 12.40930869275
21915 0 11.83709787825
22280.249963 0 11.83709787825
22280.25 0 11.29089664625
22645.499963 0 11.29089664625
22645.5 0 10.76796714575
23010.749963 0 10.76796714575
23010.75 0 10.26830937725
23375.999963 0 10.26830937725
23376 0 9.7912388775
23741.249963 0 9.7912388775
23741.25 0 9.33470225875
24106.499963 0 9.33470225875
24106.5 0 8.8993839835
24471.75 0 8.48254620125
24836.999963 0 8.48254620125
25202.249963 0 8.08418891175
25932.75 0 6.99589322375
27028.499963 0 6.349760438
27758.999963 0 5.76112251875
28854.749963 0 4.975359343
29219.999963 0 4.7371663245
29585.249963 0 4.509924709
31046.25 0 3.52292950025
33603 0 2.484599589325
36159.75 0 1.7453798768
38716.5 0 1.22176591375
41273.25 0 0.8521560575
45656.25 0 0.45653661875
50039.25 0 0.24229979466
54422.25 0 0.1279945242975
58805.25 0 0.0663928815875
74876.25 0 0.006160164271
90947.25 0 0.0
118706.24996 0 0.000684462696775
118706.25 0 0.0
384242.99996 0 0.0
