0 0 7120.6434725
365.2499635 0 7120.6434725
365.25 0 6624.627824
730.4999635 0 6624.627824
730.5 0 6155.27843225
1095.7499635 0 6155.27843225
1095.75 0 5727.29048575
1460.9999635 0 5727.37850775
1461 0 5331.89596175
1826.2499635 0 5331.89596175
1826.25 0 4966.1190965
2191.4999635 0 4966.1190965
2191.5 0 4627.58384675
2556.7499635 0 4627.58384675
2556.75 0 4314.16837775
2921.9999635 0 4314.16837775
2922 0 4023.68240925
3287.2499635 0 4023.68240925
3287.25 0 3754.4147845
3652.4999635 0 3754.4147845
3652.5 0 3504.5859
4017.7499635 0 3504.5859
4017.75 0 3272.75838475
4382.9999635 0 3272.75838475
4383 0 3057.4948665
4748.2499635 0 3057.4948665
4748.25 0 2857.357974
5113.4999635 0 2857.357974
5113.5 0 2671.4579055
5478.7499635 0 2671.4579055
5478.75 0 2498.357289525
5843.9999635 0 2498.357289525
5844 0 2337.303216975
6209.2499635 0 2337.303216975
6209.25 0 2187.26899385
6574.4999635 0 2187.26899385
6574.5 0 2047.433264875
6939.7499635 0 2047.433264875
6939.75 0 1916.974674875
7304.9999635 0 1916.974674875
7305 0 1795.14031485
7670.2499635 0 1795.14031485
7670.25 0 1681.314168375
8035.499963 0 1681.314168375
8035.5 0 1574.880219025
8400.749963 0 1574.880219025
8400.75 0 1475.359342925
8765.999963 0 1475.359342925
8766 0 1381.998631075
9131.249963 0 1381.998631075
9131.25 0 1294.729637225
9496.499963 0 1294.729637225
9496.5 0 1212.799452425
9861.749963 0 1212.799452425
9861.75 0 1136.1396304
10226.999963 0 1136.1396304
10227 0 1064.1341547
10592.249963 0 1064.1341547
10592.25 0 996.71457905
10957.499963 0 996.71457905
10957.5 0 933.4017796
11322.749963 0 933.4017796
11322.75 0 874.12731005
11687.999963 0 874.12731005
11688 0 818.480492825
12053.249963 0 818.480492825
12053.25 0 766.324435325
12418.499963 0 766.324435325
12418.5 0 717.453798775
12783.749963 0 717.453798775
12783.75 0 671.731690625
13148.999963 0 671.731690625
13149 0 628.747433275
13514.249963 0 628.747433275
13514.25 0 588.569472975
14244.75 0 515.67419575
14975.25 0 451.745379875
17166.75 0 299.96436025
18992.999963 0 227.8908727275
20454 0 162.0807665975
24471.75 0 78.0287474325
28489.5 0 37.5085557825
35794.5 0 9.71937029425
43099.5 0 2.464065708425
63918.75 0 0.0
81450.749963 0 0.0684462696775
81450.75 0 0.0
384242.99996 0 0.0
