0 0 4920.86935075
365.2499635 0 4920.86935075
365.25 0 4586.862238
730.4999635 0 4586.862238
730.5 0 4270.4740605
1095.7499635 0 4270.4740605
1095.75 0 3981.74932125
1460.9999635 0 3981.74932125
1461 0 3714.66679275
1826.2499635 0 3715.927447
1826.25 0 3468.64476375
2191.4999635 0 3468.64476375
2191.5 0 3239.596167
2556.7499635 0 3239.596167
2556.75 0 3027.28952775
2921.9999635 0 3027.28952775
2922 0 2830.45859
3287.2499635 0 2830.45859
3287.25 0 2647.70705
3652.4999635 0 2647.70705
3652.5 0 2478.0971937
4017.7499635 0 2478.0971937
4017.75 0 2320.396988375
4382.9999635 0 2320.396988375
4383 0 2173.785078725
4748.2499635 0 2173.785078725
4748.25 0 2037.440109525
5113.4999635 0 2037.440109525
5113.5 0 1910.403833
5478.7499635 0 1910.403833
5478.75 0 1792.060232725
5843.9999635 0 1792.060232725
5844 0 1681.724846
6209.2499635 0 1681.724846
6209.25 0 1578.5763176
6574.4999635 0 1578.5763176
6574.5 0 1482.340862425
6939.7499635 0 1482.340862425
6939.75 0 1392.265571525
7304.9999635 0 1392.265571525
7305 0 1307.871321025
7670.2499635 0 1307.871321025
7670.25 0 1228.8843258
8035.499963 0 1228.8843258
8035.5 0 1154.688569475
8400.749963 0 1154.688569475
8400.75 0 1085.0787132
8765.999963 0 1085.0787132
8766 0 1019.6440794
9131.249963 0 1019.6440794
9131.25 0 958.179329225
9496.499963 0 958.179329225
9496.5 0 900.410677625
9861.749963 0 900.410677625
9861.75 0 846.132785775
10226.999963 0 846.132785775
10227 0 794.93497605
10592.249963 0 794.93497605
10592.25 0 746.885694725
10957.499963 0 746.885694725
10957.5 0 701.642710475
11322.749963 0 701.642710475
11322.75 0 659.137577
11687.999963 0 659.137577
11688 0 619.09650925
12053.249963 0 619.09650925
12053.25 0 581.519507175
12418.499963 0 581.519507175
12418.5 0 546.201232025
12783.749963 0 546.201232025
12783.75 0 512.936344975
13148.999963 0 512.936344975
13149 0 481.656399725
13514.249963 0 481.656399725
13514.25 0 452.3613963
13879.499963 0 452.3613963
13879.5 0 424.777549625
14244.749963 0 424.777549625
14610 0 374.60643395
14975.249963 0 374.60643395
14975.25 0 351.745379875
15340.499963 0 351.745379875
15705.75 0 310.198494175
16070.999963 0 310.198494175
16071 0 291.30732375
16436.249963 0 291.30732375
16436.25 0 273.511293625
16801.5 0 255.4185646
17166.749963 0 255.4185646
17897.249963 0 226.1503944125
18262.499963 0 209.650924025
18262.5 0 194.370200225
18993 0 172.6996152825
19358.25 0 160.0273785075
19723.5 0 150.171115675
20088.75 0 140.9308692675
20453.999963 0 140.9308692675
20454 0 132.16974675
20819.249963 0 132.16974675
20819.25 0 123.9561943875
21184.499963 0 123.9561943875
21184.5 0 116.2902121825
21549.749963 0 116.2902121825
21549.75 0 109.0349075975
21914.999963 0 109.0349075975
22280.25 0 95.89322382
22645.499963 0 95.89322382
22645.5 0 90.0068446275
23010.749963 0 90.0068446275
23376 0 79.0554414775
23741.249963 0 79.0554414775
23741.25 0 74.1957563325
24106.499963 0 74.1957563325
24471.75 0 65.2292950025
24836.999963 0 65.2292950025
24837 0 61.1225188225
25202.249963 0 61.1225188225
25567.499963 0 57.28952772
26663.249963 0 47.2279260775
27758.999963 0 38.8774811775
29585.25 0 26.2833675575
31776.749963 0 18.89117043125
33602.999963 0 13.55236139625
37255.5 0 6.63928815875
41273.249963 0 3.35386721425
44925.75 0 1.5742642026
47482.5 0 0.9582477755
50039.249963 0 0.75290896645
50404.499963 0 0.547570157425
50769.749963 0 0.684462696775
51500.249963 0 0.547570143425
52595.999963 0 0.410677607575
54787.5 0 0.273785078725
64649.249963 0 0.0684462696775
84007.5 0 3.4223134840000003e-19
93869.25 0 0.0
104096.24996 0 6.844626967750001e-20
384242.99996 0 0.0
