0 0 7.3755520155e-13
9496.499963 0 5.80201941275e-07
16801.499963 0 0.00320987509825
18992.999963 0 0.01956304752925
20453.999963 0 0.054211302805
20454 0 0.0762389124175
21184.499963 0 0.0770885315625
21184.5 0 0.105549510655
21549.749963 0 0.105549510655
21549.75 0 0.129107250075
21914.999963 0 0.129107250075
21915 0 0.156728781335
22280.249963 0 0.156728781335
22280.25 0 0.1888019193225
22645.499963 0 0.1888019193225
22645.5 0 0.2256668729025
23010.749963 0 0.2256668729025
23010.75 0 0.2675997843
23375.999963 0 0.2675997843
23376 0 0.314791897225
23741.249963 0 0.314791897225
23741.25 0 0.367339516525
24106.499963 0 0.367339516525
24106.5 0 0.42523103095
24471.749963 0 0.42523103095
24471.75 0 0.488343498175
24836.999963 0 0.488343498175
24837 0 0.556446059725
25202.249963 0 0.556446059725
25202.25 0 0.62920062405
25567.499963 0 0.62920062405
25567.5 0 0.706176209875
25932.749963 0 0.706176209875
25932.75 0 0.7868578252
26297.999963 0 0.7868578252
26298 0 0.870664908875
26663.249963 0 0.870664908875
26663.25 0 0.956964307675
27028.499963 0 0.956964307675
27028.5 0 1.0450853026
27393.749963 0 1.0450853026
27393.75 0 1.134355125725
27758.999963 0 1.134355125725
27759 0 1.22405524715
28124.249963 0 1.22405524715
28124.25 0 1.31353680435
28489.499963 0 1.31353680435
28489.5 0 1.40211678415
28854.749963 0 1.40211678415
28854.75 0 1.489166814425
29219.999963 0 1.489166814425
29220 0 1.5741131641
29585.249963 0 1.5741131641
29585.25 0 1.65637527195
29950.499963 0 1.65637527195
29950.5 0 1.7369844879
30315.749963 0 1.7369844879
30315.75 0 1.81390543265
30680.999963 0 1.81390543265
30681 0 1.886755618825
31046.249963 0 1.886755618825
31046.25 0 1.955166219325
31411.499963 0 1.955166219325
31411.5 0 2.018850368575
31776.749963 0 2.02313483915
31776.75 0 2.081998631075
32141.999963 0 2.081998631075
32142 0 2.135694729625
32507.249963 0 2.135694729625
32507.25 0 2.18412731005
32872.499963 0 2.18412731005
32872.5 0 2.227200547575
33237.749963 0 2.227200547575
33237.75 0 2.2648733744
33602.999963 0 2.2648733744
33603 0 2.297166324425
33968.249963 0 2.297166324425
33968.25 0 2.324120465425
35064 0 2.37384668035
36159.749963 0 2.382457221075
37985.999963 0 2.32919917865
37986 0 2.307529089675
38351.249963 0 2.307529089675
38351.25 0 2.282683093775
38716.499963 0 2.282683093775
38716.5 0 2.254893908275
39081.749963 0 2.254893908275
39081.75 0 2.224572210825
39446.999963 0 2.224572210825
39447 0 2.19178644765
39812.249963 0 2.19178644765
39812.25 0 2.156741957575
40177.499963 0 2.156741957575
40177.5 0 2.119712525675
40542.749963 0 2.119712525675
40542.75 0 2.08090349075
40907.999963 0 2.08090349075
40908 0 2.0406570842
41273.249963 0 2.0406570842
41273.25 0 1.998904859675
41638.499963 0 1.998904859675
41638.5 0 1.956125941125
42003.749963 0 1.956125941125
42003.75 0 1.912251882275
42368.999963 0 1.912251882275
42369 0 1.867556468175
42734.249963 0 1.867556468175
42734.25 0 1.822381930175
43099.499963 0 1.822381930175
43099.5 0 1.7765229295
43464.749963 0 1.7765229295
43464.75 0 1.73045859
43829.999963 0 1.73045859
43830 0 1.684120465425
44195.249963 0 1.684120465425
44195.25 0 1.632432846325
44560.499963 0 1.632432846325
44560.5 0 1.58624607615
44925.749963 0 1.58624607615
44925.75 0 1.540195751375
45290.999963 0 1.540195751375
45291 0 1.4944183174
45656.249963 0 1.4944183174
45656.25 0 1.449050219675
46021.499963 0 1.449050219675
46021.5 0 1.404023235425
46386.749963 0 1.404023235425
46386.75 0 1.359542032825
46751.999963 0 1.359542032825
46752 0 1.315674834575
47117.249963 0 1.315674834575
47117.25 0 1.272353417925
47482.499963 0 1.272353417925
47482.5 0 1.229850673725
47847.749963 0 1.229850673725
47847.75 0 1.18809837925
48212.999963 0 1.18809837925
48213 0 1.147028311825
48578.249963 0 1.147028311825
48578.25 0 1.1060946898
48943.499963 0 1.1060946898
48943.5 0 1.066184408325
49308.749963 0 1.066184408325
49308.75 0 1.0270927993
49673.999963 0 1.0270927993
49674 0 0.9889563081
50039.249963 0 0.9889563081
50039.25 0 0.951843157475
50404.499963 0 0.951843157475
50404.5 0 0.915616901975
50769.749963 0 0.915616901975
50769.75 0 0.88041398705
51134.999963 0 0.88041398705
51135 0 0.84623441265
51500.249963 0 0.84623441265
51500.25 0 0.8130099561
51865.499963 0 0.8130099561
51865.5 0 0.780808840125
52230.749963 0 0.780808840125
52230.75 0 0.749562841975
52595.999963 0 0.749562841975
52596 0 0.719271961675
52961.249963 0 0.719271961675
52961.25 0 0.689936199225
53326.499963 0 0.689936199225
53326.5 0 0.661623777325
53691.749963 0 0.661623777325
53691.75 0 0.634198250575
54056.999963 0 0.634198250575
54057 0 0.60779606435
54422.249963 0 0.60779606435
54422.25 0 0.5822125506
54787.499963 0 0.5822125506
54787.5 0 0.557584154675
55152.749963 0 0.557584154675
55152.75 0 0.5337744312
55517.999963 0 0.5337744312
55518 0 0.510851602875
55883.249963 0 0.510851602875
55883.25 0 0.488815669675
56248.499963 0 0.488815669675
56248.5 0 0.467598408925
56613.749963 0 0.467598408925
56613.75 0 0.447131597925
56978.999963 0 0.447131597925
56979 0 0.42748345935
57344.249963 0 0.42748345935
57344.25 0 0.4085857705
59170.5 0 0.324808290775
61361.999963 0 0.2567902555
63188.25 0 0.192592691625
67571.25 0 0.1066320853725
73415.25 0 0.0473465561425
82911.75 0 0.012211863904
91677.749963 0 0.00361580327875
100078.5 0 0.000955117847225
160344.74996 0 6.8222703375e-05
160344.75 0 0.0
384242.99996 0 0.0
