0 0 11579.674782
365.2499635 0 11579.674782
365.25 0 10731.64881325
730.4999635 0 10731.64881325
730.5 0 9890.313654
1095.7499635 0 9915.3319645
1095.75 0 9094.3189595
1460.9999635 0 9094.3189595
1461 0 8307.39219725
1826.2499635 0 8307.39219725
1826.25 0 7563.03901425
2191.4999635 0 7563.03901425
2191.5 0 6867.07734425
2556.7499635 0 6867.07734425
2556.75 0 6223.2032855
2921.9999635 0 6223.2032855
2922 0 5632.717317
3287.2499635 0 5632.717317
3287.25 0 5095.208761
3652.4999635 0 5095.208761
3652.5 0 4608.69267625
4017.7499635 0 4608.69267625
4017.75 0 4170.22587275
4382.9999635 0 4170.22587275
4383 0 3775.97535925
4748.2499635 0 3775.97535925
4748.25 0 3421.90280625
5113.4999635 0 3421.90280625
5113.5 0 3103.90143725
5478.7499635 0 3103.90143725
5478.75 0 2818.1382615
5843.9999635 0 2818.1382615
5844 0 2561.12251875
6209.2499635 0 2561.12251875
6209.25 0 2329.637234775
6574.4999635 0 2329.637234775
6574.5 0 2121.0130048
6939.7499635 0 2121.0130048
6939.75 0 1932.785763175
7304.9999635 0 1932.785763175
7305 0 1762.902121825
7670.2499635 0 1762.902121825
7670.25 0 1609.650924025
8035.499963 0 1609.650924025
8035.5 0 1471.252566725
8400.749963 0 1471.252566725
8400.75 0 1346.40657085
8765.999963 0 1346.40657085
8766 0 1233.675564675
9131.249963 0 1233.675564675
9131.25 0 1132.0328542
9496.499963 0 1132.0328542
9496.5 0 1040.246406575
9861.749963 0 1040.246406575
9861.75 0 957.357974
10226.999963 0 957.357974
10227 0 882.4093087
10592.249963 0 882.4093087
10592.25 0 814.6475017
10957.499963 0 814.6475017
10957.5 0 753.319644075
11322.749963 0 753.319644075
11322.75 0 697.60438055
13514.25 0 441.88911705
16070.999963 0 262.149212875
18262.5 0 134.7955994375
25567.5 0 27.78918549
27758.999963 0 19.43874058875
28854.749963 0 15.742642026
29219.999963 0 14.64750171125
29585.249963 0 13.620807666
33237.749963 0 6.77618069825
36890.25 0 3.14852840525
40542.75 0 1.5742642026
50039.249963 0 0.273785078725
59170.5 0 0.0
87659.999963 0 0.0684462696775
87660 0 0.0
384242.99996 0 0.0
