0 0 332660120.2
365.2499635 0 332660120.2
365.25 0 312987551.45
730.4999635 0 312987551.45
730.5 0 294740253.5
1095.7499635 0 294740253.5
1095.75 0 277779325.725
1460.9999635 0 277779325.725
1461 0 261982973.5
1826.2499635 0 261982973.5
1826.25 0 247242402.79
2191.4999635 0 247323066.3925
2191.5 0 233537303.2175
2556.7499635 0 233537303.2175
2556.75 0 220626283.3675
2921.9999635 0 220626283.3675
2922 0 208507871.32
3287.2499635 0 208507871.32
3287.25 0 197106776.18
3652.4999635 0 197106776.18
3652.5 0 186348391.5125
4017.7499635 0 186348391.5125
4017.75 0 176166324.435
4382.9999635 0 176166324.435
4383 0 166496919.9175
4748.2499635 0 166496919.9175
4748.25 0 157291581.11
5113.4999635 0 157291581.11
5113.5 0 148509924.71
5478.7499635 0 148509924.71
5478.75 0 140127310.0625
5843.9999635 0 140127310.0625
5844 0 132128678.9875
6209.2499635 0 132128678.9875
6209.25 0 124503080.0825
6574.4999635 0 124503080.0825
6574.5 0 117249144.4225
6939.7499635 0 117249144.4225
6939.75 0 110362080.7675
7304.9999635 0 110362080.7675
7305 0 103841204.655
7670.2499635 0 103841204.655
7670.25 0 97679671.4575
8035.499963 0 97679671.4575
8035.5 0 91874058.865
8400.749963 0 91874058.865
8400.75 0 86406570.8425
8765.999963 0 86406570.8425
8766 0 81266255.99
9131.249963 0 81266255.99
9131.25 0 76454483.23
9496.499963 0 76454483.23
9496.5 0 71943874.06
9861.749963 0 71943874.06
9861.75 0 67707049.965
10226.999963 0 67707049.965
10227 0 63750855.5775
10592.249963 0 63750855.5775
10592.25 0 60034223.135
10957.499963 0 60034223.135
10957.5 0 56570841.89
11322.749963 0 56570841.89
11322.75 0 53305954.825
11687.999963 0 53305954.825
11688 0 50260095.825
12053.249963 0 50260095.825
12053.25 0 47405886.38
12418.499963 0 47405886.38
12418.5 0 44715947.98
12783.749963 0 44715947.98
12783.75 0 42197125.2575
13148.999963 0 42197125.2575
13149 0 39828884.325
13514.249963 0 39828884.325
13514.25 0 37604380.5625
13879.499963 0 37604380.5625
13879.5 0 35509924.71
14244.749963 0 35509924.71
14244.75 0 33538672.1425
14609.999963 0 33538672.1425
14610 0 31676933.6075
14975.249963 0 31676933.6075
14975.25 0 29931553.73
15340.499963 0 29931553.73
15340.5 0 28275154.005
15705.749963 0 28275154.005
15705.75 0 26714579.055
16070.999963 0 26714579.055
16071 0 25242984.2575
16436.249963 0 25242984.2575
16436.25 0 23860369.60975
16801.499963 0 23860369.60975
16801.5 0 22423682.99975
17166.749963 0 22423682.99975
17166.75 0 21064014.123
17897.249963 0 20092042.78125
17897.25 0 18781656.39975
18262.499963 0 18781656.39975
18262.5 0 17533643.788
18992.999963 0 16785315.82875
18993 0 15667351.12925
19358.25 0 14791238.8775
20088.749963 0 13963039.01425
20453.999963 0 13189596.167
20454 0 12092891.776
21184.499963 0 12054952.1665
21184.5 0 11040383.299
22280.249963 0 9835728.95275
23010.75 0 8268309.37725
24106.499963 0 7364818.6175
24837 0 6167008.898
25932.749963 0 5462012.32025
26663.25 0 4537987.67975
28124.249963 0 3750855.57825
29219.999963 0 3080082.1355
31411.5 0 1909650.924025
35064 0 930869.267625
38716.499963 0 485968.514725
40542.749963 0 342231.3484
41638.499963 0 273785.078725
42003.749963 0 253251.1978
42368.999963 0 239561.943875
45656.25 0 109514.031485
49673.999963 0 54757.0157425
53326.499963 0 27378.5078725
60631.5 0 0.0
76702.499963 0 6844.62696775
76702.5 0 0.0
384242.99996 0 0.0
