0 0 43.301060295
365.2499635 0 43.301060295
365.25 0 40.7161038825
730.4999635 0 40.78918549
730.5 0 38.373100615
1095.7499635 0 38.373100615
1095.75 0 36.046338125
1460.9999635 0 36.046338125
1461 0 33.7737850775
1826.2499635 0 33.7737850775
1826.25 0 31.53449692
2191.4999635 0 31.53449692
2191.5 0 29.319712525
2556.7499635 0 29.319712525
2556.75 0 27.12991102
2921.9999635 0 27.12991102
2922 0 24.97241615325
3287.2499635 0 24.97241615325
3287.25 0 22.8590006845
3652.4999635 0 22.8590006845
3652.5 0 20.80376454475
4017.7499635 0 20.80376454475
4017.75 0 18.82162902125
4382.9999635 0 18.82162902125
4383 0 16.9267624915
4748.2499635 0 16.9267624915
4748.25 0 15.1321013005
5113.4999635 0 15.1321013005
5113.5 0 13.44763860375
5478.7499635 0 13.44763860375
5478.75 0 11.88227241625
5843.9999635 0 11.88227241625
5844 0 10.438056126
6209.2499635 0 10.438056126
6209.25 0 9.1184120465
6574.4999635 0 9.1184120465
6574.5 0 7.9219712525
6939.7499635 0 7.9219712525
6939.75 0 6.841889117
7304.9999635 0 6.841889117
7305 0 5.8767967145
7670.2499635 0 5.8767967145
7670.25 0 5.01848049275
8035.499963 0 5.01848049275
8035.5 0 4.2628336755
8400.749963 0 4.2628336755
8400.75 0 3.60232717325
8765.999963 0 3.60232717325
8766 0 3.03080082125
9131.249963 0 3.03080082125
9131.25 0 2.54209445575
9496.499963 0 2.54209445575
9496.5 0 2.1259411362
9861.749963 0 2.1259411362
9861.75 0 1.77618069815
10226.999963 0 1.77618069815
10227 0 1.482546201225
10592.249963 0 1.482546201225
10592.25 0 1.237508555775
10957.499963 0 1.237508555775
10957.5 0 1.034907597525
11688 0 0.728268309375
13149 0 0.377138945925
18993 0 0.06373304164
20819.249963 0 0.052019164955
21549.749963 0 0.047912388775
21914.999963 0 0.04654346338
22280.249963 0 0.0451745379875
23741.249963 0 0.04038329911
25202.249963 0 0.0376454483225
31046.25 0 0.0280629705675
37255.499963 0 0.01642710472275
43099.5 0 0.00684462696775
51500.249963 0 0.00273785078725
59535.75 0 0.0
93138.749963 0 0.000684462696775
93138.75 0 0.0
384242.99996 0 0.0
