0 0 1126.72991255
365.2499635 0 1126.72991255
365.25 0 1037.846711575
730.4999635 0 1037.846711575
730.5 0 956.32766895
1095.7499635 0 956.413415475
1095.75 0 881.642710475
1460.9999635 0 881.642710475
1461 0 813.039014375
1826.2499635 0 813.039014375
1826.25 0 749.945242975
2191.4999635 0 749.945242975
2191.5 0 691.704312125
2556.7499635 0 691.704312125
2556.75 0 637.75496235
2921.9999635 0 637.75496235
2922 0 587.597535925
3287.2499635 0 587.597535925
3287.25 0 540.917180025
3652.4999635 0 540.917180025
3652.5 0 497.4880219
4017.7499635 0 497.4880219
4017.75 0 457.152635175
4382.9999635 0 457.152635175
4383 0 419.7946612
4748.2499635 0 419.7946612
4748.25 0 385.31827515
5113.4999635 0 385.31827515
5113.5 0 353.59342915
5478.7499635 0 353.59342915
5478.75 0 324.4695414
5843.9999635 0 324.4695414
5844 0 297.83025325
6209.2499635 0 297.83025325
6209.25 0 273.4770705
6574.4999635 0 273.4770705
6574.5 0 251.25941135
6939.7499635 0 251.25941135
6939.75 0 231.026694045
7304.9999635 0 231.026694045
7305 0 212.5804243675
7670.2499635 0 212.5804243675
7670.25 0 195.7973990425
8035.499963 0 195.7973990425
8035.5 0 180.4996577675
8400.749963 0 180.4996577675
8400.75 0 166.557152635
8765.999963 0 166.557152635
8766 0 153.86036961
9131.249963 0 153.86036961
9131.25 0 142.2587269
9496.499963 0 142.2587269
9496.5 0 131.67008898
9861.749963 0 131.67008898
9861.75 0 121.98494182
10226.999963 0 121.98494182
10227 0 113.11430527
10592.249963 0 113.11430527
10592.25 0 104.98973306
10957.499963 0 104.98973306
10957.5 0 97.5359342925
11322.749963 0 97.5359342925
11322.75 0 90.67761807
11687.999963 0 90.67761807
11688 0 84.3737166325
12053.249963 0 84.3737166325
12053.25 0 78.5626283375
12418.499963 0 78.5626283375
12418.5 0 73.2101300475
12783.749963 0 73.2101300475
12783.75 0 68.2546201225
13148.999963 0 68.2546201225
13149 0 63.6824093075
13514.249963 0 63.6824093075
13514.25 0 59.445585215
13879.499963 0 59.445585215
13879.5 0 55.5236139625
14244.749963 0 55.5236139625
14244.75 0 51.882272415
14609.999963 0 51.882272415
14610 0 48.501026695
14975.249963 0 48.501026695
14975.25 0 45.359342915
15340.499963 0 45.359342915
15340.5 0 42.4366872
15705.749963 0 42.4366872
15705.75 0 39.70568104
16070.999963 0 39.70568104
16071 0 37.166324435
16436.249963 0 37.166324435
16436.25 0 34.798083505
16801.499963 0 34.798083505
16801.5 0 32.3864834275
17166.749963 0 32.3864834275
17166.75 0 30.120337485
17531.999963 0 30.120337485
17532 0 28.52671776
17897.249963 0 28.52671776
17897.25 0 26.3723477075
18262.499963 0 26.3723477075
18262.5 0 24.36751721775
18627.749963 0 24.36751721775
18627.75 0 22.92716994475
18992.999963 0 22.92716994475
19358.249963 0 21.30964197275
19723.499963 0 19.924528905
20088.749963 0 18.83596057725
20819.25 0 15.24982888425
21549.75 0 13.34017796025
23741.25 0 8.89117043125
25932.75 0 5.88637919225
27759 0 4.1478439425
29585.25 0 2.90896646125
31411.5 0 2.046543463375
33237.75 0 1.430527036275
40542.75 0 0.34907597535
52230.749963 0 0.0410677618075
63553.5 0 0.0
86198.999963 0 0.00684462696775
86199 0 0.0
384242.99996 0 0.0
