0 0 24.85351679
365.2499635 0 24.86036960975
365.25 0 22.91950718675
730.4999635 0 22.91950718675
730.5 0 21.0216974675
1095.7499635 0 21.0216974675
1095.75 0 19.1823408625
1460.9999635 0 19.1823408625
1461 0 17.4145790555
1826.2499635 0 17.4145790555
1826.25 0 15.72922655725
2191.4999635 0 15.72922655725
2191.5 0 14.1349075975
2556.7499635 0 14.1349075975
2556.75 0 12.63798767975
2921.9999635 0 12.63798767975
2922 0 11.2425051335
3287.2499635 0 11.2425051335
3287.25 0 9.9511293635
3652.4999635 0 9.9511293635
3652.5 0 8.7640657085
4017.7499635 0 8.7640657085
4017.75 0 7.68042436675
4382.9999635 0 7.68042436675
4383 0 6.69780971925
4748.2499635 0 6.69780971925
4748.25 0 5.8125941135
5113.4999635 0 5.8125941135
5113.5 0 5.02039698825
5478.7499635 0 5.02039698825
5478.75 0 4.315742642
5843.9999635 0 4.315742642
5844 0 3.69308692675
6209.2499635 0 3.69308692675
6209.25 0 3.146201232
6574.4999635 0 3.146201232
6574.5 0 2.6686516085
6939.7499635 0 2.6686516085
6939.75 0 2.254140999325
7304.9999635 0 2.254140999325
7305 0 1.8963723477
7670.2499635 0 1.8963723477
7670.25 0 1.5893908282
8035.499963 0 1.5893908282
8035.5 0 1.3271047228
8400.749963 0 1.3271047228
8400.75 0 1.104449007525
8765.999963 0 1.104449007525
8766 0 0.91615331965
9131.249963 0 0.91615331965
9131.25 0 0.757631759075
9496.499963 0 0.757631759075
9496.5 0 0.624982888425
9861.749963 0 0.624982888425
9861.75 0 0.5142368241
10226.999963 0 0.5142368241
10227 0 0.422176591375
10592.249963 0 0.422176591375
10592.25 0 0.345995893225
10957.499963 0 0.345995893225
10957.5 0 0.2830937714
11322.75 0 0.2314168377825
11687.999963 0 0.2314168377825
11688 0 0.1890485968525
12053.249963 0 0.1890485968525
12053.25 0 0.154346338125
12418.5 0 0.1260095824775
12783.749963 0 0.1260095824775
13148.999963 0 0.103011635865
13879.499963 0 0.069062286105
15340.499963 0 0.0322381930175
18262.5 0 0.00817268891675
20088.749963 0 0.005679269771
20453.999963 0 0.00513347022575
20819.249963 0 0.00472279260775
21549.749963 0 0.0041752224505
24471.75 0 0.00232717316905
28854.75 0 0.001026694045175
33237.75 0 0.000410677618075
42003.75 0 0.0
52961.249963 0 6.84462696775e-05
52961.25 0 0.0
384242.99996 0 0.0
