0 0 652.57390935
365.2499635 0 652.57390935
365.25 0 614.637501525
730.4999635 0 614.637501525
730.5 0 578.910403975
1095.7499635 0 578.910403975
1095.75 0 545.15671075
1460.9999635 0 545.15671075
1461 0 513.139832175
1826.2499635 0 513.648186175
1826.25 0 483.114305275
2191.4999635 0 483.114305275
2191.5 0 453.942505125
2556.7499635 0 453.942505125
2556.75 0 426.0643395
2921.9999635 0 426.0643395
2922 0 399.43189595
3287.2499635 0 399.43189595
3287.25 0 374.065708425
3652.4999635 0 374.065708425
3652.5 0 349.979466125
4017.7499635 0 349.979466125
4017.75 0 327.166324425
4382.9999635 0 327.166324425
4383 0 305.639972625
4748.2499635 0 305.639972625
4748.25 0 285.36618755
5113.4999635 0 285.36618755
5113.5 0 266.33127995
5478.7499635 0 266.33127995
5478.75 0 248.4804928125
5843.9999635 0 248.4804928125
5844 0 231.793292265
6209.2499635 0 231.793292265
6209.25 0 216.1806981525
6574.4999635 0 216.1806981525
6574.5 0 201.6084873375
6939.7499635 0 201.6084873375
6939.75 0 188.0219028075
7304.9999635 0 188.0219028075
7305 0 175.35249829
7670.2499635 0 175.35249829
7670.25 0 163.54551677
8035.499963 0 163.54551677
8035.5 0 152.5462012325
8400.749963 0 152.5462012325
8400.75 0 142.313483915
8765.999963 0 142.313483915
8766 0 132.7720739225
9131.249963 0 132.7720739225
9131.25 0 123.894592745
9496.499963 0 123.894592745
9496.5 0 115.633127995
9861.749963 0 115.633127995
9861.75 0 107.9397672825
10226.999963 0 107.9397672825
10227 0 100.7734428475
10592.249963 0 100.7734428475
10592.25 0 94.10677618
10957.499963 0 94.10677618
10957.5 0 87.891854895
11322.749963 0 87.891854895
11322.75 0 82.108145105
11687.999963 0 82.108145105
11688 0 76.714579055
12053.249963 0 76.714579055
12053.25 0 71.6974674875
12418.499963 0 71.6974674875
12418.5 0 67.0157426425
12783.749963 0 67.0157426425
12783.75 0 62.6488706375
13148.999963 0 62.6488706375
13149 0 58.5831622175
13514.249963 0 58.5831622175
13514.25 0 54.78439425
13879.499963 0 54.78439425
13879.5 0 51.252566735
14609.999963 0 47.9397672825
14975.25 0 41.9780971925
15705.749963 0 39.2813141675
16071 0 34.4079397675
16801.5 0 29.976985755
17531.999963 0 27.8840701125
18627.75 0 21.2435447675
20088.749963 0 17.50809824675
21184.5 0 13.36755646825
23376 0 9.10335386725
25567.499963 0 6.63244353175
29585.25 0 3.0663928815
37620.749963 0 0.759753593425
39812.249963 0 0.506502395625
40177.499963 0 0.472279260775
40542.749963 0 0.4449007529
40907.999963 0 0.410677618075
41638.499963 0 0.3627652293
43464.75 0 0.2464065708425
45291 0 0.171115674195
55517.999963 0 0.0273785078725
65379.75 0 0.0
87294.749963 0 0.00684462696775
87294.75 0 0.0
384242.99996 0 0.0
