0 0 108.2352046125
365.2499635 0 108.2352046125
365.25 0 100.2891029575
730.4999635 0 100.381930185
730.5 0 92.658453115
1095.7499635 0 92.658453115
1095.75 0 85.1984941825
1460.9999635 0 85.1984941825
1461 0 78.03285421
1826.2499635 0 78.03285421
1826.25 0 71.18548939
2191.4999635 0 71.18548939
2191.5 0 64.6783025325
2556.7499635 0 64.6783025325
2556.75 0 58.52566735
2921.9999635 0 58.52566735
2922 0 52.7405886375
3287.2499635 0 52.7405886375
3287.25 0 47.3292265575
3652.4999635 0 47.3292265575
3652.5 0 42.2950034225
4017.7499635 0 42.2950034225
4017.75 0 37.6399726225
4382.9999635 0 37.6399726225
4383 0 33.35523614
4748.2499635 0 33.35523614
4748.25 0 29.435318275
5113.4999635 0 29.435318275
5113.5 0 25.8685831625
5478.7499635 0 25.8685831625
5478.75 0 22.6399726215
5843.9999635 0 22.6399726215
5844 0 19.7323750855
6209.2499635 0 19.7323750855
6209.25 0 17.128678987
6574.4999635 0 17.128678987
6574.5 0 14.80766598225
6939.7499635 0 14.80766598225
6939.75 0 12.75085557825
7304.9999635 0 12.75085557825
7305 0 10.9356605065
7670.2499635 0 10.9356605065
7670.25 0 9.3422313485
8035.499963 0 9.3422313485
8035.5 0 7.95003422325
8400.749963 0 7.95003422325
8400.75 0 6.740588638
8765.999963 0 6.740588638
8766 0 5.69336071175
9131.249963 0 5.69336071175
9131.25 0 4.7912388775
9496.499963 0 4.7912388775
9496.5 0 4.0191649555
9861.749963 0 4.0191649555
9861.75 0 3.358658453
10226.999963 0 3.358658453
10227 0 2.79876796725
11687.999963 0 1.590691307325
12783.75 0 0.726899383975
15705.749963 0 0.1834360027375
16436.249963 0 0.1273100616025
16801.499963 0 0.1060917180025
17166.749963 0 0.0879939101125
18262.5 0 0.0451648598025
19723.5 0 0.02743902896
21184.499963 0 0.01916495551
23741.25 0 0.0075290896645
32872.5 0 0.0
40907.999963 0 0.000684462696775
40908 0 0.0
384242.99996 0 0.0
