0 0 675.7377266
365.2499635 0 675.7377266
365.25 0 632.068718025
730.4999635 0 632.068718025
730.5 0 591.058150125
1095.7499635 0 591.058150125
1095.75 0 552.431766475
1460.9999635 0 552.861054075
1461 0 516.310746075
1826.2499635 0 516.310746075
1826.25 0 481.629021225
2191.4999635 0 481.629021225
2191.5 0 448.672142375
2556.7499635 0 448.672142375
2556.75 0 417.39904175
2921.9999635 0 417.39904175
2922 0 387.809719375
3287.2499635 0 387.809719375
3287.25 0 359.93839835
3652.4999635 0 359.93839835
3652.5 0 333.812457225
4017.7499635 0 333.812457225
4017.75 0 309.4182067
4382.9999635 0 309.4182067
4383 0 286.7282683
4748.2499635 0 286.7282683
4748.25 0 265.7084189
5113.4999635 0 265.7084189
5113.5 0 246.262833675
5478.7499635 0 246.262833675
5478.75 0 228.3230663925
5843.9999635 0 228.3230663925
5844 0 211.8001368925
6209.2499635 0 211.8001368925
6209.25 0 196.5845311425
6574.4999635 0 196.5845311425
6574.5 0 182.587268995
6939.7499635 0 182.587268995
6939.75 0 169.7125256675
7304.9999635 0 169.7125256675
7305 0 157.8713210125
7670.2499635 0 157.8713210125
7670.25 0 146.9609856275
8035.499963 0 146.9609856275
8035.5 0 136.9267624925
8400.749963 0 136.9267624925
8400.75 0 127.665982205
8765.999963 0 127.665982205
8766 0 119.1238877475
9131.249963 0 119.1238877475
9131.25 0 111.2457221075
9496.499963 0 111.2457221075
9496.5 0 103.9561943875
9861.749963 0 103.9561943875
9861.75 0 97.22108145
10226.999963 0 97.22108145
10227 0 90.9650924025
10592.249963 0 90.9650924025
10592.25 0 85.181382615
10957.499963 0 85.181382615
10957.5 0 79.8015058175
11322.749963 0 79.8015058175
11322.75 0 74.8117727575
11687.999963 0 74.8117727575
11688 0 70.15742642
12053.249963 0 70.15742642
12053.25 0 65.8316221775
12418.499963 0 65.8316221775
12418.5 0 61.8001368925
12783.749963 0 61.8001368925
12783.75 0 58.0219028075
13148.999963 0 58.0219028075
13149 0 54.4763860375
13514.249963 0 54.4763860375
13514.25 0 51.14989733
14609.999963 0 45.0376454475
15340.5 0 37.0362765225
16801.499963 0 30.2737850775
17897.25 0 22.6351813825
19358.249963 0 18.05320021175
20454 0 13.593429158
22280.25 0 9.54825462
24106.5 0 6.6940451745
27759 0 3.25119780975
35063.999963 0 0.814510609175
36159.749963 0 0.6570841889
36524.999963 0 0.609171800125
36890.249963 0 0.568104038325
37985.999963 0 0.45859000685
38716.499963 0 0.396988364125
42003.75 0 0.1916495551
46752 0 0.082135523615
51500.249963 0 0.03422313484
60631.5 0 0.0
89851.499963 0 0.00684462696775
89851.5 0 0.0
384242.99996 0 0.0
