0 0 429.42041615
365.2499635 0 429.42041615
365.25 0 404.446570725
730.4999635 0 404.446570725
730.5 0 380.687960975
1095.7499635 0 380.687960975
1095.75 0 357.947059875
1460.9999635 0 357.947059875
1461 0 336.038643075
1826.2499635 0 336.519507175
1826.25 0 315.289527725
2191.4999635 0 315.289527725
2191.5 0 294.7433265
2556.7499635 0 294.7433265
2556.75 0 274.92402465
2921.9999635 0 274.92402465
2922 0 255.912388775
3287.2499635 0 255.912388775
3287.25 0 237.793292265
3652.4999635 0 237.793292265
3652.5 0 220.6365503075
4017.7499635 0 220.6365503075
4017.75 0 204.4880219025
4382.9999635 0 204.4880219025
4383 0 189.356605065
4748.2499635 0 189.356605065
4748.25 0 175.249828885
5113.4999635 0 175.249828885
5113.5 0 162.14236824
5478.7499635 0 162.14236824
5478.75 0 149.97946612
5843.9999635 0 149.97946612
5844 0 138.747433265
6209.2499635 0 138.747433265
6209.25 0 128.364134155
6574.4999635 0 128.364134155
6574.5 0 118.7953456525
6939.7499635 0 118.7953456525
6939.75 0 109.9726214925
7304.9999635 0 109.9726214925
7305 0 101.8480492825
7670.2499635 0 101.8480492825
7670.25 0 94.38056126
8035.499963 0 94.38056126
8035.5 0 87.49486653
8400.749963 0 87.49486653
8400.75 0 81.163586585
8765.999963 0 81.163586585
8766 0 75.3319644075
9131.249963 0 75.3319644075
9131.25 0 69.9589322375
9496.499963 0 69.9589322375
9496.5 0 65.0171115675
9861.749963 0 65.0171115675
9861.75 0 60.45174538
10226.999963 0 60.45174538
10227 0 56.2491444225
10592.249963 0 56.2491444225
10592.25 0 52.36824093
10957.499963 0 52.36824093
10957.5 0 48.7885010275
11322.749963 0 48.7885010275
11322.75 0 45.475701575
11687.999963 0 45.475701575
11688 0 42.41615332
12053.249963 0 42.41615332
12053.25 0 39.5756331275
12418.499963 0 39.5756331275
12418.5 0 36.9609856275
13879.499963 0 30.1848049275
14975.25 0 23.18275154
16436.249963 0 19.08966461325
17532 0 14.766863944
20088.75 0 9.21286789875
24471.749963 0 4.5859000685
28489.5 0 2.039698836425
32142 0 1.01300479125
35794.499963 0 0.5338809035
37620.749963 0 0.369609856275
38716.499963 0 0.301163586575
39081.749963 0 0.280629705675
39446.999963 0 0.26694045175
42734.25 0 0.13004791239
51865.499963 0 0.0273785078725
60631.5 0 0.0
78163.499963 0 0.00684462696775
78163.5 0 0.0
384242.99996 0 0.0
