0 0 3.2646885695
365.2499635 0 3.2646885695
365.25 0 3.10632443525
730.4999635 0 3.10632443525
730.5 0 2.93772758375
1095.7499635 0 2.93772758375
1095.75 0 2.76155373025
1460.9999635 0 2.76155373025
1461 0 2.58036276525
1826.2499635 0 2.58036276525
1826.25 0 2.3966735113
2191.4999635 0 2.3966735113
2191.5 0 2.21282683095
2556.7499635 0 2.21282683095
2556.75 0 2.03095140315
2921.9999635 0 2.03095140315
2922 0 1.853025325125
3287.2499635 0 1.853025325125
3287.25 0 1.680752908975
3652.4999635 0 1.680752908975
3652.5 0 1.515633128
4017.7499635 0 1.515633128
4017.75 0 1.3589117043
4382.9999635 0 1.3589117043
4383 0 1.21156057495
4748.2499635 0 1.21156057495
4748.25 0 1.0742915811
5113.4999635 0 1.0742915811
5113.5 0 0.947529089675
5478.7499635 0 0.947529089675
5478.75 0 0.831464750175
5843.9999635 0 0.831464750175
5844 0 0.726036960975
6209.2499635 0 0.726036960975
6209.25 0 0.6310403833
6574.4999635 0 0.6310403833
6574.5 0 0.546036960975
6939.7499635 0 0.546036960975
6939.75 0 0.4705338809
7304.9999635 0 0.4705338809
7305 0 0.40389459275
7670.2499635 0 0.40389459275
7670.25 0 0.345462012325
8035.499963 0 0.345462012325
8035.5 0 0.294524298425
8400.749963 0 0.294524298425
8400.75 0 0.25036960985
8765.999963 0 0.25036960985
8766 0 0.21229979466
9131.249963 0 0.21229979466
9131.25 0 0.1796303901425
9496.499963 0 0.1796303901425
9496.5 0 0.1517453798775
9861.749963 0 0.1517453798775
9861.75 0 0.1280287474325
10227 0 0.1079603011625
10592.249963 0 0.1079603011625
10957.5 0 0.0768104038325
12418.499963 0 0.04663928816
13514.25 0 0.025318275155
15705.75 0 0.012128678987
17897.25 0 0.00681724846
20088.75 0 0.004045174538
22280.25 0 0.002429842573575
26663.25 0 0.000814510609175
31046.25 0 0.0002464065708425
38351.25 0 3.422313484e-05
45656.25 0 0.0
58074.749963 0 6.84462696775e-06
58074.75 0 0.0
384242.99996 0 0.0
