0 0 218.08109225
365.2499635 0 218.08109225
365.25 0 201.8407635375
730.4999635 0 201.8407635375
730.5 0 186.75694101
1095.7499635 0 186.9055441475
1095.75 0 172.8904859675
1460.9999635 0 172.8904859675
1461 0 159.8713210125
1826.2499635 0 159.8713210125
1826.25 0 147.7529089675
2191.4999635 0 147.7529089675
2191.5 0 136.4483230675
2556.7499635 0 136.4483230675
2556.75 0 125.8850102675
2921.9999635 0 125.8850102675
2922 0 116.01300479
3287.2499635 0 116.01300479
3287.25 0 106.8001368925
3652.4999635 0 106.8001368925
3652.5 0 98.2251882275
4017.7499635 0 98.2251882275
4017.75 0 90.2696783025
4382.9999635 0 90.2696783025
4383 0 82.915126625
4748.2499635 0 82.915126625
4748.25 0 76.1403148525
5113.4999635 0 76.1403148525
5113.5 0 69.915126625
5478.7499635 0 69.915126625
5478.75 0 64.2128678975
5843.9999635 0 64.2128678975
5844 0 58.995893225
6209.2499635 0 58.995893225
6209.25 0 54.2327173175
6574.4999635 0 54.2327173175
6574.5 0 49.8863791925
6939.7499635 0 49.8863791925
6939.75 0 45.9233401775
7304.9999635 0 45.9233401775
7305 0 42.308692675
7670.2499635 0 42.308692675
7670.25 0 39.013689255
8035.499963 0 39.013689255
8035.5 0 36.0068446275
8400.749963 0 36.0068446275
8400.75 0 33.2607802875
8765.999963 0 33.2607802875
8766 0 30.75154004
9131.249963 0 30.75154004
9131.25 0 28.45653662
9496.499963 0 28.45653662
9496.5 0 26.353867215
9861.749963 0 26.353867215
9861.75 0 24.4257357975
10226.999963 0 24.4257357975
10227 0 22.6557152635
10592.249963 0 22.6557152635
10592.25 0 21.0280629705
10957.499963 0 21.0280629705
10957.5 0 19.52977412725
11322.749963 0 19.52977412725
11322.75 0 18.149212868
11687.999963 0 18.149212868
11688 0 16.87405886375
12053.249963 0 16.87405886375
12053.25 0 15.69678302525
12418.499963 0 15.69678302525
12418.5 0 14.60643394925
12783.749963 0 14.60643394925
12783.75 0 13.5968514715
13149 0 12.6605065025
13514.249963 0 12.6605065025
13514.25 0 11.79055441475
13879.499963 0 11.79055441475
13879.5 0 10.98151950725
14244.75 0 10.22724161525
14609.999963 0 10.22724161525
15340.499963 0 8.8658453115
15705.75 0 7.674880219
17166.749963 0 6.114100345
18262.5 0 4.40411150775
20088.749963 0 3.2503666275
21549.75 0 2.1485284052
24837 0 1.00958247775
31046.25 0 0.23203285421
32872.499963 0 0.1663244353175
33237.749963 0 0.1526351813825
33602.999963 0 0.1409993155375
34333.499963 0 0.11909650924
35794.5 0 0.0800821355225
37255.5 0 0.0581793292275
43829.999963 0 0.01642710472275
50039.25 0 0.00410677618075
62823 0 0.0
81450.749963 0 0.000684462696775
81450.75 0 0.0
384242.99996 0 0.0
