0 0 99801028.285
365.2499635 0 99801028.285
365.25 0 94807760.0075
730.4999635 0 94807760.0075
730.5 0 90163970.09
1095.7499635 0 90163970.09
1095.75 0 85340177.96
1460.9999635 0 85340177.96
1461 0 80983572.895
1826.2499635 0 80983572.895
1826.25 0 76831622.1775
2191.4999635 0 76831622.1775
2191.5 0 72825462.0125
2556.7499635 0 72825462.0125
2556.75 0 68900068.4475
2921.9999635 0 68900068.4475
2922 0 65012320.3275
3287.2499635 0 65012320.3275
3287.25 0 61162902.1225
3652.4999635 0 61162902.1225
3652.5 0 57390143.7375
4017.7499635 0 57390143.7375
4017.75 0 53752908.9675
4382.9999635 0 53752908.9675
4383 0 50305270.3625
4748.2499635 0 50305270.3625
4748.25 0 47086926.7625
5113.4999635 0 47086926.7625
5113.5 0 44115674.195
5478.7499635 0 44115674.195
5478.75 0 41394934.975
5843.9999635 0 41394934.975
5844 0 38910335.3875
6209.2499635 0 38910335.3875
6209.25 0 36644763.86
6574.4999635 0 36644763.86
6574.5 0 34574264.2025
6939.7499635 0 34574264.2025
6939.75 0 32672826.83
7304.9999635 0 32672826.83
7305 0 30919917.865
7670.2499635 0 30919917.865
7670.25 0 29292950.035
8035.499963 0 29292950.035
8035.5 0 27776180.6975
8400.749963 0 27776180.6975
8400.75 0 26355920.6025
8765.999963 0 26355920.6025
8766 0 25020533.88
9131.249963 0 25020533.88
9131.25 0 23759753.5935
9496.499963 0 23759753.5935
9496.5 0 22568788.501
9861.749963 0 22568788.501
9861.75 0 21439425.05125
10226.999963 0 21439425.05125
10227 0 20369609.85625
10592.249963 0 20369609.85625
10592.25 0 19353182.7515
10957.499963 0 19353182.7515
10957.5 0 18386721.42375
11322.749963 0 18386721.42375
11322.75 0 17466119.0965
11687.999963 0 17466119.0965
11688 0 16589322.382
12053.249963 0 16589322.382
12053.25 0 15752908.9665
12418.499963 0 16199894.01825
12418.5 0 15376366.97175
12783.749963 0 15376366.97175
12783.75 0 14591307.70675
13148.999963 0 14591307.70675
13149 0 13839890.727
13514.249963 0 13839890.727
13514.25 0 13119138.472
13879.499963 0 13119138.472
13879.5 0 12424362.42175
14244.749963 0 12424362.42175
14244.75 0 11749812.92175
14609.999963 0 12687030.54275
14610 0 11976042.595
14975.249963 0 11976042.595
14975.25 0 11285350.63025
15340.499963 0 11285350.63025
15340.5 0 10617281.91525
15705.749963 0 10617281.91525
15705.75 0 9976901.58675
16070.999963 0 0.0
384242.99996 0 0.0
