0 0 96.9250752125
365.2499635 0 96.9250752125
365.25 0 101.330191245
730.4999635 0 101.330191245
730.5 0 105.43159186
1095.7499635 0 105.43159186
1095.75 0 109.5537303225
1460.9999635 0 109.5537303225
1461 0 113.20328542
1826.2499635 0 113.20328542
1826.25 0 116.5071868575
2191.4999635 0 116.5071868575
2191.5 0 119.42162902
2556.7499635 0 119.42162902
2556.75 0 121.9130732375
2921.9999635 0 121.9130732375
2922 0 123.9514031475
3287.2499635 0 123.9514031475
3287.25 0 125.503764545
3652.4999635 0 125.503764545
3652.5 0 126.5578370975
4017.7499635 0 126.5578370975
4017.75 0 127.117727585
4382.9999635 0 127.117727585
4383 0 127.1718001375
4748.2499635 0 127.1718001375
4748.25 0 126.711841205
5113.4999635 0 126.711841205
5113.5 0 125.6954141
5478.7499635 0 125.695414135
5478.75 0 124.042436735
5843.9999635 0 124.042436735
5844 0 121.68856954
6209.2499635 0 121.68856954
6209.25 0 118.6194388325
6574.4999635 0 118.6194388325
6574.5 0 114.9753594675
6939.7499635 0 114.9753594675
6939.75 0 110.9842575225
7304.9999635 0 110.9842575225
7305 0 106.8678989175
7670.2499635 0 106.8678989175
7670.25 0 102.7748120575
8035.499963 0 102.7748120575
8035.5 0 98.7939771
8400.749963 0 98.7939771
8400.75 0 94.9555104025
8765.999963 0 94.9555104025
8766 0 91.2621498225
9131.249963 0 91.2621498225
9131.25 0 87.696783795
9496.499963 0 87.696783795
9496.5 0 84.236140595
9861.749963 0 84.236140595
9861.75 0 80.8713222125
10226.999963 0 80.8713222125
10227 0 77.6002752625
10592.249963 0 77.6002752625
10592.25 0 74.4141017375
10957.499963 0 74.4141017375
10957.5 0 71.2956900775
11322.749963 0 71.2956900775
11322.75 0 68.225190865
11687.999963 0 68.225190865
11688 0 65.21218659
12053.249963 0 65.21218659
12053.25 0 62.2580461775
12418.499963 0 62.2580461775
12418.5 0 59.36619195
12783.749963 0 59.36619195
12783.75 0 56.52909482
13148.999963 0 56.52909482
13149 0 53.74880818
13514.249963 0 53.74880818
13514.25 0 51.023278645
13879.499963 0 51.023278645
13879.5 0 48.3552440675
14244.749963 0 48.3552440675
14244.75 0 45.7440199825
14609.999963 0 45.7440199825
14610 0 43.1957665525
14975.249963 0 43.1957665525
14975.25 0 40.713221625
15340.499963 0 40.713221625
15340.5 0 38.3004919725
15705.749963 0 38.3004919725
15705.75 0 35.9637377475
16070.999963 0 35.9637377475
16071 0 33.7063812575
16436.249963 0 33.7063812575
16436.25 0 31.5338981875
16801.499963 0 31.5338981875
16801.5 0 29.26419502
17166.749963 0 29.26419502
17166.75 0 27.444263295
17531.999963 0 27.444263295
17532 0 25.29639456
17897.249963 0 25.29639456
17897.25 0 23.38126959
18262.499963 0 23.38126959
18262.5 0 21.01956851225
18627.749963 0 21.01956851225
18627.75 0 19.620601107
18992.999963 0 19.620601107
18993 0 18.19223305225
19358.249963 0 18.19223305225
19358.25 0 16.81182961725
19723.499963 0 16.81182961725
19723.5 0 16.19437615075
20088.749963 0 16.19437615075
20088.75 0 14.24506948375
20453.999963 0 14.24506948375
20454 0 13.09722637675
20819.249963 0 13.09722637675
20819.25 0 12.03220310075
21184.499963 0 12.03220310075
21184.5 0 11.04041717325
21549.749963 0 11.04041717325
21549.75 0 10.1211841265
21914.999963 0 0.0
384242.99996 0 0.0
