0 0 4039.53946025
730.5 0 3637.63763225
1095.75 0 3519.8479355
1460.9999635 0 3519.8479355
1826.2499635 0 3479.10136975
2921.9999635 0 3771.8816225
3287.2499635 0 3997.90554425
3652.4999635 0 4289.7878165
3652.5 0 4633.33333325
4017.7499635 0 4633.33333325
4017.75 0 5016.42710475
4382.9999635 0 5016.42710475
4383 0 5422.51882275
4748.2499635 0 5422.51882275
4748.25 0 5831.55373025
5113.4999635 0 5831.55373025
5113.5 0 6221.49212875
5478.7499635 0 6221.49212875
5478.75 0 6570.841889
5843.9999635 0 6570.841889
5844 0 6862.01232025
6209.25 0 7082.68309375
7304.9999635 0 7292.402464
8035.499963 0 7212.07554
8765.999963 0 6864.312406
9496.499963 0 6324.77921925
9496.5 0 6006.418999
9861.749963 0 6006.418999
9861.75 0 5666.469227
10226.999963 0 5666.469227
10227 0 5311.098346
10592.249963 0 5303.96988375
10592.25 0 4938.74058875
10957.499963 0 4938.74058875
10957.5 0 4568.72005475
11322.749963 0 4568.72005475
11322.75 0 4200.34223125
11687.999963 0 4200.34223125
11688 0 3839.28815875
12053.249963 0 3839.28815875
12053.25 0 3491.17043125
12418.499963 0 3491.17043125
12418.5 0 3159.95893225
12783.749963 0 3159.95893225
12783.75 0 2848.733744
13148.999963 0 2848.733744
13149 0 2559.68514725
13514.249963 0 2559.68514725
13514.25 0 2293.497604375
13879.499963 0 2293.497604375
13879.5 0 2050.513347025
15705.75 0 1146.0643395
18262.5 0 454.2181626
23010.75 0 136.6187542775
34698.75 0 28.952772075
46386.75 0 2.39561943875
46751.999963 0 13796.9274115
46752 0 13223.7698865
47117.249963 0 13223.7698865
47117.25 0 11700.17437625
47482.499963 0 11700.17437625
47482.5 0 10646.83827275
48212.999963 0 10487.43650775
48213 0 9040.18210325
48943.499963 0 8803.60591725
48943.5 0 7857.2102475
49673.999963 0 7409.361496
49674 0 6756.3077805
50039.249963 0 6756.3077805
50039.25 0 6154.121897
50404.499963 0 6154.121897
50404.5 0 5688.41611475
51134.999963 0 5603.6713575
51135 0 5039.80174
51865.499963 0 4694.79285875
51865.5 0 3981.63400525
52961.249963 0 3892.94701725
52961.25 0 3010.43074575
53691.749963 0 3274.10891775
53691.75 0 2878.16828975
54422.249963 0 2855.45932575
54422.25 0 1916.74700095
54787.499963 0 1916.74700095
54787.5 0 2769.4521605
55152.749963 0 2769.4521605
55152.75 0 2190.3056124
56248.499963 0 1808.73421405
56248.5 0 1274.35823395
56613.749963 0 1274.35823395
56613.75 0 2082.147355375
56978.999963 0 2082.147355375
56979 0 1218.838937525
57709.499963 0 1679.198900025
57709.5 0 829.540126725
58074.749963 0 829.540126725
58074.75 0 1115.7996994
59170.499963 0 1089.502932675
59170.5 0 770.57432725
60266.249963 0 1090.219672625
60266.25 0 691.4917938
60631.5 0 497.0636397
62457.749963 0 641.704697725
62457.75 0 175.2600125025
62822.999963 0 175.2600125025
62823 0 957.9259943
63188.249963 0 957.9259943
63188.25 0 85.2973676275
63553.499963 0 85.2973676275
63553.5 0 615.339610325
64649.249963 0 98.37729491
64649.25 0 636.797052075
65014.499963 0 636.797052075
65014.5 0 72.6550230925
65744.999963 0 61.2296185125
65745 0 398.0298745
66475.499963 0 580.4770097
66475.5 0 55.50771413
67936.499963 0 35.44184182
67936.5 0 559.9074921
68301.749963 0 559.9074921
68301.75 0 46.288493255
69032.249963 0 425.16204905
69032.25 0 46.32189859
70858.499963 0 23.42311273825
70858.5 0 539.90964565
71223.749963 0 539.90964565
71223.75 0 29.142520675
71954.25 0 3.43209399275
74876.249963 0 0.00746815723525
74876.25 0 346.0042988
75241.499963 0 346.0042988
75241.5 0 42.862652995
77432.999963 0 17.14538144275
77433 0 542.6863575
77798.249963 0 542.6863575
77798.25 0 0.000421888395375
124185 0 0.0
142082.24996 0 8.5844737125e-21
384242.99996 0 0.0
