0 0 418.14607025
365.2499635 0 418.14607025
365.25 0 448.18479455
730.4999635 0 448.18479455
730.5 0 477.7501955
1095.7499635 0 477.7501955
1095.75 0 509.546739975
1460.9999635 0 509.546739975
1461 0 539.84867125
1826.2499635 0 539.84867125
1826.25 0 569.621329075
2191.4999635 0 569.621329075
2191.5 0 598.675296425
2556.7499635 0 598.675296425
2556.75 0 626.8232078
2921.9999635 0 626.8232078
2922 0 653.891373975
3287.2499635 0 653.891373975
3287.25 0 679.723884925
3652.4999635 0 679.723884925
3652.5 0 704.179874575
4017.7499635 0 704.179874575
4017.75 0 727.156086775
4382.9999635 0 727.156086775
4383 0 748.552684375
4748.2499635 0 749.260780275
4748.25 0 769.028062975
5113.4999635 0 769.028062975
5113.5 0 787.1321013
5478.7499635 0 787.1321013
5478.75 0 803.511293625
5843.9999635 0 803.511293625
5844 0 818.193018475
6209.2499635 0 818.193018475
6209.25 0 831.12936345
6574.4999635 0 831.12936345
6574.5 0 842.32032855
6939.7499635 0 842.32032855
6939.75 0 851.718001375
7304.9999635 0 851.718001375
7305 0 859.281314175
7670.25 0 864.9212868
8765.999963 0 870.198494175
10226.999963 0 856.201232025
10227 0 847.9671458
10592.249963 0 847.9671458
10592.25 0 838.1245722
10957.499963 0 838.1245722
10957.5 0 826.86516085
11322.749963 0 826.86516085
11322.75 0 814.407939775
11687.999963 0 814.407939775
11688 0 800.930869275
12053.249963 0 800.930869275
12053.25 0 786.652977425
12418.499963 0 786.652977425
12418.5 0 771.745379875
12783.749963 0 771.745379875
12783.75 0 756.379192325
13148.999963 0 756.379192325
13149 0 740.7118412
13514.249963 0 740.7118412
13514.25 0 724.852840525
13879.499963 0 724.852840525
13879.5 0 708.939082825
14244.749963 0 708.939082825
14244.75 0 693.039014375
14609.999963 0 693.039014375
14610 0 677.241615325
14975.249963 0 677.241615325
14975.25 0 661.608487325
15340.499963 0 661.608487325
15340.5 0 646.173853525
15705.749963 0 646.173853525
15705.75 0 630.985626275
16070.999963 0 630.985626275
16071 0 616.071184125
16436.249963 0 616.071184125
16436.25 0 601.464750175
16801.499963 0 601.464750175
16801.5 0 585.903611825
17166.749963 0 585.903611825
17166.75 0 573.035471
17531.999963 0 573.035471
17532 0 557.645448325
17897.249963 0 557.645448325
17897.25 0 543.43600275
18262.499963 0 543.43600275
18262.5 0 524.286306375
18992.999963 0 513.0424739
18993 0 501.21593125
19358.249963 0 501.21593125
19358.25 0 489.37619765
20088.749963 0 483.95152525
20088.75 0 466.228633125
20453.999963 0 466.228633125
20454 0 455.085494825
20819.249963 0 455.085494825
20819.25 0 444.20197595
21184.499963 0 444.20197595
21184.5 0 433.58490855
21549.749963 0 433.58490855
21549.75 0 423.213796375
21914.999963 0 423.213796375
21915 0 413.068143175
22280.249963 0 413.068143175
22280.25 0 403.1684452
22645.499963 0 403.1684452
22645.5 0 393.466877825
23010.749963 0 393.466877825
23010.75 0 383.997601525
23375.999963 0 383.997601525
23376 0 374.712791625
23741.249963 0 374.712791625
23741.25 0 365.6329444
24106.499963 0 365.6329444
24106.5 0 356.730731525
24471.749963 0 356.730731525
24471.75 0 348.012985075
24836.999963 0 348.012985075
24837 0 339.46604085
25202.249963 0 339.46604085
25202.25 0 331.0830668
25567.499963 0 331.0830668
25567.5 0 322.8640629
25932.749963 0 322.8640629
25932.75 0 314.80219705
26297.999963 0 314.80219705
26298 0 306.883805075
26663.249963 0 306.883805075
26663.25 0 299.1157191
27028.499963 0 299.1157191
27028.5 0 291.491107
27393.749963 0 291.491107
27393.75 0 283.9963046
27758.999963 0 283.9963046
27759 0 276.638144
28124.249963 0 276.638144
28124.25 0 269.4097931
28489.499963 0 269.4097931
28489.5 0 262.3044198
28854.749963 0 262.3044198
28854.75 0 255.328856225
29219.999963 0 255.328856225
29220 0 248.4694381625
30681 0 222.21371745
32142 0 197.7616684175
32872.5 0 186.1949405575
33237.75 0 180.578962825
33602.999963 0 180.578962825
33603 0 175.06546644
33968.25 0 169.6544513975
34333.499963 0 169.6544513975
34333.5 0 164.35958188
35064 0 154.084118975
37986 0 117.24549132
40908 0 87.163800375
47117.25 0 43.3632733175
54422.25 0 17.42182873175
64649.25 0 4.37936949675
82546.5 0 0.334772395225
109940.25 0 0.0
151578.74996 0 0.00683208969875
151578.75 0 0.0
384242.99996 0 0.0
