0 0 0.0028874602045
365.2499635 0 0.00625283298675
1095.7499635 0 0.011616961566
1095.75 0 0.015535093577
1460.9999635 0 0.015535093577
1461 0 0.02010957216675
1826.2499635 0 0.02010957216675
1826.25 0 0.0255038301775
2191.4999635 0 0.0255038301775
2191.5 0 0.0317524750225
2556.7499635 0 0.0317524750225
2556.75 0 0.03887623418
2921.9999635 0 0.03887623418
2922 0 0.04688229755
3287.2499635 0 0.04688229755
3287.25 0 0.0557645708325
3652.4999635 0 0.0557645708325
3652.5 0 0.0655040178975
4017.7499635 0 0.0655040178975
4017.75 0 0.076068866205
4382.9999635 0 0.076068866205
4383 0 0.0874118678
4748.2499635 0 0.0874118678
4748.25 0 0.099464341955
5113.4999635 0 0.099464341955
5113.5 0 0.11212994393
5478.7499635 0 0.11212994393
5478.75 0 0.125291307065
5843.9999635 0 0.125291307065
5844 0 0.1388247649675
6209.2499635 0 0.1388247649675
6209.25 0 0.152619113755
6574.4999635 0 0.152619113755
6574.5 0 0.16658259653
6939.7499635 0 0.16658259653
6939.75 0 0.180642629475
7304.9999635 0 0.180642629475
7305 0 0.1947355305625
7670.2499635 0 0.1947355305625
7670.25 0 0.2088106280725
8035.499963 0 0.2088106280725
8035.5 0 0.222819989295
8400.749963 0 0.222819989295
8400.75 0 0.236715681525
8765.999963 0 0.236715681525
8766 0 0.2504504568
9131.249963 0 0.2504504568
9131.25 0 0.2638658453
9496.499963 0 0.2638658453
9496.5 0 0.277117727575
9861.749963 0 0.277117727575
9861.75 0 0.2899760438
10226.999963 0 0.2899760438
10227 0 0.3021854894
10592.249963 0 0.3021854894
10592.25 0 0.313347022575
10957.499963 0 0.313347022575
10957.5 0 0.322993839825
11322.749963 0 0.322993839825
11322.75 0 0.330731690625
11687.999963 0 0.330731690625
11688 0 0.336295687875
12418.499963 0 0.339585900075
12783.749963 0 0.340631759075
13514.249963 0 0.33656605065
13514.25 0 0.331861738525
13879.499963 0 0.331861738525
13879.5 0 0.325678987
14244.749963 0 0.325678987
14244.75 0 0.318268309375
14609.999963 0 0.318268309375
14610 0 0.309828884325
14975.249963 0 0.309828884325
14975.25 0 0.30059548255
15340.499963 0 0.30059548255
15340.5 0 0.29072553045
15705.749963 0 0.29072553045
15705.75 0 0.28041752225
16070.999963 0 0.28041752225
16071 0 0.269801505825
16436.249963 0 0.269801505825
16436.25 0 0.259028062975
16801.499963 0 0.259028062975
16801.5 0 0.2472038311025
17166.749963 0 0.2472038311025
17166.75 0 0.2372930888175
17531.999963 0 0.2372930888175
17532 0 0.2252566735125
17897.249963 0 0.2252566735125
17897.25 0 0.2141835199
18262.499963 0 0.2141835199
18262.5 0 0.1998735857675
18627.749963 0 0.1998735857675
18627.75 0 0.1910823724375
18992.999963 0 0.1910823724375
18993 0 0.181906892475
19358.249963 0 0.181906892475
19358.25 0 0.1728193338475
20088.749963 0 0.1686898212525
20088.75 0 0.1553676322975
20453.999963 0 0.1553676322975
20454 0 0.147224631555
20819.249963 0 0.147224631555
20819.25 0 0.139437758685
21184.499963 0 0.139437758685
21184.5 0 0.1320207109125
21549.749963 0 0.1320207109125
21549.75 0 0.1249392451725
21914.999963 0 0.1249392451725
21915 0 0.11820705869
22280.249963 0 0.11820705869
22280.25 0 0.11181045424
22645.499963 0 0.11181045424
22645.5 0 0.1057288859825
23010.749963 0 0.1057288859825
23010.75 0 0.0999692025325
23375.999963 0 0.0999692025325
23376 0 0.0944971608225
23741.249963 0 0.0944971608225
23741.25 0 0.089312760855
24106.499963 0 0.089312760855
24106.5 0 0.08441600263
24471.749963 0 0.08441600263
24471.75 0 0.0797726430825
24836.999963 0 0.0797726430825
24837 0 0.0753758336
25202.249963 0 0.0753758336
25202.25 0 0.0712187255675
25567.499963 0 0.0712187255675
25567.5 0 0.0672876217625
25932.749963 0 0.0672876217625
25932.75 0 0.0635688249575
26297.999963 0 0.0635688249575
26298 0 0.0600554865375
26663.249963 0 0.0600554865375
26663.25 0 0.0567270606675
27028.499963 0 0.0567270606675
27028.5 0 0.053583547345
27393.749963 0 0.053583547345
27393.75 0 0.0506112493475
27758.999963 0 0.0506112493475
27759 0 0.0477964694425
28854.749963 0 0.0426120694775
29585.25 0 0.03582509409
30680.999963 0 0.03188029306
31411.5 0 0.026702741705
33603 0 0.0185597409645
35794.5 0 0.012731571385
38351.25 0 0.0080813632245
40908 0 0.00505427632175
46386.75 0 0.00180118519325
51865.5 0 0.000630072387
62823 0 7.53347419225e-05
76337.25 0 0.0
95330.249963 0 6.848612902e-06
95330.25 0 0.0
384242.99996 0 0.0
